Device	Device	Device	Device	Device	Device	Device	Device	Device	Device	Device	Device	Device	Device	Device	Device	Device	Device	Device	Device	Device	
Low Noise Accelerometer X	Low Noise Accelerometer X	Low Noise Accelerometer Z	Low Noise Accelerometer Z	Low Noise Accelerometer Y	Low Noise Accelerometer Y	Event_Marker	Timestamp	Timestamp	Magnetometer Z	Magnetometer Z	Magnetometer X	Magnetometer X	Magnetometer Y	Magnetometer Y	Gyroscope Y	Gyroscope Y	Gyroscope Z	Gyroscope Z	Gyroscope X	Gyroscope X	
CAL	UNCAL	CAL	UNCAL	CAL	UNCAL	CAL	UNCAL	CAL	CAL	UNCAL	CAL	UNCAL	CAL	UNCAL	CAL	UNCAL	CAL	UNCAL	CAL	UNCAL	
m/(s^2)	no units	m/(s^2)	no units	m/(s^2)	no units	no units	no units	ms	local_flux	no units	local_flux	no units	local_flux	no units	deg/s	no units	deg/s	no units	deg/s	no units	
9.944964632047247	1979.0	-0.7416320333704113	2119.0	0.6147374875807751	1246.0	0.0	32212.0	983.0322265625	-0.2475	422.0	0.7651821862348178	-32.0	0.7327935222672065	-555.0	-1.330478666462762	-239.0	2.119828058984313	-146.0	2.537693600522328	-52.0	
10.017116287789612	1984.0	-0.6693236019912373	2113.0	0.5566642089103605	1240.0	0.0	32852.0	1002.5634765625	-0.2475	422.0	0.7651821862348178	-32.0	0.7327935222672065	-555.0	4.863128918794923	-161.0	1.0227562224629256	-90.0	1.3298531568233711	-457.0	
9.886682644407195	1988.0	-0.6174498449949285	2109.0	0.5082045765321251	1251.0	0.0	33492.0	1022.0947265625	-0.24	425.0	0.757085020242915	-36.0	0.7550607287449392	-566.0	1.9727787123413367	-272.0	2.1518356212014025	-157.0	3.0443816368626204	-268.0	
10.09970868983498	1990.0	-0.743416730787642	2119.0	0.48371911372838006	1233.0	0.0	34132.0	1041.6259765625	-0.24	425.0	0.757085020242915	-36.0	0.7550607287449392	-566.0	1.7280929805780703	-262.0	2.2400599208317176	-162.0	2.8918190432776743	-252.0	
10.076525504868197	2000.0	-0.6807828465134584	2114.0	0.3642580318533526	1235.0	0.0	34772.0	1061.1572265625	-0.24	425.0	0.757085020242915	-36.0	0.7550607287449392	-566.0	2.6303716164551156	-273.0	1.6639597812406577	-127.0	3.0548473621211376	-311.0	
10.0999609248627	1997.0	-0.7181932280158385	2117.0	0.399888756736503	1233.0	0.0	35412.0	1080.6884765625	-0.2425	424.0	0.7732793522267206	-28.0	0.7631578947368421	-570.0	3.6855788346842027	-307.0	0.9397878343317965	-83.0	3.569318087028296	-380.0	
10.206587419558902	1991.0	-0.7698294726814421	2121.0	0.47221145341665893	1224.0	0.0	36052.0	1100.2197265625	-0.2425	424.0	0.7732793522267206	-28.0	0.7631578947368421	-570.0	-1.3916500994035788	-344.0	2.5368244775930884	-174.0	4.153034348811531	-48.0	
10.383177349619004	1995.0	-0.9679793238140926	2137.0	0.42182158461026964	1209.0	0.0	36692.0	1119.7509765625	-0.2425	424.0	0.7732793522267206	-28.0	0.7631578947368421	-570.0	-11.469643676403122	-196.0	6.161799327037837	-382.0	1.9183005159034918	611.0	
10.859762167909187	1997.0	-0.9285451138434195	2133.0	0.40327973145041623	1169.0	0.0	37332.0	1139.2822265625	-0.2425	424.0	0.7732793522267206	-28.0	0.7631578947368421	-570.0	-15.919865422847531	-74.0	10.649727113035487	-661.0	0.09115278747222996	902.0	
11.07026750590884	1995.0	-0.116106551973301	2066.0	0.4457299416099838	1152.0	0.0	37972.0	1158.8134765625	-0.2575	418.0	0.7834008097165992	-23.0	0.7469635627530364	-562.0	-3.211500229392874	68.0	11.885869932905988	-773.0	-2.0754024637828015	71.0	
10.663529037991236	2007.0	-0.3137628675432448	2083.0	0.29313111736639685	1186.0	0.0	38612.0	1178.3447265625	-0.2575	418.0	0.7834008097165992	-23.0	0.7469635627530364	-562.0	12.647193760513842	-202.0	13.301936309126187	-909.0	2.081768787673125	-966.0	
9.814086735426306	2019.0	-0.7341836002265254	2119.0	0.13164996643406993	1257.0	0.0	39252.0	1197.8759765625	-0.2575	418.0	0.7834008097165992	-23.0	0.7469635627530364	-562.0	11.377886526991896	-306.0	15.73613774134616	-1065.0	3.701937102440315	-883.0	
9.75602928307819	2012.0	-0.5875478826571838	2107.0	0.21833945565956595	1262.0	0.0	39892.0	1217.4072265625	-0.2675	414.0	0.7995951417004049	-15.0	0.742914979757085	-560.0	4.129071723505123	-323.0	17.361574880526295	-1152.0	3.9790476960202397	-409.0	
9.850888557804016	2017.0	-0.6254299338840319	2110.0	0.15828944352686555	1254.0	0.0	40532.0	1236.9384765625	-0.2675	414.0	0.7995951417004049	-15.0	0.742914979757085	-560.0	3.670285976448999	-195.0	17.245756342496872	-1142.0	2.0137956023999575	-379.0	
9.685125554774697	2031.0	-0.5350635701494011	2103.0	-0.010235558023915743	1268.0	0.0	41172.0	1256.4697265625	-0.2675	414.0	0.7995951417004049	-15.0	0.742914979757085	-560.0	2.1562930111637866	-103.0	15.244029559305837	-1007.0	0.5820858380205557	-280.0	
9.856628806654795	2026.0	-0.05140504880623345	2063.0	0.061393608777170275	1254.0	0.0	41812.0	1276.0009765625	-0.2675	414.0	0.7995951417004049	-15.0	0.742914979757085	-560.0	0.1529285823520416	-144.0	13.22608884389899	-871.0	1.1910302608496084	-149.0	
10.043176691016555	2035.0	-0.44423566024924305	2095.0	-0.05303125954783134	1238.0	0.0	42452.0	1295.5322265625	-0.2675	414.0	0.8036437246963563	-13.0	0.7125506072874495	-545.0	4.81725034408931	-342.0	12.086312940289556	-811.0	4.217840266122246	-454.0	
9.625614909077184	2032.0	-0.5337471875196962	2103.0	-0.022852529599381104	1273.0	0.0	43092.0	1315.0634765625	-0.2675	414.0	0.8036437246963563	-13.0	0.7125506072874495	-545.0	8.992200642300046	-377.0	10.621981885864122	-727.0	4.740253883612362	-727.0	
9.377611963312798	2029.0	-0.33404176395816465	2087.0	0.014806127727458682	1294.0	0.0	43732.0	1334.5947265625	-0.2675	414.0	0.8036437246963563	-13.0	0.7125506072874495	-545.0	3.884385991741857	-283.0	11.255975607042217	-754.0	3.3042123569604027	-393.0	
9.473197834713325	2030.0	-0.2992641477151945	2084.0	0.0044093459952389965	1286.0	0.0	44372.0	1354.1259765625	-0.2625	416.0	0.8319838056680162	1.0	0.6862348178137652	-532.0	-1.6669215476372536	-233.0	10.8858294585546	-715.0	2.5332867125692813	-30.0	
9.722540501844799	2032.0	-0.36499743456784245	2089.0	-0.018508278612667895	1265.0	0.0	45012.0	1373.6572265625	-0.2625	416.0	0.8319838056680162	1.0	0.6862348178137652	-532.0	0.21410001529285827	-221.0	9.33588903517916	-619.0	2.3336535044380278	-153.0	
9.386842116603422	2037.0	-0.6015026253721659	2109.0	-0.08683633013658981	1293.0	0.0	45652.0	1393.1884765625	-0.2625	416.0	0.8319838056680162	1.0	0.6862348178137652	-532.0	8.869857776418414	-198.0	6.224694276189754	-439.0	1.949618432711261	-719.0	
8.827434339294241	2040.0	-0.5898994039094114	2109.0	-0.12834292179367954	1340.0	0.0	46292.0	1412.7197265625	-0.265	415.0	0.8360323886639677	3.0	0.6619433198380567	-520.0	8.548707753479126	-88.0	4.131878144643818	-301.0	0.24079706900206194	-698.0	
8.780308855604845	2037.0	-0.5405430109441021	2105.0	-0.09168247045801431	1344.0	0.0	46932.0	1432.2509765625	-0.265	415.0	0.8360323886639677	3.0	0.6619433198380567	-520.0	-4.434928888209207	-66.0	3.7624659026226976	-243.0	-0.10047569389689719	151.0	
9.530655410068771	2045.0	-0.5058875645515407	2101.0	-0.17987143815419854	1281.0	0.0	47572.0	1451.7822265625	-0.265	415.0	0.8360323886639677	3.0	0.6619433198380567	-520.0	-7.539379109955651	-31.0	2.3846918674672932	-145.0	-0.6513103622828229	354.0	
9.553982175426317	2053.0	-0.5541634097493792	2105.0	-0.2769892295732545	1279.0	0.0	48212.0	1471.3134765625	-0.265	415.0	0.8360323886639677	3.0	0.6619433198380567	-520.0	6.973543355253097	-189.0	-1.1884860322948003	48.0	1.7373862767032913	-595.0	
9.042286511099478	2040.0	-0.5332536519569897	2104.0	-0.12506148503657874	1322.0	0.0	48852.0	1490.8447265625	-0.2575	418.0	0.8259109311740891	-2.0	0.6619433198380567	-520.0	14.834072488148037	-379.0	-4.808118765747311	261.0	4.616641844412499	-1109.0	
9.007182891080852	2035.0	-0.47218708239098506	2099.0	-0.06395022599002323	1325.0	0.0	49492.0	1510.3759765625	-0.2575	418.0	0.8259109311740891	-2.0	0.6619433198380567	-520.0	7.600550542896468	-271.0	-4.563759277074489	265.0	2.9618812042217364	-636.0	
9.400454732332658	2040.0	-0.43071724292460745	2095.0	-0.11942907464359928	1292.0	0.0	50132.0	1529.9072265625	-0.2575	418.0	0.8259109311740891	-2.0	0.6619433198380567	-520.0	1.513992965285212	-154.0	-3.733283766903932	228.0	1.174881371322828	-238.0	
9.55530503608467	2038.0	-0.42187734391402715	2094.0	-0.0936073880836989	1279.0	0.0	50772.0	1549.4384765625	-0.2525	420.0	0.8279352226720648	-1.0	0.6700404858299596	-524.0	2.27863587704542	-160.0	-3.9801169534621894	242.0	1.2644799414059948	-288.0	
9.46033590238555	2043.0	-0.3949811900164611	2092.0	-0.15426012019816043	1287.0	0.0	51412.0	1568.9697265625	-0.2525	420.0	0.8279352226720648	-1.0	0.6700404858299596	-524.0	3.6549931182137945	-56.0	-4.37296541960796	265.0	-0.3352748437004528	-378.0	
9.555184338084333	2039.0	-0.43394714394772227	2095.0	-0.10589818383546051	1279.0	0.0	52052.0	1588.5009765625	-0.2525	420.0	0.8279352226720648	-1.0	0.6700404858299596	-524.0	-2.1410001529285827	-52.0	-3.294596057688849	210.0	-0.38586908471376136	1.0	
9.80477442289817	2044.0	-0.4749386625638615	2098.0	-0.16446307721506662	1258.0	0.0	52692.0	1608.0322265625	-0.2525	420.0	0.8279352226720648	-1.0	0.6700404858299596	-524.0	-7.233521945251568	49.0	-1.7680587560244987	125.0	-1.9203965611677332	334.0	
9.934969078952593	2044.0	-0.5507111523599133	2104.0	-0.16467658045044345	1247.0	0.0	53332.0	1627.5634765625	-0.265	415.0	0.8178137651821863	-6.0	0.6842105263157895	-531.0	-12.907172350512312	-28.0	-0.5224418786378379	58.0	-0.7264151507182489	705.0	
10.601248359967663	2036.0	-0.5894497175194101	2106.0	-0.062403016774807946	1191.0	0.0	53972.0	1647.0947265625	-0.265	415.0	0.8178137651821863	-6.0	0.6842105263157895	-531.0	-20.201865728704696	2.0	1.3119906468134452	-42.0	-1.1684053352074832	1182.0	
11.053660322561605	2036.0	-0.5863486962205885	2105.0	-0.05781687672289211	1153.0	0.0	54612.0	1666.6259765625	-0.265	415.0	0.8178137651821863	-6.0	0.6842105263157895	-531.0	-18.48906560636183	-14.0	1.1179849340274137	-34.0	-0.9248336538053451	1070.0	
11.15945277028249	2046.0	-0.7213896384176451	2116.0	-0.17994169880046773	1144.0	0.0	55252.0	1686.1572265625	-0.28250000000000003	408.0	0.8218623481781376	-4.0	0.6842105263157895	-531.0	-19.69720140694296	-107.0	1.2750822775925417	-42.0	0.5037742998359224	1149.0	
11.483382731217153	2051.0	-0.47125068780838975	2095.0	-0.2319405840343577	1117.0	0.0	55892.0	1705.6884765625	-0.28250000000000003	408.0	0.8218623481781376	-4.0	0.6842105263157895	-531.0	-38.323902737421626	-218.0	3.7564461904255992	-156.0	2.2318256250161173	2367.0	
11.895779288748024	2081.0	0.292214589088015	2032.0	-0.573993096053651	1083.0	0.0	56532.0	1725.2197265625	-0.28250000000000003	408.0	0.8218623481781376	-4.0	0.6842105263157895	-531.0	-60.69735433552532	7.0	12.49921749892145	-664.0	-1.1332554849770278	3830.0	
11.926339239404903	2123.0	0.9672572738237932	1977.0	-1.0662107392379088	1081.0	0.0	57172.0	1744.7509765625	-0.325	391.0	0.8299595141700405	0.0	0.6923076923076923	-535.0	-87.23046337360454	-139.0	21.72057318544177	-1196.0	1.1992526859744115	5565.0	
14.38006974500652	2171.0	-0.08826359458621627	2060.0	-1.641097104562141	874.0	0.0	57812.0	1764.2822265625	-0.325	391.0	0.8299595141700405	0.0	0.6923076923076923	-535.0	-119.49839424988531	-815.0	33.68932130438783	-1897.0	11.691811120056308	7675.0	
16.02380187872861	2196.0	-1.19124069856778	2148.0	-1.9479241445816597	735.0	0.0	58452.0	1783.8134765625	-0.325	391.0	0.8299595141700405	0.0	0.6923076923076923	-535.0	-98.39424988530357	-1715.0	33.845325993886725	-1971.0	25.503406459263715	6295.0	
14.766893307235039	2223.0	-1.8820978479246462	2207.0	-2.29961157810301	840.0	0.0	59092.0	1803.3447265625	-0.325	391.0	0.8299595141700405	0.0	0.6923076923076923	-535.0	-53.494418106744156	-2459.0	34.642365864063386	-2147.0	36.92767269961041	3359.0	
14.13300086907793	2207.0	-2.1761035683974552	2232.0	-2.119059532556688	893.0	0.0	59732.0	1822.8759765625	-0.44	345.0	0.8319838056680162	1.0	0.6578947368421053	-518.0	-46.474996176785446	-3295.0	34.387157113206065	-2157.0	49.75310895029426	2900.0	
14.206955768807317	2191.0	-1.9234707383157958	2211.0	-1.9204962426204113	887.0	0.0	60372.0	1842.4072265625	-0.44	345.0	0.8319838056680162	1.0	0.6578947368421053	-518.0	-47.209053372075246	-3583.0	38.89425775014593	-2451.0	54.217391250203626	2948.0	
14.129448840605614	2193.0	-2.531306415629033	2261.0	-1.9575244109908618	893.0	0.0	61012.0	1861.9384765625	-0.44	345.0	0.8319838056680162	1.0	0.6578947368421053	-518.0	-29.07172350512311	-3852.0	40.32700621010603	-2594.0	58.35938483883883	1762.0	
12.418246780669095	2176.0	-3.4134171711857455	2336.0	-1.7874593695929275	1036.0	0.0	61652.0	1881.4697265625	-0.52	313.0	0.8502024291497976	10.0	0.6032388663967612	-491.0	1.7892644135188869	-4308.0	32.57820844493008	-2175.0	65.27898140929203	-256.0	
11.44125915637547	2161.0	-3.493131981500799	2344.0	-1.6181006504759	1118.0	0.0	62292.0	1901.0009765625	-0.52	313.0	0.8502024291497976	10.0	0.6032388663967612	-491.0	0.4434928888209207	-4186.0	27.34440709086482	-1830.0	63.35461638946013	-168.0	
11.844975356939297	2170.0	-3.597702401308529	2352.0	-1.7245886318061752	1084.0	0.0	62932.0	1920.5322265625	-0.52	313.0	0.8502024291497976	10.0	0.6032388663967612	-491.0	-7.401743385838814	-3749.0	22.880309946443766	-1515.0	56.60443605941534	345.0	
10.883066789424023	2161.0	-3.3599877242643275	2334.0	-1.6210196890006847	1165.0	0.0	63572.0	1940.0634765625	-0.52	313.0	0.8502024291497976	10.0	0.6032388663967612	-491.0	-0.1529285823520416	-3350.0	12.25424420455842	-839.0	50.37572642240465	-129.0	
9.849004157493711	2145.0	-3.194822345866947	2322.0	-1.4352859234146909	1252.0	0.0	64212.0	1959.5947265625	-0.59	285.0	0.8704453441295547	20.0	0.52834008097166	-454.0	4.4196360299740025	-2682.0	3.914409103281186	-302.0	40.04221298776444	-428.0	
8.986713873179951	2145.0	-2.519088872481064	2268.0	-1.4303941567901108	1325.0	0.0	64852.0	1979.1259765625	-0.59	285.0	0.8704453441295547	20.0	0.52834008097166	-454.0	10.353265025233217	-1960.0	-1.133963690369981	18.0	28.913012058661746	-816.0	
8.575501851774733	2151.0	-1.9736243463361243	2224.0	-1.4958861431077701	1360.0	0.0	65492.0	1998.6572265625	-0.59	285.0	0.8704453441295547	20.0	0.52834008097166	-454.0	15.797522556965898	-1689.0	-0.9256150536697659	-7.0	24.756740473676903	-1172.0	
9.43681932606777	2153.0	-2.7466388217945106	2286.0	-1.5268296434161766	1287.0	0.0	596.0	2018.1884765625	-0.605	279.0	0.8704453441295547	20.0	0.49190283400809715	-436.0	19.360758525768468	-1834.0	1.0013991531841908	-143.0	27.000960746173554	-1405.0	
9.633806752396197	2162.0	-3.2859914270469224	2330.0	-1.6440805561976992	1270.0	0.0	1236.0	2037.7197265625	-0.605	279.0	0.8704453441295547	20.0	0.49190283400809715	-436.0	29.576387826884847	-2087.0	5.060545446097766	-436.0	30.92370657460829	-2073.0	
8.77795009364756	2176.0	-3.1573715876250317	2321.0	-1.8187414247919285	1342.0	0.0	1876.0	2057.2509765625	-0.605	279.0	0.8704453441295547	20.0	0.49190283400809715	-436.0	46.474996176785446	-2109.0	7.195963329824594	-619.0	31.282639393924303	-3178.0	
8.770200833442113	2183.0	-2.7418214176934494	2287.0	-1.8948452633929418	1343.0	0.0	2516.0	2076.7822265625	-0.5875	286.0	0.9008097165991903	35.0	0.4392712550607287	-410.0	62.45603303257379	-2053.0	8.14959103880377	-722.0	30.4328845861591	-4223.0	
9.453265803948991	2181.0	-2.292467224148427	2249.0	-1.8549311442748038	1286.0	0.0	3156.0	2096.3134765625	-0.5875	286.0	0.9008097165991903	35.0	0.4392712550607287	-410.0	64.00061171432941	-2349.0	14.04087615646064	-1112.0	35.03376460014064	-4324.0	
8.608566853487353	2184.0	-2.238552746502886	2246.0	-1.8984444225397625	1357.0	0.0	3796.0	2115.8447265625	-0.5875	286.0	0.9008097165991903	35.0	0.4392712550607287	-410.0	58.709282764948775	-2393.0	19.644386749127246	-1463.0	35.7649569870248	-3978.0	
8.657038080225528	2191.0	-2.1533348345901935	2239.0	-1.9805927014317173	1353.0	0.0	4436.0	2135.3759765625	-0.5875	286.0	0.9008097165991903	35.0	0.4392712550607287	-410.0	46.49028903502065	-2091.0	18.841311493521005	-1376.0	31.12289216971502	-3179.0	
8.853475710230375	2213.0	-1.5571908817244693	2190.0	-2.2317656870382097	1337.0	0.0	5076.0	2154.9072265625	-0.5625	296.0	0.9331983805668016	51.0	0.39068825910931176	-386.0	47.01024621501759	-1602.0	17.711227575672545	-1299.0	23.608138821713457	-3213.0	
8.310835557367927	2207.0	-1.0593014060645505	2150.0	-2.15494514242713	1383.0	0.0	5716.0	2174.4384765625	-0.5625	296.0	0.9331983805668016	51.0	0.39068825910931176	-386.0	51.689860834990064	-1602.0	17.370254599323413	-1289.0	23.604729091949963	-3519.0	
8.778685057732218	2207.0	-0.7029227982068591	2120.0	-2.1431390752663333	1344.0	0.0	6356.0	2193.9697265625	-0.5625	296.0	0.9331983805668016	51.0	0.39068825910931176	-386.0	50.87933934852425	-1377.0	16.099072012295064	-1202.0	20.139508443001578	-3466.0	
8.788640603361198	2210.0	-0.8978444257848657	2136.0	-2.1830825306748562	1343.0	0.0	6996.0	2213.5009765625	-0.5225	312.0	0.9615384615384616	65.0	0.3684210526315789	-375.0	57.56231839730846	-1157.0	15.434874165402224	-1174.0	16.75708005974517	-3903.0	
8.731569208733529	2212.0	-0.6526029361709603	2116.0	-2.2028448003710235	1348.0	0.0	7636.0	2233.0322265625	-0.5225	312.0	0.9615384615384616	65.0	0.3684210526315789	-375.0	65.4228475302034	-925.0	15.817450646571	-1217.0	13.200985615871879	-4417.0	
8.658155612028946	2236.0	0.33937072670406754	2035.0	-2.472896089586593	1355.0	0.0	8276.0	2252.5634765625	-0.5225	312.0	0.9615384615384616	65.0	0.3684210526315789	-375.0	73.29866952133355	-325.0	14.61014147116572	-1153.0	3.9822223292428833	-4932.0	
8.303123130131848	2208.0	0.5504082512801121	2018.0	-2.1348762663236815	1385.0	0.0	8916.0	2272.0947265625	-0.5225	312.0	0.9615384615384616	65.0	0.3684210526315789	-375.0	79.7675485548249	-261.0	14.961079392081864	-1192.0	3.003684754332051	-5355.0	
8.597725411476103	2182.0	0.24873162380083813	2042.0	-1.8247107640116316	1360.0	0.0	9556.0	2291.6259765625	-0.4475	342.0	1.008097165991903	88.0	0.3522267206477733	-367.0	78.2994341642453	-76.0	15.094324684597687	-1195.0	0.16628773050410178	-5259.0	
8.755153729343366	2195.0	0.5153729343366692	2020.0	-1.9744301606463388	1347.0	0.0	10196.0	2311.1572265625	-0.4475	342.0	1.008097165991903	88.0	0.3522267206477733	-367.0	76.55604832543203	214.0	17.654080717836585	-1354.0	-4.258014970019732	-5145.0	
8.927323096714739	2237.0	1.0656430048071441	1975.0	-2.467727161948758	1333.0	0.0	10836.0	2330.6884765625	-0.4475	342.0	1.008097165991903	88.0	0.3522267206477733	-367.0	76.58663404190244	599.0	20.83421206173891	-1557.0	-10.133839864958796	-5147.0	
8.538235678009048	2265.0	1.4426154199525882	1945.0	-2.8014279854232673	1366.0	0.0	11476.0	2350.2197265625	-0.3725	372.0	1.0465587044534412	107.0	0.2834008097165992	-333.0	71.2953050925218	701.0	24.64519948445851	-1790.0	-11.66086732386034	-4801.0	
8.178837594382072	2256.0	1.2170927715406046	1964.0	-2.701098684288018	1396.0	0.0	12116.0	2369.7509765625	-0.3725	372.0	1.0465587044534412	107.0	0.2834008097165992	-333.0	57.92934699495336	738.0	26.123684600775125	-1851.0	-12.213828368047796	-3927.0	
9.158019460735852	2271.0	1.5162317878709974	1938.0	-2.866046976864137	1314.0	0.0	12756.0	2389.2822265625	-0.3725	372.0	1.0465587044534412	107.0	0.2834008097165992	-333.0	43.01881021562931	900.0	30.390130476581177	-2088.0	-14.65697026190597	-2952.0	
9.481880510132726	2320.0	1.7594795847009759	1918.0	-3.448304856216701	1287.0	0.0	13396.0	2408.8134765625	-0.295	403.0	1.0789473684210527	123.0	0.27530364372469635	-329.0	43.630524545037474	1209.0	33.16622129920306	-2267.0	-19.37065480404035	-2992.0	
9.39782648438359	2315.0	1.6874103431209784	1924.0	-3.3903458174503713	1294.0	0.0	14036.0	2428.3447265625	-0.295	403.0	1.0789473684210527	123.0	0.27530364372469635	-329.0	51.41458938675639	1149.0	34.04537951253148	-2345.0	-18.44119420241957	-3501.0	
9.15189226533367	2309.0	2.093988438128859	1891.0	-3.3123844411142063	1315.0	0.0	14676.0	2447.8759765625	-0.295	403.0	1.0789473684210527	123.0	0.27530364372469635	-329.0	50.03823214558802	1098.0	33.72346633359558	-2321.0	-17.661844667644555	-3411.0	
9.535097497646865	2320.0	2.3192735742101376	1872.0	-3.4365768065513764	1283.0	0.0	15316.0	2467.4072265625	-0.295	403.0	1.0789473684210527	123.0	0.27530364372469635	-329.0	44.97629606973544	1259.0	35.88859524191159	-2447.0	-20.110655247519507	-3080.0	
9.507155304204398	2326.0	1.9060066109157918	1906.0	-3.5174107243781942	1285.0	0.0	15956.0	2486.9384765625	-0.23500000000000001	427.0	1.105263157894737	136.0	0.2368421052631579	-310.0	44.21165315797523	1369.0	39.089100861225326	-2652.0	-21.76654339372011	-3030.0	
10.228308124777971	2313.0	1.4022410492255792	1946.0	-3.3636480013821664	1224.0	0.0	16596.0	2506.4697265625	-0.23500000000000001	427.0	1.105263157894737	136.0	0.2368421052631579	-310.0	45.9397461385533	1391.0	43.468384927703774	-2941.0	-22.060329193534077	-3143.0	
10.494714007492073	2349.0	1.8523531301595515	1909.0	-3.785716640695382	1202.0	0.0	17236.0	2526.0009765625	-0.23500000000000001	427.0	1.105263157894737	136.0	0.2368421052631579	-310.0	48.203089157363515	1892.0	47.37680969322269	-3196.0	-29.708831258599464	-3291.0	
9.889187277931692	2375.0	2.013965888407182	1897.0	-4.1017926648742264	1253.0	0.0	17876.0	2545.5322265625	-0.17500000000000002	451.0	1.1174089068825912	142.0	0.17408906882591094	-279.0	55.97186114084723	2486.0	47.46484122135553	-3216.0	-38.82257423624433	-3799.0	
8.292676536293346	2368.0	1.886701248382288	1910.0	-4.035965715693517	1387.0	0.0	18516.0	2565.0634765625	-0.17500000000000002	451.0	1.1174089068825912	142.0	0.17408906882591094	-279.0	58.28108273436306	2776.0	47.340072592662395	-3211.0	-43.273722183387484	-3950.0	
8.494064490105465	2387.0	1.7874013914987907	1918.0	-4.264853495943668	1370.0	0.0	19156.0	2584.5947265625	-0.17500000000000002	451.0	1.1174089068825912	142.0	0.17408906882591094	-279.0	44.15048172503441	2973.0	51.288460683916476	-3429.0	-46.25710158312554	-3026.0	
8.69603228570521	2446.0	2.9365619038543387	1824.0	-4.950693981234535	1354.0	0.0	19796.0	2604.1259765625	-0.17500000000000002	451.0	1.1174089068825912	142.0	0.17408906882591094	-279.0	33.8278024162716	3373.0	59.69914514700325	-3945.0	-52.31078820174464	-2351.0	
8.991921033251158	2476.0	2.763531896544379	1838.0	-5.312641477037805	1329.0	0.0	20436.0	2623.6572265625	-0.105	479.0	1.1356275303643726	151.0	0.07692307692307693	-231.0	38.24743844624561	3060.0	60.65866868372928	-4022.0	-47.49836958138429	-2640.0	
8.485804473796378	2476.0	2.151875951066321	1889.0	-5.329935761541915	1371.0	0.0	21076.0	2643.1884765625	-0.105	479.0	1.1356275303643726	151.0	0.07692307692307693	-231.0	48.43248203089158	2969.0	59.176076546377985	-3953.0	-46.116847489868434	-3306.0	
8.342020084403146	2492.0	2.059151297457464	1897.0	-5.525999182845373	1383.0	0.0	21716.0	2662.7197265625	-0.105	479.0	1.1356275303643726	151.0	0.07692307692307693	-231.0	50.17586786970485	2787.0	55.89461677939346	-3746.0	-43.35696606175954	-3420.0	
8.00699213054128	2511.0	3.0801654350802887	1814.0	-5.737844842282137	1412.0	0.0	22356.0	2682.2509765625	-0.055	499.0	1.131578947368421	149.0	-0.024291497975708502	-181.0	46.45970331855024	2782.0	52.197303647373204	-3496.0	-43.31721677478912	-3177.0	
7.216226426698548	2538.0	2.57502362223585	1857.0	-6.081156540396731	1478.0	0.0	22996.0	2701.7822265625	-0.055	499.0	1.131578947368421	149.0	-0.024291497975708502	-181.0	52.59213947086711	2704.0	46.41838804594882	-3137.0	-42.17813620546962	-3578.0	
7.757598178404377	2503.0	1.950294030913972	1907.0	-5.666550667718159	1432.0	0.0	23636.0	2721.3134765625	-0.055	499.0	1.131578947368421	149.0	-0.024291497975708502	-181.0	55.08487536320539	2300.0	42.96523095064159	-2923.0	-36.01349637854024	-3741.0	
7.631413051760518	2492.0	2.427019461766085	1868.0	-5.525747889885627	1443.0	0.0	24276.0	2740.8447265625	0.0125	526.0	1.1032388663967612	135.0	-0.08906882591093118	-149.0	60.16210429729317	2443.0	37.41623444376923	-2574.0	-38.26324750672082	-4073.0	
6.7567243577389196	2485.0	3.053388154844303	1818.0	-5.437630053566688	1517.0	0.0	24916.0	2760.3759765625	0.0125	526.0	1.1032388663967612	135.0	-0.08906882591093118	-149.0	68.02263343018811	2396.0	33.280217249426386	-2326.0	-37.58341694673238	-4587.0	
6.834691697008661	2497.0	2.5167887484851246	1862.0	-5.592160681554187	1510.0	0.0	25556.0	2779.9072265625	0.0125	526.0	1.1032388663967612	135.0	-0.08906882591093118	-149.0	71.49411224957946	2632.0	34.51570318246707	-2413.0	-41.192360230719444	-4814.0	
6.753516358222541	2453.0	2.7325882032064555	1844.0	-5.05853596391991	1517.0	0.0	26196.0	2799.4384765625	0.0125	526.0	1.1032388663967612	135.0	-0.08906882591093118	-149.0	66.58510475607892	2588.0	38.18133359431818	-2639.0	-40.48054664564344	-4493.0	
6.903472941975178	2501.0	3.4425322927559696	1786.0	-5.6211507693034415	1505.0	0.0	26836.0	2818.9697265625	0.08750000000000001	556.0	1.0748987854251013	121.0	-0.15182186234817813	-118.0	54.79431105673651	2890.0	42.359863064571684	-2877.0	-45.07279541569463	-3722.0	
5.769128055658245	2532.0	3.103281756300682	1816.0	-6.012773204799331	1600.0	0.0	27476.0	2838.5009765625	0.08750000000000001	556.0	1.0748987854251013	121.0	-0.15182186234817813	-118.0	50.45113931793853	3577.0	47.00710049639124	-3161.0	-55.56798331450824	-3438.0	
5.509000613267829	2547.0	3.281013707735178	1802.0	-6.192542731760811	1622.0	0.0	28116.0	2858.0322265625	0.08750000000000001	556.0	1.0748987854251013	121.0	-0.15182186234817813	-118.0	40.893102920935924	3168.0	53.540438229790205	-3565.0	-49.226756121001166	-2813.0	
5.257727982467301	2562.0	3.1537506276825273	1813.0	-6.378323611236135	1643.0	0.0	28756.0	2877.5634765625	0.1225	570.0	1.048582995951417	108.0	-0.21862348178137653	-85.0	31.64092368863741	3201.0	51.393114993907844	-3401.0	-49.75459731407811	-2208.0	
5.207830057779172	2585.0	2.9258629207743194	1832.0	-6.660488778356119	1647.0	0.0	29396.0	2897.0947265625	0.1225	570.0	1.048582995951417	108.0	-0.21862348178137653	-85.0	15.614008258143448	2903.0	48.85074051477777	-3197.0	-45.20736492874819	-1160.0	
5.286860796661519	2569.0	2.4956034756757473	1867.0	-6.475532575531918	1640.0	0.0	30036.0	2916.6259765625	0.1225	570.0	1.048582995951417	108.0	-0.21862348178137653	-85.0	16.684508334607738	3004.0	42.79418253317558	-2805.0	-46.817723358034826	-1230.0	
5.089771941714167	2577.0	3.024813219035643	1824.0	-6.563304811382868	1657.0	0.0	30676.0	2936.1572265625	0.1225	570.0	1.048582995951417	108.0	-0.21862348178137653	-85.0	23.092215935158283	2868.0	42.07099283268973	-2776.0	-44.7381054775347	-1649.0	
4.892770564806796	2593.0	2.3722945759176244	1878.0	-6.771096282351651	1673.0	0.0	31316.0	2955.6884765625	0.14	577.0	1.04251012145749	105.0	-0.2834008097165992	-53.0	30.341030738645056	3353.0	38.2717769177283	-2543.0	-52.2181722108749	-2123.0	
4.6934597680635095	2578.0	2.6793101396842363	1853.0	-6.586226187477488	1690.0	0.0	31956.0	2975.2197265625	0.14	577.0	1.04251012145749	105.0	-0.2834008097165992	-53.0	38.033338430952746	3203.0	34.34201462173826	-2309.0	-49.95579728511606	-2626.0	
4.221574945768438	2531.0	3.1098755292247326	1818.0	-6.016068667668664	1730.0	0.0	32596.0	2994.7509765625	0.14	577.0	1.04251012145749	105.0	-0.2834008097165992	-53.0	40.66371004740787	2843.0	31.920611170192277	-2162.0	-44.45599720270655	-2798.0	
4.337967376555491	2573.0	2.8443567031681503	1840.0	-6.5262392162674665	1720.0	0.0	33236.0	3014.2822265625	0.1525	582.0	1.01417004048583	91.0	-0.39068825910931176	0.0	25.61553754396697	2826.0	33.19662085806987	-2206.0	-44.18238088363965	-1814.0	
4.333584914116876	2578.0	2.4061104593065905	1876.0	-6.595288929624506	1720.0	0.0	33876.0	3033.8134765625	0.1525	582.0	1.01417004048583	91.0	-0.39068825910931176	0.0	9.833307845236275	3342.0	31.338437836237784	-2039.0	-52.11871628145042	-782.0	
4.883943717319198	2515.0	2.6800860176340437	1852.0	-5.825269685847621	1674.0	0.0	34516.0	3053.3447265625	0.1525	582.0	1.01417004048583	91.0	-0.39068825910931176	0.0	5.627771830555131	2985.0	37.01968544169785	-2401.0	-46.58392313944523	-507.0	
4.704528856918594	2530.0	1.4052666442403883	1957.0	-6.033283113485766	1688.0	0.0	35156.0	3072.8759765625	0.14	577.0	0.9979757085020243	83.0	-0.39473684210526316	2.0	13.901208135800582	3104.0	35.8611000949126	-2346.0	-48.42150254822995	-1048.0	
4.442874756662149	2492.0	1.4303328090720033	1955.0	-5.577567005890492	1710.0	0.0	35796.0	3092.4072265625	0.14	577.0	0.9979757085020243	83.0	-0.39473684210526316	2.0	18.04557271754091	3333.0	38.268294725746856	-2511.0	-51.911317359632214	-1319.0	
3.6148480237100085	2508.0	1.9609928471913107	1913.0	-5.768005156794977	1780.0	0.0	36436.0	3111.9384765625	0.14	577.0	0.9979757085020243	83.0	-0.39473684210526316	2.0	13.365958097568436	3056.0	42.042808376257426	-2747.0	-47.6231502498265	-1013.0	
3.762263489261171	2507.0	1.2263489261170655	1973.0	-5.769175687789866	1767.0	0.0	37076.0	3131.4697265625	0.14	577.0	0.9979757085020243	83.0	-0.39473684210526316	2.0	9.756843554060255	2693.0	37.87100672139826	-2470.0	-42.09482069847576	-777.0	
2.9852226687936474	2529.0	0.9032192603171149	2001.0	-6.048468930274396	1832.0	0.0	37716.0	3151.0009765625	0.125	571.0	0.9736842105263158	71.0	-0.46153846153846156	35.0	18.274965591068973	2417.0	36.34979676854253	-2396.0	-37.874955308361834	-1334.0	
3.3719907686062007	2563.0	1.4847911463343844	1953.0	-6.442608365772792	1800.0	0.0	38356.0	3170.5322265625	0.125	571.0	0.9736842105263158	71.0	-0.46153846153846156	35.0	15.659886832849061	2405.0	30.838588858676104	-2031.0	-37.745933583563	-1163.0	
3.2352102118750143	2625.0	2.0924497589299906	1904.0	-7.1788109508954205	1812.0	0.0	38996.0	3190.0634765625	0.125	571.0	0.9736842105263158	71.0	-0.46153846153846156	35.0	24.00978742927053	2053.0	25.390365191614443	-1702.0	-32.39915757257366	-1709.0	
2.7085306333405423	2685.0	1.8054442864351952	1929.0	-7.912709422395722	1856.0	0.0	39636.0	3209.5947265625	0.12	569.0	0.9311740890688259	50.0	-0.5263157894736842	67.0	12.57072946933782	2124.0	27.689079839233905	-1821.0	-33.465628765824334	-961.0	
2.8189577785277624	2697.0	2.133873090871502	1902.0	-8.049614888108136	1847.0	0.0	40276.0	3229.1259765625	0.12	569.0	0.9311740890688259	50.0	-0.5263157894736842	67.0	-9.925064994647501	1699.0	34.66051772348786	-2220.0	-26.874508832278703	510.0	
3.670929218875192	2696.0	1.616731411328716	1943.0	-8.039389814524434	1775.0	0.0	40916.0	3248.6572265625	0.12	569.0	0.9311740890688259	50.0	-0.5263157894736842	67.0	-19.804251414589388	1370.0	32.77496429609893	-2075.0	-21.845029243029497	1156.0	
3.1218860503131936	2738.0	1.474319317033673	1956.0	-8.553752584481495	1821.0	0.0	41556.0	3268.1884765625	0.12	569.0	0.9311740890688259	50.0	-0.5263157894736842	67.0	12.968343783453129	881.0	27.620890393706436	-1830.0	-14.393117473230346	-987.0	
1.9109981140037973	2725.0	1.8140971146654319	1930.0	-8.402439401867857	1923.0	0.0	42196.0	3287.7197265625	0.105	563.0	0.9291497975708503	49.0	-0.5688259109311741	88.0	12.1272365805169	329.0	26.35476208296394	-1751.0	-5.935623777052822	-932.0	
2.495972663511531	2768.0	1.9782187321054778	1916.0	-8.911379513180606	1874.0	0.0	42836.0	3307.2509765625	0.105	563.0	0.9291497975708503	49.0	-0.5688259109311741	88.0	1.498700107050008	185.0	26.219442306445025	-1716.0	-3.727371328048025	-237.0	
2.313496495537211	2735.0	1.5877447918163374	1948.0	-8.52342339222035	1889.0	0.0	43476.0	3326.7822265625	0.105	563.0	0.9291497975708503	49.0	-0.5688259109311741	88.0	9.206300657592905	-534.0	24.370447200146835	-1623.0	7.2868224710808	-741.0	
1.6272107163269414	2759.0	2.0067859184084496	1915.0	-8.811062053986634	1947.0	0.0	44116.0	3346.3134765625	0.1125	566.0	0.9129554655870445	41.0	-0.6234817813765182	115.0	18.259672732833767	64.0	20.116495263446637	-1364.0	-1.9317182758448952	-1333.0	
1.2740657819605463	2780.0	2.4065781960546366	1883.0	-9.059609705970145	1977.0	0.0	44756.0	3365.8447265625	0.1125	566.0	0.9129554655870445	41.0	-0.6234817813765182	115.0	3.731457409389815	276.0	14.16252930453148	-937.0	-5.244288470956527	-383.0	
2.59968554549091	2772.0	1.6352212157576589	1944.0	-8.965395105772107	1865.0	0.0	45396.0	3385.3759765625	0.1125	566.0	0.9129554655870445	41.0	-0.6234817813765182	115.0	-6.055971861140848	207.0	10.928933653268793	-702.0	-4.217855055058536	257.0	
2.52948432713535	2767.0	1.7579565230587864	1934.0	-8.903401447954217	1871.0	0.0	46036.0	3404.9072265625	0.1125	566.0	0.888663967611336	29.0	-0.6356275303643725	121.0	5.612478972319927	418.0	10.617661598732754	-710.0	-7.458653827468251	-506.0	
2.402024513286666	2811.0	2.1072132334284945	1906.0	-9.427811393813021	1882.0	0.0	46676.0	3424.4384765625	0.1125	566.0	0.888663967611336	29.0	-0.6356275303643725	121.0	0.764642911760208	523.0	6.597970274812153	-435.0	-9.110021524810573	-189.0	
2.7195721966060433	2780.0	1.7191244225091178	1937.0	-9.0589037172946	1855.0	0.0	47316.0	3443.9697265625	0.1125	566.0	0.888663967611336	29.0	-0.6356275303643725	121.0	7.1111790793699345	36.0	2.3780942124478326	-182.0	-1.6794567439273862	-604.0	
2.5788898251314256	2740.0	1.9366015607616245	1919.0	-8.574033287400923	1867.0	0.0	47956.0	3463.5009765625	0.1125	566.0	0.888663967611336	29.0	-0.6356275303643725	121.0	15.094051078146506	567.0	1.094393986578487	-114.0	-9.840214568650405	-1126.0	
1.9243221002486561	2792.0	1.9560195486751495	1919.0	-9.206696628987865	1922.0	0.0	48596.0	3483.0322265625	0.115	567.0	0.8785425101214575	24.0	-0.6174089068825911	112.0	5.994800428200032	534.0	0.7611324593064792	-69.0	-9.337179223205002	-531.0	
2.8591950458435833	2750.0	1.3956950605488025	1963.0	-8.7025302929089	1843.0	0.0	49236.0	3502.5634765625	0.115	567.0	0.8785425101214575	24.0	-0.6174089068825911	112.0	-15.354029668144978	262.0	1.0349425756310038	-34.0	-5.160741567031783	865.0	
3.3778965129924337	2746.0	0.884889394481481	2004.0	-8.65936662047442	1799.0	0.0	49876.0	3522.0947265625	0.115	567.0	0.8785425101214575	24.0	-0.6174089068825911	112.0	-8.67105061936076	212.0	0.19089236813420507	3.0	-4.401957886200505	428.0	
3.238822958621358	2726.0	1.2632482430882062	1973.0	-8.412226323624312	1811.0	0.0	50516.0	3541.6259765625	0.1075	564.0	0.8765182186234818	23.0	-0.6417004048582996	124.0	4.067900290564307	-66.0	-1.9301006197818626	105.0	-0.15740135912094277	-405.0	
3.2169505909495477	2711.0	1.456963856859505	1957.0	-8.227847843459339	1813.0	0.0	51156.0	3561.1572265625	0.1075	564.0	0.8765182186234818	23.0	-0.6417004048582996	124.0	7.187643370545956	-98.0	-6.074153131429959	366.0	0.2921815928225733	-609.0	
