Device	Device	Device	Device	Device	Device	Device	Device	Device	Device	Device	Device	Device	Device	Device	Device	Device	Device	Device	Device	Device	
Low Noise Accelerometer X	Low Noise Accelerometer X	Low Noise Accelerometer Z	Low Noise Accelerometer Z	Low Noise Accelerometer Y	Low Noise Accelerometer Y	Event_Marker	Timestamp	Timestamp	Magnetometer Z	Magnetometer Z	Magnetometer X	Magnetometer X	Magnetometer Y	Magnetometer Y	Gyroscope Y	Gyroscope Y	Gyroscope Z	Gyroscope Z	Gyroscope X	Gyroscope X	
CAL	UNCAL	CAL	UNCAL	CAL	UNCAL	CAL	UNCAL	CAL	CAL	UNCAL	UNCAL	CAL	CAL	UNCAL	UNCAL	CAL	CAL	UNCAL	UNCAL	CAL	
m/(s^2)	no units	m/(s^2)	no units	m/(s^2)	no units	no units	no units	ms	local_flux	no units	no units	local_flux	local_flux	no units	no units	deg/s	deg/s	no units	no units	deg/s	
10.670677919746895	1971.0	0.4011253080227142	2024.0	0.7412353094543088	1186.0	0.0	4547.0	138.763427734375	-0.27	413.0	27.0	0.8846153846153846	-0.5668016194331984	87.0	214.0	-31.075087933934856	-2.6040994827734467	243.0	1893.0	-4.460596772025832	
10.752915453809281	1986.0	0.29154538092816606	2033.0	0.5591431946867766	1179.0	0.0	5187.0	158.294677734375	-0.27	413.0	27.0	0.8846153846153846	-0.5668016194331984	87.0	143.0	-23.26043737574553	-4.450238114229052	342.0	1382.0	-3.3895998186135197	
10.44050288648995	1965.0	0.0026696013759991144	2057.0	0.803253601615311	1205.0	0.0	5827.0	177.825927734375	-0.2975	402.0	28.0	0.8866396761133604	-0.5445344129554656	76.0	-99.0	-14.29882244991589	-6.014730827687362	418.0	796.0	0.3081202995181241	
10.179237375633956	1946.0	0.06659470625282077	2052.0	1.0308351112548901	1227.0	0.0	6467.0	197.357177734375	-0.2975	402.0	28.0	0.8866396761133604	-0.5445344129554656	76.0	-235.0	-12.983636641688333	-6.165102965001718	423.0	710.0	2.393466355649968	
10.403295614003051	1934.0	-0.1466290758852323	2069.0	1.1733895312488318	1208.0	0.0	7107.0	216.888427734375	-0.2975	402.0	28.0	0.8866396761133604	-0.5445344129554656	76.0	-248.0	-5.031350359382169	-6.5005379045603515	424.0	190.0	2.5895902938100055	
10.317525320849763	1921.0	-0.3903250578810832	2089.0	1.3242844147014783	1215.0	0.0	7747.0	236.419677734375	-0.2925	404.0	37.0	0.9048582995951417	-0.5323886639676113	70.0	-496.0	16.57745832696131	-9.525392432134083	562.0	-1223.0	6.364773695749244	
9.67743704011919	1886.0	-0.11343884522398032	2067.0	1.7451080031352664	1269.0	0.0	8387.0	255.950927734375	-0.2925	404.0	37.0	0.9048582995951417	-0.5323886639676113	70.0	-711.0	32.60437375745527	-12.383453224779293	704.0	-2271.0	9.635257074319647	
8.99714691928372	1864.0	-0.2853080716278379	2082.0	1.9999279583626903	1326.0	0.0	9027.0	275.482177734375	-0.2925	404.0	37.0	0.9048582995951417	-0.5323886639676113	70.0	-734.0	31.27389509099251	-13.94874291329593	809.0	-2184.0	9.972527301571352	
8.723628987783329	1858.0	-0.2561488407146887	2080.0	2.070065120292455	1349.0	0.0	9667.0	295.013427734375	-0.2925	404.0	37.0	0.9048582995951417	-0.5323886639676113	70.0	-499.0	9.863893561706684	-13.194798949887327	818.0	-784.0	6.374113081546087	
9.712266747056008	1866.0	-0.20189672297061453	2074.0	1.9846509980713885	1266.0	0.0	10307.0	314.544677734375	-0.265	415.0	40.0	0.9109311740890689	-0.5344129554655871	71.0	-145.0	-2.3398073099862366	-12.3293907571086	797.0	14.0	0.9508199484976575	
9.950689488892142	1874.0	-0.1691463488809935	2071.0	1.8913046908028677	1246.0	0.0	10947.0	334.075927734375	-0.265	415.0	40.0	0.9109311740890689	-0.5344129554655871	71.0	37.0	1.6210429729316411	-12.53678831283589	802.0	-245.0	-1.8439500528383483	
9.8665219911607	1876.0	-0.25256278869174426	2078.0	1.8646983014871696	1253.0	0.0	11587.0	353.607177734375	-0.265	415.0	40.0	0.9109311740890689	-0.5344129554655871	71.0	111.0	-1.6516286894020493	-11.517840236810276	745.0	-31.0	-2.969252362779335	
9.818300590777568	1874.0	-0.31279806510028085	2083.0	1.887107767497336	1257.0	0.0	12227.0	373.138427734375	-0.2775	410.0	43.0	0.917004048582996	-0.5040485829959515	56.0	116.0	-13.060100932864353	-8.15382548513931	556.0	715.0	-3.01233463355325	
10.569985662272245	1880.0	-0.1442909156326596	2068.0	1.8257056045751294	1194.0	0.0	12867.0	392.669677734375	-0.2775	410.0	43.0	0.917004048582996	-0.5040485829959515	56.0	268.0	-15.399908242850591	-3.5765151320266044	266.0	868.0	-5.298923046057109	
10.450125506556553	1894.0	-0.2255445824399975	2075.0	1.654207230886645	1204.0	0.0	13507.0	412.200927734375	-0.2775	410.0	43.0	0.917004048582996	-0.5040485829959515	56.0	282.0	-5.383086098791865	-0.6220049842080421	48.0	213.0	-5.484200715792671	
9.88767860118486	1904.0	-0.5178541672284481	2100.0	1.5222546424263157	1251.0	0.0	14147.0	431.732177734375	-0.2775	410.0	43.0	0.917004048582996	-0.5040485829959515	56.0	246.0	1.330478666462762	0.7958340044925428	-62.0	-226.0	-4.9176209142131695	
9.626807701411007	1909.0	-0.41446795413730164	2092.0	1.4614726938349785	1273.0	0.0	14787.0	451.263427734375	-0.28750000000000003	406.0	44.0	0.9190283400809717	-0.5020242914979757	55.0	88.0	-3.670285976448999	1.879064667165339	-121.0	101.0	-2.4823601896027063	
9.51879933357588	1881.0	-0.5010190233644103	2099.0	1.7960109863624465	1282.0	0.0	15427.0	470.794677734375	-0.28750000000000003	406.0	44.0	0.9190283400809717	-0.5020242914979757	55.0	-122.0	-4.129071723505123	1.2499656358771725	-81.0	131.0	0.7336903882906424	
9.375482079811597	1880.0	-0.5470301140781944	2103.0	1.8057057847816123	1294.0	0.0	16067.0	490.325927734375	-0.28750000000000003	406.0	44.0	0.9190283400809717	-0.5020242914979757	55.0	18.0	-3.6244074017433863	0.35917998337568446	-23.0	98.0	-1.4234451803718593	
9.591927412347983	1887.0	-0.33106828901126206	2085.0	1.7278521252107244	1276.0	0.0	16707.0	509.857177734375	-0.2925	404.0	44.0	0.9190283400809717	-0.5323886639676113	70.0	17.0	-4.236121731151552	-2.215847447070521	146.0	138.0	-1.4338509710181966	
9.59069514128151	1876.0	-0.4542953956585109	2095.0	1.8579053808490424	1276.0	0.0	17347.0	529.388427734375	-0.2925	404.0	44.0	0.9190283400809717	-0.5323886639676113	70.0	-61.0	0.9940357852882705	-4.328827759778976	269.0	-204.0	-0.25811104881153846	
9.148705859945501	1862.0	-0.6056044816402661	2108.0	2.019134005111228	1313.0	0.0	17987.0	548.919677734375	-0.2925	404.0	44.0	0.9190283400809717	-0.5323886639676113	70.0	-62.0	-1.1928429423459246	-4.549129003081599	289.0	-61.0	-0.24496957758643975	
9.207864046332709	1872.0	-0.6421667953004672	2111.0	1.8985124129910527	1308.0	0.0	18627.0	568.450927734375	-0.295	403.0	41.0	0.9129554655870445	-0.5425101214574899	75.0	210.0	-15.965743997553144	-2.6553209375772298	207.0	905.0	-4.39973105194137	
9.614007454602996	1872.0	-0.5040164444622334	2099.0	1.9053368540905202	1274.0	0.0	19267.0	587.982177734375	-0.295	403.0	41.0	0.9129554655870445	-0.5425101214574899	75.0	219.0	-21.669980119284297	-2.6411233933201954	221.0	1278.0	-4.537689429421923	
10.137477564918239	1880.0	-0.5379577938904364	2101.0	1.813507186036434	1230.0	0.0	19907.0	607.513427734375	-0.295	403.0	41.0	0.9129554655870445	-0.5425101214574899	75.0	128.0	-8.625172044655146	-4.653373864326702	317.0	425.0	-3.161463921242623	
9.397203641074617	1871.0	-0.7558263687287803	2120.0	1.9101808102409898	1292.0	0.0	20547.0	627.044677734375	-0.295	403.0	41.0	0.9129554655870445	-0.5425101214574899	75.0	-104.0	8.533414895243922	-8.451386519701368	517.0	-697.0	0.3604761608886086	
9.159268508585184	1863.0	-0.739815808148326	2119.0	2.0045072122963794	1312.0	0.0	21187.0	646.575927734375	-0.295	403.0	38.0	0.9068825910931174	-0.5263157894736842	67.0	-6.0	3.4714788193913444	-8.156989677942544	512.0	-366.0	-1.140339269190044	
9.101567128556388	1848.0	-0.5575728586470174	2104.0	2.188297949052383	1317.0	0.0	21827.0	666.107177734375	-0.295	403.0	38.0	0.9068825910931174	-0.5263157894736842	67.0	75.0	-6.606514757608197	-7.618436767312248	504.0	293.0	-2.377856916391858	
9.897811712988586	1852.0	-0.6950191773317195	2114.0	2.145318697438673	1250.0	0.0	22467.0	685.638427734375	-0.295	403.0	38.0	0.9068825910931174	-0.5263157894736842	67.0	178.0	-13.350665239333233	-6.56385894341842	454.0	734.0	-3.947792954939785	
9.849475636286808	1856.0	-0.7667220856048328	2120.0	2.0952085074218556	1254.0	0.0	23107.0	705.169677734375	-0.3025	400.0	38.0	0.9068825910931174	-0.5303643724696356	69.0	97.0	-0.5964214711729623	-9.147420720291677	588.0	-100.0	-2.730725396400401	
9.456336536398721	1860.0	-0.7949177886992784	2123.0	2.0425204312767486	1287.0	0.0	23747.0	724.700927734375	-0.3025	400.0	38.0	0.9068825910931174	-0.5303643724696356	69.0	59.0	4.174950298210736	-10.113122368931595	638.0	-412.0	-2.1572920338780532	
9.420869618042747	1857.0	-0.7701810528681832	2121.0	2.078805075123064	1290.0	0.0	24387.0	744.232177734375	-0.3025	400.0	38.0	0.9068825910931174	-0.5303643724696356	69.0	1.0	-4.3278788805627775	-8.24387103895667	538.0	144.0	-1.2486194684070595	
9.707492082207928	1849.0	-0.6793632077788517	2113.0	2.1798731988351765	1266.0	0.0	25027.0	763.763427734375	-0.3025	400.0	38.0	0.9068825910931174	-0.5303643724696356	69.0	24.0	-10.888515063465363	-6.07073481230828	414.0	573.0	-1.5798112302774485	
10.040529089760199	1861.0	-0.7089957858849402	2115.0	2.038032604095566	1238.0	0.0	25667.0	783.294677734375	-0.3075	398.0	39.0	0.9089068825910931	-0.48380566801619435	46.0	84.0	-6.117143294081664	-5.529471421642832	367.0	261.0	-2.495067615858288	
9.885181541970782	1855.0	-0.7675600886361852	2120.0	2.1075969991891528	1251.0	0.0	26307.0	802.825927734375	-0.3075	398.0	39.0	0.9089068825910931	-0.48380566801619435	46.0	-148.0	4.801957485854107	-7.170721445168569	443.0	-453.0	1.0484400925914323	
9.610307028394566	1836.0	-0.8740590653054511	2129.0	2.331633937170608	1274.0	0.0	26947.0	822.357177734375	-0.3075	398.0	39.0	0.9089068825910931	-0.48380566801619435	46.0	-244.0	5.0925217923229855	-7.966107627360253	493.0	-472.0	2.5135566619495067	
9.719870018198014	1839.0	-0.6320457992461894	2109.0	2.3014252540765745	1265.0	0.0	27587.0	841.888427734375	-0.315	395.0	39.0	0.9089068825910931	-0.5121457489878543	60.0	-178.0	-2.7221287658663407	-5.890025481167224	379.0	39.0	1.521581561975193	
10.159287307100461	1843.0	-0.7379359566205664	2117.0	2.255508852733774	1228.0	0.0	28227.0	861.419677734375	-0.315	395.0	39.0	0.9089068825910931	-0.5121457489878543	60.0	-220.0	-3.318550237039303	-4.242259700247392	273.0	78.0	2.1825275334256378	
9.75327904886657	1854.0	-0.8625713038192209	2128.0	2.1164259427255345	1262.0	0.0	28867.0	880.950927734375	-0.315	395.0	39.0	0.9089068825910931	-0.5121457489878543	60.0	-195.0	1.6363358311668452	-3.3753305419266395	204.0	-246.0	1.8075847335557225	
9.623447691149497	1852.0	-0.75046898028826	2119.0	2.1414660611611516	1273.0	0.0	29507.0	900.482177734375	-0.305	399.0	47.0	0.9251012145748988	-0.4736842105263158	41.0	-203.0	-1.7128001223428662	-2.258240442862442	140.0	-27.0	1.9415115038113635	
9.826886306631005	1853.0	-0.644702670232763	2110.0	2.133567580745992	1256.0	0.0	30147.0	920.013427734375	-0.305	399.0	47.0	0.9251012145748988	-0.4736842105263158	41.0	-247.0	-3.6855788346842027	-1.094057614641312	69.0	102.0	2.6283106130510707	
9.765923671920435	1863.0	-0.788585188908871	2122.0	2.009598376314521	1261.0	0.0	30787.0	939.544677734375	-0.305	399.0	47.0	0.9251012145748988	-0.4736842105263158	41.0	-262.0	0.24468573176326658	-0.80751330661991	40.0	-155.0	2.861343311003158	
9.492409353429057	1860.0	-0.7590646570942507	2120.0	2.043598222079152	1284.0	0.0	31427.0	959.075927734375	-0.305	399.0	47.0	0.9251012145748988	-0.4736842105263158	41.0	-279.0	4.282000305857165	-1.4176386569293378	69.0	-419.0	3.1160982796881873	
9.49372619240572	1840.0	-0.6273807594280171	2109.0	2.287208923843931	1284.0	0.0	32067.0	978.607177734375	-0.31	397.0	47.0	0.9251012145748988	-0.5	54.0	-313.0	2.263343018810216	-1.680492679954233	91.0	-287.0	3.635182183834185	
9.601094940149014	1843.0	-0.6047916993840946	2107.0	2.252589814208989	1275.0	0.0	32707.0	998.138427734375	-0.31	397.0	47.0	0.9251012145748988	-0.5	54.0	-213.0	0.061171432940816645	-1.6385945182166537	95.0	-143.0	2.1011527996390704	
9.696303061176133	1834.0	-0.6077891204819177	2107.0	2.3619156819370626	1267.0	0.0	33347.0	1017.669677734375	-0.31	397.0	47.0	0.9251012145748988	-0.5	54.0	-238.0	-0.16822144058724578	-0.9565041822930287	51.0	-128.0	2.4915857944514292	
9.635819605457895	1837.0	-0.7037537399247161	2115.0	2.3232469766777712	1272.0	0.0	33987.0	1037.200927734375	-0.3075	398.0	52.0	0.9352226720647774	-0.47975708502024295	44.0	-170.0	-1.0857929346994954	0.10575512682401353	-15.0	-68.0	1.458783498790106	
9.706264628486807	1842.0	-0.8021085798908059	2123.0	2.2617433662533166	1266.0	0.0	34627.0	1056.732177734375	-0.3075	398.0	52.0	0.9352226720647774	-0.47975708502024295	44.0	-90.0	-2.293928735280624	1.027669891845326	-71.0	11.0	0.24044395379032682	
9.788970502514482	1841.0	-0.8648545104564576	2128.0	2.273363699153365	1259.0	0.0	35267.0	1076.263427734375	-0.3075	398.0	52.0	0.9352226720647774	-0.47975708502024295	44.0	-165.0	-4.434928888209207	1.1633169660506029	-75.0	151.0	1.3926366988917478	
10.052537705731245	1848.0	-0.6986103792563054	2114.0	2.1949869044119454	1237.0	0.0	35907.0	1095.794677734375	-0.3075	398.0	52.0	0.9352226720647774	-0.47975708502024295	44.0	-211.0	-8.502829178773514	1.8419031186579335	-109.0	417.0	2.1052688086915663	
10.623617296073569	1856.0	-0.7335084878812134	2116.0	2.103614195974196	1189.0	0.0	36547.0	1115.325927734375	-0.3125	396.0	51.0	0.9331983805668016	-0.49190283400809715	50.0	-304.0	-5.597186114084723	3.372536842452937	-217.0	227.0	3.5476121261351325	
10.492084122988398	1858.0	-0.7915877011602215	2121.0	2.077040894435595	1200.0	0.0	37187.0	1134.857177734375	-0.3125	396.0	51.0	0.9331983805668016	-0.49190283400809715	50.0	-473.0	0.48937146352653316	4.641240380091188	-317.0	-171.0	6.153516899734624	
10.576391588101588	1871.0	-0.6941745231745966	2113.0	1.923205726622343	1193.0	0.0	37827.0	1154.388427734375	-0.3125	396.0	51.0	0.9331983805668016	-0.49190283400809715	50.0	-458.0	-5.979507569964827	6.963286359943028	-451.0	252.0	5.946570104661269	
11.446603115626559	1869.0	-0.5777836754394027	2102.0	1.9583320443944656	1120.0	0.0	38467.0	1173.919677734375	-0.3175	394.0	35.0	0.9008097165991903	-0.5647773279352227	86.0	-539.0	-15.889279706377124	9.039088010797919	-561.0	900.0	7.210231297477936	
12.145821883008558	1891.0	-0.894002175334651	2127.0	1.6939396211065252	1061.0	0.0	39107.0	1193.450927734375	-0.3175	394.0	35.0	0.9008097165991903	-0.5647773279352227	86.0	-475.0	-12.555436611102616	12.007089982173179	-762.0	682.0	6.257864363071694	
12.55680696044916	1899.0	-1.4621610979410966	2173.0	1.5903007512601275	1026.0	0.0	39747.0	1212.982177734375	-0.3175	394.0	35.0	0.9008097165991903	-0.5647773279352227	86.0	-528.0	2.7985930570423614	15.19927472406155	-1010.0	-322.0	7.103043844371198	
11.914097045128647	1914.0	-1.4474383442782244	2173.0	1.4034452156139146	1080.0	0.0	40387.0	1232.513427734375	-0.3175	394.0	39.0	0.9089068825910931	-0.5445344129554656	76.0	-565.0	8.426364887597492	20.50556536134541	-1370.0	-690.0	7.723852646094658	
11.895084533551145	1909.0	0.22273906940026678	2036.0	1.496899602627131	1083.0	0.0	41027.0	1252.044677734375	-0.3175	394.0	39.0	0.9089068825910931	-0.5445344129554656	76.0	-364.0	3.8385074170362445	24.02675346373965	-1585.0	-390.0	4.674823311835494	
12.270759019269141	1906.0	0.8854257364378681	1981.0	1.5500546591383162	1052.0	0.0	41667.0	1271.575927734375	-0.3175	394.0	39.0	0.9089068825910931	-0.5445344129554656	76.0	-303.0	10.873222205230158	25.923432432101475	-1726.0	-850.0	3.757776598373493	
11.225167451817232	1933.0	-0.10230243732462266	2064.0	1.19454297516927	1139.0	0.0	42307.0	1291.107177734375	-0.3175	394.0	39.0	0.9089068825910931	-0.5445344129554656	76.0	-279.0	29.0411377886527	29.230217014198494	-1988.0	-2038.0	3.4225768363994655	
10.872929590430072	1934.0	-0.8022790522307804	2122.0	1.1649728714861913	1168.0	0.0	42947.0	1310.638427734375	-0.28750000000000003	406.0	29.0	0.888663967611336	-0.5728744939271255	90.0	-277.0	11.515522251108733	34.238077427072476	-2268.0	-892.0	3.4419664732119557	
11.854036603107554	1928.0	-0.3106254035303834	2080.0	1.2569061712134797	1086.0	0.0	43587.0	1330.169677734375	-0.28750000000000003	406.0	29.0	0.888663967611336	-0.5728744939271255	90.0	-64.0	-12.784829484630679	34.19678645162589	-2200.0	697.0	0.17317854427688495	
11.999907784260321	1924.0	-0.009221573967822139	2055.0	1.3125857307005961	1074.0	0.0	44227.0	1349.700927734375	-0.28750000000000003	406.0	29.0	0.888663967611336	-0.5728744939271255	90.0	-168.0	1.1775500841107205	32.807212772346006	-2147.0	-216.0	1.7551091079290764	
10.982637364960626	1956.0	-0.54578731346135	2101.0	0.9061395430430299	1159.0	0.0	44867.0	1369.232177734375	-0.28	409.0	18.0	0.8663967611336032	-0.5728744939271255	90.0	-134.0	21.50175867869705	34.04517685827439	-2280.0	-1545.0	1.2457763044121133	
11.075507663536825	1929.0	-0.7825669796508574	2120.0	1.2276338575242787	1151.0	0.0	45507.0	1388.763427734375	-0.28	409.0	18.0	0.8663967611336032	-0.5728744939271255	90.0	-242.0	5.168986083499006	40.31119221002839	-2646.0	-477.0	2.965640693007143	
12.289072633907722	1938.0	-0.8546413711324965	2124.0	1.129894284458596	1049.0	0.0	46147.0	1408.294677734375	-0.28	409.0	18.0	0.8663967611336032	-0.5728744939271255	90.0	50.0	-14.14589386756385	42.374349144326935	-2727.0	786.0	-1.4943169658223436	
12.575001018479336	1961.0	-0.833231485399744	2122.0	0.8560733322840274	1025.0	0.0	46787.0	1427.825927734375	-0.28	409.0	18.0	0.8663967611336032	-0.5728744939271255	90.0	-190.0	8.059336289952594	39.81905032534126	-2621.0	-666.0	2.1628061239377767	
10.992122161951642	1973.0	-0.7877838048359005	2121.0	0.6965751840770152	1158.0	0.0	47427.0	1447.357177734375	-0.2675	414.0	4.0	0.8380566801619433	-0.6194331983805668	113.0	-528.0	39.92965285211807	38.46174454089905	-2619.0	-2750.0	7.335668542539573	
10.129101667954167	1974.0	-0.18507129982130682	2073.0	0.6879510364662481	1231.0	0.0	48067.0	1466.888427734375	-0.2675	414.0	4.0	0.8380566801619433	-0.6194331983805668	113.0	-652.0	29.423459244532808	41.877544326906026	-2815.0	-2063.0	9.272542514007132	
10.997992743493462	1989.0	-0.20072565065381748	2073.0	0.5156039686387257	1158.0	0.0	48707.0	1486.419677734375	-0.2675	414.0	4.0	0.8380566801619433	-0.6194331983805668	113.0	-549.0	2.3092215935158285	45.45410306569139	-2976.0	-290.0	7.727826284608119	
11.424831647840646	2039.0	-0.37397807307824193	2087.0	-0.08600232932050776	1122.0	0.0	49347.0	1505.950927734375	-0.25	421.0	-6.0	0.8178137651821863	-0.6842105263157895	145.0	-506.0	4.450221746444411	48.205119880666544	-3160.0	-430.0	7.0955236554585	
11.530243936515449	2037.0	-0.5470349198837392	2101.0	-0.06431295782770101	1113.0	0.0	49987.0	1525.482177734375	-0.25	421.0	-6.0	0.8178137651821863	-0.6842105263157895	145.0	-804.0	19.024315644593976	49.26837061569241	-3270.0	-1383.0	11.678812292929981	
9.804869829835404	2022.0	-0.4653979688404637	2097.0	0.10078893169262912	1258.0	0.0	50627.0	1545.013427734375	-0.25	421.0	-6.0	0.8178137651821863	-0.6842105263157895	145.0	-935.0	13.732986695213336	48.244827192519644	-3191.0	-1037.0	13.678704217912617	
9.673878461232155	2069.0	-0.46929673392733084	2098.0	-0.46686401753610457	1269.0	0.0	51267.0	1564.544677734375	-0.2125	436.0	-20.0	0.7894736842105263	-0.688259109311741	147.0	-629.0	-13.809450986389358	47.27082587380888	-3053.0	764.0	8.973552205339287	
11.802114247782962	2092.0	-0.7409561740847919	2117.0	-0.7281232822086855	1090.0	0.0	51907.0	1584.075927734375	-0.2125	436.0	-20.0	0.7894736842105263	-0.688259109311741	147.0	-770.0	-23.41336595809757	47.51026481574677	-3045.0	1392.0	11.139518790554279	
10.491348567226305	2057.0	-0.8651432773694598	2129.0	-0.3220279340919936	1200.0	0.0	52547.0	1603.607177734375	-0.2125	436.0	-20.0	0.7894736842105263	-0.688259109311741	147.0	-1435.0	-0.24468573176326658	45.89711264796174	-3007.0	-123.0	21.32746890152949	
8.809092823497773	2058.0	-1.2335747930799075	2162.0	-0.3582673146145722	1341.0	0.0	53187.0	1623.138427734375	-0.2125	436.0	-20.0	0.7894736842105263	-0.688259109311741	147.0	-1665.0	1.529285823520416	42.28407003186689	-2779.0	-239.0	24.820569716737268	
9.192586420928832	2106.0	-0.9794531452121148	2141.0	-0.927663198694954	1309.0	0.0	53827.0	1642.669677734375	-0.2025	440.0	-33.0	0.7631578947368421	-0.7105263157894737	158.0	-1514.0	-31.442116531579757	39.10403312795769	-2485.0	1917.0	22.471752315321314	
10.188629411451018	2125.0	-1.3751540929933537	2172.0	-1.1545324503959593	1225.0	0.0	54467.0	1662.200927734375	-0.2025	440.0	-33.0	0.7631578947368421	-0.7105263157894737	158.0	-1652.0	-57.88346842024775	35.495433512812056	-2183.0	3646.0	24.553205063991097	
9.310859939052186	2127.0	-2.2473394281147154	2245.0	-1.2048502373645436	1298.0	0.0	55107.0	1681.732177734375	-0.2025	440.0	-33.0	0.7631578947368421	-0.7105263157894737	158.0	-1468.0	-58.17403272671663	28.813915324168722	-1746.0	3665.0	21.663004889009677	
9.19435764929184	2095.0	-1.992806499387415	2224.0	-0.8153824330129021	1308.0	0.0	55747.0	1701.263427734375	-0.22	433.0	-51.0	0.7267206477732794	-0.7368421052631579	171.0	-1269.0	-26.120201865728706	19.933590197867176	-1250.0	1569.0	18.52064938977981	
9.190387361523324	2102.0	-1.1993590857627485	2159.0	-0.8838905370156843	1309.0	0.0	56387.0	1720.794677734375	-0.22	433.0	-51.0	0.7267206477732794	-0.7368421052631579	171.0	-1437.0	2.844471631747974	18.441728733873116	-1230.0	-325.0	21.083604029704855	
7.754760354950987	2143.0	-0.7144406953774551	2122.0	-1.3825243428881595	1430.0	0.0	57027.0	1740.325927734375	-0.22	433.0	-51.0	0.7267206477732794	-0.7368421052631579	171.0	-1765.0	7.20293622878116	15.971498929394693	-1084.0	-610.0	26.091892371525038	
8.816064640535801	2114.0	-1.7268692797532297	2203.0	-1.0427622813583812	1340.0	0.0	57667.0	1759.857177734375	-0.22	433.0	-51.0	0.7267206477732794	-0.7368421052631579	171.0	-2209.0	-12.784829484630679	12.196258651274325	-791.0	697.0	32.867090712951295	
9.70642142930138	2110.0	-1.9769046889096007	2222.0	-0.9906666505695154	1265.0	0.0	58307.0	1779.388427734375	-0.1925	444.0	-53.0	0.7226720647773279	-0.7753036437246964	190.0	-2037.0	-9.940357852882705	6.5564444319102275	-430.0	511.0	30.171441381560168	
9.395159676690229	2097.0	-0.9602228071674865	2139.0	-0.8168191244366884	1292.0	0.0	58947.0	1798.919677734375	-0.1925	444.0	-53.0	0.7226720647773279	-0.7753036437246964	190.0	-1890.0	28.903502064535864	1.9031152354988174	-227.0	-2029.0	27.86926899185169	
9.486199470056336	2133.0	-0.18957680389038098	2076.0	-1.2342307461965212	1285.0	0.0	59587.0	1818.450927734375	-0.1925	444.0	-53.0	0.7226720647773279	-0.7753036437246964	190.0	-1809.0	41.58128154152011	1.500766816333167	-233.0	-2858.0	26.62234233135192	
9.91477658422828	2108.0	-0.18900824383879897	2075.0	-0.9287287845766619	1249.0	0.0	60227.0	1837.982177734375	-0.135	467.0	-58.0	0.7125506072874495	-0.7894736842105263	197.0	-1845.0	29.07172350512311	3.3952203268366854	-324.0	-2040.0	27.19368827814945	
10.267237073691815	2126.0	-0.6572450117709758	2113.0	-1.1514363849201883	1219.0	0.0	60867.0	1857.513427734375	-0.135	467.0	-58.0	0.7125506072874495	-0.7894736842105263	197.0	-1801.0	25.14145893867564	2.1595214036808614	-233.0	-1783.0	26.506174007960396	
10.908047133751731	2153.0	-0.8619532914935552	2129.0	-1.4744236547333176	1165.0	0.0	61507.0	1877.044677734375	-0.135	467.0	-58.0	0.7125506072874495	-0.7894736842105263	197.0	-1479.0	13.350665239333233	9.571068734685175	-681.0	-1012.0	21.63936574335422	
10.822302131661543	2161.0	-1.1031201671791087	2149.0	-1.5764899844366054	1172.0	0.0	62147.0	1896.575927734375	-0.09	485.0	-66.0	0.6963562753036437	-0.7894736842105263	197.0	-1209.0	38.00275271448234	6.427068151089974	-538.0	-2624.0	17.464915149824538	
11.303125831999576	2140.0	-0.639797752423221	2110.0	-1.309403250945336	1132.0	0.0	62787.0	1916.107177734375	-0.09	485.0	-66.0	0.6963562753036437	-0.7894736842105263	197.0	-775.0	50.00764642911761	23.470615591070022	-1673.0	-3409.0	10.975844716598134	
10.805115746461492	2154.0	0.7496698842445175	1997.0	-1.4552686978625429	1175.0	0.0	63427.0	1935.638427734375	-0.09	485.0	-66.0	0.6963562753036437	-0.7894736842105263	197.0	-523.0	78.46765560483256	7.820840855325013	-727.0	-5270.0	6.952537087393208	
11.345151828321956	2188.0	1.1818494988622696	1961.0	-1.8508632989684508	1130.0	0.0	64067.0	1955.169677734375	-0.09	485.0	-66.0	0.6963562753036437	-0.7894736842105263	197.0	-801.0	87.91864199418872	4.262520794690703	-523.0	-5888.0	11.182720343745588	
11.676810575744316	2169.0	1.0143909077649402	1974.0	-1.6219802206655713	1102.0	0.0	64707.0	1974.700927734375	-0.0125	516.0	-77.0	0.6740890688259109	-0.791497975708502	198.0	-641.0	75.89845542131825	9.382042144759602	-823.0	-5102.0	8.778798171946292	
11.81806271580315	2176.0	0.8538906279338462	1987.0	-1.708115054259195	1090.0	0.0	65347.0	1994.232177734375	-0.0125	516.0	-77.0	0.6740890688259109	-0.791497975708502	198.0	-78.0	71.310597950757	8.636791985197313	-757.0	-4802.0	0.13240137082634784	
11.865423573811526	2172.0	0.8280716668668087	1989.0	-1.6599650538161148	1086.0	0.0	451.0	2013.763427734375	-0.0125	516.0	-77.0	0.6740890688259109	-0.791497975708502	198.0	273.0	82.53555589539685	13.117377642963426	-1074.0	-5536.0	-5.208706536597833	
11.898921989735623	2160.0	0.6064846878480568	2007.0	-1.5194834959842367	1083.0	0.0	1091.0	2033.294677734375	0.0525	542.0	-93.0	0.6417004048582996	-0.791497975708502	198.0	720.0	89.12677779476985	18.643962535591807	-1446.0	-5967.0	-12.01242488285338	
11.984817798234605	2176.0	0.8627322044128976	1986.0	-1.7062706719052994	1076.0	0.0	1731.0	2052.825927734375	0.0525	542.0	-93.0	0.6417004048582996	-0.791497975708502	198.0	898.0	100.7034714788194	25.32952064698651	-1909.0	-6724.0	-14.676887392885668	
12.34678426128613	2192.0	1.3450927952795424	1946.0	-1.8857748797948009	1046.0	0.0	2371.0	2072.357177734375	0.0525	542.0	-93.0	0.6417004048582996	-0.791497975708502	198.0	1316.0	100.6881786205842	31.854164370245073	-2329.0	-6723.0	-21.025635124749293	
13.326925689960913	2194.0	1.7401880437103783	1912.0	-1.8921679460816048	964.0	0.0	3011.0	2091.888427734375	0.0525	542.0	-93.0	0.6417004048582996	-0.791497975708502	198.0	1743.0	102.27863587704543	36.34723439256238	-2621.0	-6827.0	-27.532798946545455	
13.269836230288169	2181.0	1.9836230288169285	1892.0	-1.731243634952105	969.0	0.0	3651.0	2111.419677734375	0.10250000000000001	562.0	-116.0	0.5951417004048583	-0.8421052631578947	223.0	1901.0	104.35846459703319	41.825347315173744	-2981.0	-6963.0	-29.902446235303078	
13.707657183963166	2240.0	2.9085755391736123	1816.0	-2.419209748702197	933.0	0.0	4291.0	2130.950927734375	0.10250000000000001	562.0	-116.0	0.5951417004048583	-0.8421052631578947	223.0	2079.0	111.31671509405109	52.14090390439421	-3668.0	-7418.0	-32.5306087605571	
12.442996505078765	2207.0	1.4425076507336385	1938.0	-2.0635873518140575	1038.0	0.0	4931.0	2150.482177734375	0.10250000000000001	562.0	-116.0	0.5951417004048583	-0.8421052631578947	223.0	2695.0	118.51965132283225	60.437480201349715	-4220.0	-7889.0	-41.899844930992494	
11.718927927482206	2127.0	1.6546975101253152	1921.0	-1.1027288187154427	1099.0	0.0	5571.0	2170.013427734375	0.1625	586.0	-161.0	0.5040485829959515	-0.854251012145749	229.0	3235.0	119.26900137635725	67.59624951880241	-4682.0	-7938.0	-50.11427841320541	
10.649188732452748	2201.0	3.014111340512859	1812.0	-1.9778041991182274	1190.0	0.0	6211.0	2189.544677734375	0.1625	586.0	-161.0	0.5040485829959515	-0.854251012145749	229.0	4468.0	107.18764337054597	84.41838043847389	-5732.0	-7148.0	-68.86580545447671	
9.79745798522677	2236.0	2.364846141724665	1867.0	-2.4209935575542025	1261.0	0.0	6851.0	2209.075927734375	0.1625	586.0	-161.0	0.5040485829959515	-0.854251012145749	229.0	5425.0	106.91237192231229	104.40195845969976	-7021.0	-7130.0	-83.35064053508998	
7.086914345659805	2194.0	1.5485774231232408	1938.0	-1.9584002719363587	1488.0	0.0	7491.0	2228.607177734375	0.1375	576.0	-238.0	0.3481781376518219	-0.965587044534413	284.0	5863.0	109.4968649640618	110.01051206180895	-7388.0	-7299.0	-90.0154388413276	
6.024345007560871	2286.0	2.4345007560872	1868.0	-3.059741233597828	1578.0	0.0	8131.0	2248.138427734375	0.1375	576.0	-238.0	0.3481781376518219	-0.965587044534413	284.0	6276.0	99.80119284294236	112.70725032751412	-7534.0	-6665.0	-96.32574320947613	
5.529693025068737	2392.0	2.9693025068737033	1826.0	-4.331100152141959	1620.0	0.0	8771.0	2267.669677734375	0.1375	576.0	-238.0	0.3481781376518219	-0.965587044534413	284.0	6153.0	75.08793393485243	103.264068792091	-6857.0	-5049.0	-94.53280353488101	
5.327645478904155	2368.0	1.8121669380344654	1921.0	-4.067106712474365	1636.0	0.0	9411.0	2287.200927734375	0.1375	576.0	-238.0	0.3481781376518219	-0.965587044534413	284.0	5936.0	62.88423306315951	92.26024426070744	-6112.0	-4251.0	-91.31308882638173	
5.911565762032872	2410.0	3.0613381080490405	1818.0	-4.542308182628329	1588.0	0.0	10051.0	2306.732177734375	0.0675	548.0	-297.0	0.22874493927125505	-0.9777327935222672	290.0	5903.0	58.77045419788959	88.08235533909328	-5830.0	-3982.0	-90.84849975487975	
5.588685187187464	2430.0	4.10661395684155	1733.0	-4.76559532682262	1616.0	0.0	10691.0	2326.263427734375	0.0675	548.0	-297.0	0.22874493927125505	-0.9777327935222672	290.0	5839.0	48.646582046184434	88.23135887311031	-5814.0	-3320.0	-89.86496276541959	
4.517164753535989	2414.0	2.906951544075173	1833.0	-4.607532695077112	1705.0	0.0	11331.0	2345.794677734375	0.0675	548.0	-297.0	0.22874493927125505	-0.9777327935222672	290.0	5576.0	28.58235204159658	95.40725227688874	-6231.0	-2008.0	-85.75760462929495	
4.689102359597393	2466.0	3.434045483548847	1790.0	-5.221777464323411	1691.0	0.0	11971.0	2365.325927734375	-0.0125	516.0	-364.0	0.0931174089068826	-1.0587044534412955	330.0	5967.0	-6.4841718917265645	104.8523528264744	-6750.0	285.0	-91.66284673412594	
4.200901127745628	2499.0	3.423446107896217	1792.0	-5.624461825600764	1732.0	0.0	12611.0	2384.857177734375	-0.0125	516.0	-364.0	0.0931174089068826	-1.0587044534412955	330.0	5252.0	-50.19116072794006	116.16522258332266	-7379.0	3143.0	-80.57841222099815	
4.5181469338809075	2521.0	3.005169578566939	1826.0	-5.894715139089851	1705.0	0.0	13251.0	2404.388427734375	-0.0125	516.0	-364.0	0.0931174089068826	-1.0587044534412955	330.0	4755.0	-71.6929194066371	115.13402859768337	-7261.0	4549.0	-72.96251578276646	
3.5883990310826124	2438.0	1.6970459654041097	1934.0	-4.930175090381092	1782.0	0.0	13891.0	2423.919677734375	-0.0125	516.0	-364.0	0.0931174089068826	-1.0587044534412955	330.0	4148.0	-61.23260437375746	112.11547026817603	-7098.0	3865.0	-63.67859978557971	
2.0063224073283217	2371.0	3.0131931137845367	1828.0	-4.112443997988375	1916.0	0.0	14531.0	2443.450927734375	-0.1	481.0	-413.0	-0.006072874493927126	-1.0647773279352226	333.0	4612.0	-62.41015445786818	112.54137306313041	-7118.0	3942.0	-70.79418117500013	
1.0756433448240235	2288.0	2.8024297204975794	1846.0	-3.1259660564791574	1994.0	0.0	15171.0	2462.982177734375	-0.1	481.0	-413.0	-0.006072874493927126	-1.0647773279352226	333.0	4622.0	-69.1084263648876	106.25862863730033	-6692.0	4380.0	-71.01045345583968	
0.20966594494595955	2235.0	0.7284992565007166	2017.0	-2.537550222890405	2065.0	0.0	15811.0	2482.513427734375	-0.1	481.0	-413.0	-0.006072874493927126	-1.0647773279352226	333.0	4889.0	-71.49411224957946	94.50572274670394	-5919.0	4536.0	-75.224959651465	
2.2878982637235796	2258.0	1.408873991405606	1958.0	-2.780268838739471	1891.0	0.0	16451.0	2502.044677734375	-0.1475	462.0	-473.0	-0.12753036437246965	-1.048582995951417	325.0	3876.0	-43.07998164857012	78.55602968531095	-4966.0	2678.0	-59.8404946363984	
-0.531356755083565	2175.0	1.6262292535482743	1944.0	-1.8041142836846895	2128.0	0.0	17091.0	2521.575927734375	-0.1475	462.0	-473.0	-0.12753036437246965	-1.048582995951417	325.0	2177.0	-2.6303716164551156	67.54138813326655	-4372.0	33.0	-33.88036331676462	
-1.6467168925031852	2216.0	1.9949774163481395	1916.0	-2.3018688254173463	2222.0	0.0	17731.0	2541.107177734375	-0.1475	462.0	-473.0	-0.12753036437246965	-1.048582995951417	325.0	2319.0	-10.980272212876587	64.06734075634368	-4123.0	579.0	-36.09402046998758	
-1.8992712623803703	2446.0	2.9300166191058574	1842.0	-5.056777922410361	2244.0	0.0	18371.0	2560.638427734375	-0.19	445.0	-513.0	-0.20850202429149797	-1.0384615384615385	320.0	2400.0	-16.669215476372536	58.33958772665223	-3735.0	951.0	-37.39420117659262	
-1.3261415391016842	2638.0	3.100131804117289	1829.0	-7.360897333525539	2196.0	0.0	19011.0	2580.169677734375	-0.19	445.0	-513.0	-0.20850202429149797	-1.0384615384615385	320.0	1588.0	-20.06423000458786	41.462769506802786	-2637.0	1173.0	-25.10324862839369	
-0.5349747010380032	2677.0	2.454910848580625	1881.0	-7.8357696023279235	2129.0	0.0	19651.0	2599.700927734375	-0.19	445.0	-513.0	-0.20850202429149797	-1.0384615384615385	320.0	728.0	4.083193148799511	24.830501874335837	-1627.0	-406.0	-12.073315358730941	
-0.16048337296312626	2805.0	2.999281751306421	1837.0	-9.363305945691454	2098.0	0.0	20291.0	2619.232177734375	-0.19	445.0	-513.0	-0.20850202429149797	-1.0384615384615385	320.0	1804.0	24.820308915736355	13.399692749381414	-927.0	-1762.0	-28.698287866122882	
0.07853295981747363	2901.0	3.0913912198426012	1830.0	-10.515700099017021	2078.0	0.0	20931.0	2638.763427734375	-0.225	431.0	-531.0	-0.24493927125506074	-1.01417004048583	308.0	1479.0	12.433093745220983	7.862170720333901	-538.0	-952.0	-23.766705897522765	
2.2005141284048464	2994.0	2.1942699833418184	1901.0	-11.632904639772006	1899.0	0.0	21571.0	2658.294677734375	-0.225	431.0	-531.0	-0.24493927125506074	-1.01417004048583	308.0	1771.0	-6.224193301728094	-1.251988771360041	106.0	268.0	-28.338436720612176	
2.9620191569794008	2927.0	0.9638204598448108	2000.0	-10.842669664293549	1834.0	0.0	22211.0	2677.825927734375	-0.225	431.0	-531.0	-0.24493927125506074	-1.01417004048583	308.0	785.0	-2.64566447469032	1.1913694323610422	-72.0	34.0	-13.184342251663809	
3.3700019393268597	2936.0	1.2859082184002402	1973.0	-10.940581816238724	1800.0	0.0	22851.0	2697.357177734375	-0.2475	422.0	-523.0	-0.22874493927125505	-0.9939271255060729	298.0	1590.0	5.0925217923229855	3.9430994391220477	-263.0	-472.0	-25.509134296386748	
3.4852286019125565	2921.0	0.9038125722080388	2004.0	-10.766348570970449	1790.0	0.0	23491.0	2716.888427734375	-0.2475	422.0	-523.0	-0.22874493927125505	-0.9939271255060729	298.0	1280.0	-6.774736198195443	3.262767972844564	-191.0	304.0	-20.7591476770308	
3.40972733642302	2803.0	-0.6939330243647231	2134.0	-9.377371748568846	1795.0	0.0	24131.0	2736.419677734375	-0.2475	422.0	-523.0	-0.22874493927125505	-0.9939271255060729	298.0	981.0	-7.799357699954122	6.918482489904707	-429.0	371.0	-16.134589918080856	
3.7348124908985088	2755.0	-0.3282747196729344	2103.0	-8.78849447791821	1768.0	0.0	24771.0	2755.950927734375	-0.2475	422.0	-523.0	-0.22874493927125505	-0.9939271255060729	298.0	943.0	-5.566600397614315	9.007411742735492	-571.0	225.0	-15.5306102465438	
2.8138764820946363	2701.0	-0.7552089333935205	2139.0	-8.155640112642105	1845.0	0.0	25411.0	2775.482177734375	-0.2725	412.0	-534.0	-0.25101214574898784	-1.0242914979757085	313.0	782.0	4.526686037620432	6.256531173090655	-420.0	-435.0	-13.087657183282138	
2.5838378032104266	2707.0	-1.1400292027668324	2171.0	-8.237926061444918	1864.0	0.0	26051.0	2795.013427734375	-0.2725	412.0	-534.0	-0.25101214574898784	-1.0242914979757085	313.0	856.0	3.7467502676250195	0.7927847956814956	-62.0	-384.0	-14.277786437757474	
3.1020183781078146	2740.0	-0.5124479035042501	2119.0	-8.617782991156476	1821.0	0.0	26691.0	2814.544677734375	-0.2725	412.0	-534.0	-0.25101214574898784	-1.0242914979757085	313.0	642.0	5.276036091145436	-0.30096063525576666	3.0	-484.0	-11.005004389228114	
3.324047131404492	2727.0	0.2618559975920753	2055.0	-8.443450119577486	1803.0	0.0	27331.0	2834.075927734375	-0.28500000000000003	407.0	-530.0	-0.24291497975708504	-0.9898785425101214	296.0	169.0	4.74078605291329	-0.7827848277841936	31.0	-449.0	-3.751881860860319	
2.9849752238353724	2765.0	-0.3120014259865942	2103.0	-8.916149312425956	1831.0	0.0	27971.0	2853.607177734375	-0.28500000000000003	407.0	-530.0	-0.24291497975708504	-0.9898785425101214	296.0	346.0	7.417036244074018	-0.8319056894999962	29.0	-624.0	-6.468346676965585	
3.4767390588199834	2856.0	0.05485826295069975	2073.0	-10.00028002246604	1790.0	0.0	28611.0	2873.138427734375	-0.28500000000000003	407.0	-530.0	-0.24291497975708504	-0.9898785425101214	296.0	686.0	3.8690931335066527	0.5157171834320516	-46.0	-392.0	-11.671994891998734	
3.372549406520948	2861.0	0.3501787473328564	2049.0	-10.055656473156807	1799.0	0.0	29251.0	2892.669677734375	-0.295	403.0	-529.0	-0.2408906882591093	-0.9838056680161943	293.0	61.0	6.407707600550544	1.3334162383774597	-112.0	-558.0	-2.0735156151212126	
3.408123775177539	2852.0	0.33618704156339574	2050.0	-9.947146828645872	1796.0	0.0	29891.0	2912.200927734375	-0.295	403.0	-529.0	-0.2408906882591093	-0.9838056680161943	293.0	71.0	5.520721822908702	1.9548934277519128	-150.0	-500.0	-2.2207456798087173	
3.154875415927106	2846.0	0.011351116520146205	2077.0	-9.883886874112736	1817.0	0.0	30531.0	2931.732177734375	-0.295	403.0	-529.0	-0.2408906882591093	-0.9838056680161943	293.0	2.0	6.744150481725035	3.4026841993071195	-248.0	-580.0	-1.1474983996825465	
2.9901601561379954	2819.0	0.20649180427567565	2061.0	-9.55633000813624	1831.0	0.0	31171.0	2951.263427734375	-0.295	403.0	-529.0	-0.2408906882591093	-0.9838056680161943	293.0	-50.0	7.233521945251568	5.097772575522351	-360.0	-612.0	-0.3326343656978991	
2.812698844676093	2800.0	0.3175035152283389	2052.0	-9.326968724381201	1846.0	0.0	31811.0	2970.794677734375	-0.3	401.0	-529.0	-0.2408906882591093	-1.0161943319838056	309.0	23.0	5.367793240556661	3.2148636304223577	-232.0	-490.0	-1.4716107621920174	
2.8791006168769724	2788.0	-0.185176407540875	2093.0	-9.191779991861566	1840.0	0.0	32451.0	2990.325927734375	-0.3	401.0	-529.0	-0.2408906882591093	-1.0161943319838056	309.0	35.0	5.321914665851048	2.3418392274569975	-175.0	-487.0	-1.6644748101191698	
2.8212966038929124	2789.0	-0.01319675356590639	2079.0	-9.200966631682991	1845.0	0.0	33091.0	3009.857177734375	-0.3	401.0	-529.0	-0.2408906882591093	-1.0161943319838056	309.0	-100.0	5.948921853494419	2.9420383202645652	-217.0	-528.0	0.4130324746557683	
2.5491981443244462	2747.0	0.1579096705398164	2065.0	-8.694241391411019	1868.0	0.0	33731.0	3029.388427734375	-0.2975	402.0	-535.0	-0.25303643724696356	-1.0364372469635628	319.0	-555.0	8.441657745832696	2.834051278169923	-221.0	-691.0	7.393692668681655	
2.657052092741767	2748.0	0.2290187979861669	2059.0	-8.703788862149004	1859.0	0.0	34371.0	3048.919677734375	-0.2975	402.0	-535.0	-0.25303643724696356	-1.0364372469635628	319.0	-542.0	6.499464749961769	-0.5469341196569657	4.0	-564.0	7.160404527147762	
2.9072902280018047	2785.0	0.25283232398997957	2057.0	-9.14659334280645	1838.0	0.0	35011.0	3068.450927734375	-0.2975	402.0	-535.0	-0.25303643724696356	-1.0364372469635628	319.0	-410.0	9.083957791711272	-3.6292894199016525	199.0	-733.0	5.1041091312728275	
