Device	Device	Device	Device	Device	Device	Device	Device	Device	Device	Device	Device	Device	Device	Device	Device	Device	Device	Device	Device	Device	
Low Noise Accelerometer X	Low Noise Accelerometer X	Low Noise Accelerometer Z	Low Noise Accelerometer Z	Low Noise Accelerometer Y	Low Noise Accelerometer Y	Event_Marker	Timestamp	Timestamp	Magnetometer Z	Magnetometer Z	Magnetometer X	Magnetometer X	Magnetometer Y	Magnetometer Y	Gyroscope Y	Gyroscope Y	Gyroscope Z	Gyroscope Z	Gyroscope X	Gyroscope X	
UNCAL	CAL	CAL	UNCAL	CAL	UNCAL	CAL	UNCAL	CAL	CAL	UNCAL	CAL	UNCAL	UNCAL	CAL	CAL	UNCAL	CAL	UNCAL	CAL	UNCAL	
no units	m/(s^2)	m/(s^2)	no units	m/(s^2)	no units	no units	no units	ms	local_flux	no units	local_flux	no units	no units	local_flux	deg/s	no units	deg/s	no units	deg/s	no units	
1873.0	1.738066214995245	-9.526711833808829	2852.0	1.6340753411364264	1928.0	0.0	9414.0	287.29248046875	-0.765	215.0	-0.3097165991902834	-563.0	-538.0	0.6983805668016194	-0.1988071570576541	-185.0	0.5447798361270865	-46.0	1.6933410007550105	-126.0	
1867.0	1.6797661623101168	-9.404336149940702	2842.0	1.7082290109134435	1933.0	0.0	10054.0	306.82373046875	-0.765	215.0	-0.3097165991902834	-563.0	-538.0	0.6983805668016194	0.48937146352653316	-353.0	0.27614933742092235	-32.0	4.268527950332932	-171.0	
1859.0	1.633244168622407	-9.294630756806917	2833.0	1.8063434410079169	1937.0	0.0	10694.0	326.35498046875	-0.7875	206.0	-0.3157894736842105	-566.0	-537.0	0.6963562753036437	-0.5199571799969415	-255.0	1.6850570882329945	-120.0	2.778857629344813	-105.0	
1865.0	1.5734957399332352	-9.317092673343131	2835.0	1.7330075617637948	1942.0	0.0	11334.0	345.88623046875	-0.7875	206.0	-0.3157894736842105	-566.0	-537.0	0.6963562753036437	-3.043278788805628	-253.0	1.9554745382461598	-131.0	2.7508728365286945	60.0	
1868.0	1.6694497270164625	-9.245503488829959	2829.0	1.6992543070116377	1934.0	0.0	11974.0	365.41748046875	-0.7875	206.0	-0.3157894736842105	-566.0	-537.0	0.6963562753036437	-3.37972166998012	-168.0	2.366490185157528	-156.0	1.4507018820571915	82.0	
1879.0	1.656341581342661	-9.365841865733909	2839.0	1.564186337534893	1935.0	0.0	12614.0	384.94873046875	-0.775	211.0	-0.2935222672064777	-555.0	-552.0	0.7267206477732794	-2.7068359076311364	-93.0	1.9050440443624206	-127.0	0.29525114628987253	38.0	
1876.0	1.7515569283878074	-9.36811668502879	2839.0	1.6012375729326997	1927.0	0.0	13254.0	404.47998046875	-0.775	211.0	-0.2935222672064777	-555.0	-552.0	0.7267206477732794	-1.8504358464597035	-71.0	1.1205120861616098	-78.0	-0.05017281377088352	-18.0	
1862.0	1.597296866937761	-9.317932353842954	2835.0	1.7693733577370967	1940.0	0.0	13894.0	424.01123046875	-0.775	211.0	-0.2935222672064777	-555.0	-552.0	0.7267206477732794	0.48937146352653316	-71.0	-0.5419033509423985	24.0	-0.06679696814192361	-171.0	
1863.0	1.63324898596776	-9.294149022271622	2833.0	1.758160352787739	1937.0	0.0	14534.0	443.54248046875	-0.775	211.0	-0.2935222672064777	-555.0	-552.0	0.7267206477732794	-1.4528215323443954	-32.0	0.0954659404422992	-12.0	-0.658858137894948	-44.0	
1857.0	1.6897060515667015	-9.600823414758416	2858.0	1.8248805922204987	1932.0	0.0	15174.0	463.07373046875	-0.7725	212.0	-0.3016194331983806	-559.0	-543.0	0.708502024291498	-0.9022786358770455	-199.0	-0.39821691249899094	17.0	1.8987338044824984	-80.0	
1866.0	1.7853015576579323	-9.565082329444857	2855.0	1.718117634047923	1924.0	0.0	15814.0	482.60498046875	-0.7725	212.0	-0.3016194331983806	-559.0	-543.0	0.708502024291498	-0.6270071876433706	-98.0	-0.7013445068699338	37.0	0.3459096790681735	-98.0	
1873.0	1.715724303021807	-9.379950650200252	2840.0	1.6367871456888636	1930.0	0.0	16454.0	502.13623046875	-0.7725	212.0	-0.3016194331983806	-559.0	-543.0	0.708502024291498	2.09512157822297	-307.0	-1.6267017857463155	88.0	3.543653190827515	-276.0	
1865.0	1.5256424552328043	-9.340516381481466	2837.0	1.732060554754024	1946.0	0.0	17094.0	521.66748046875	-0.775	211.0	-0.29554655870445345	-556.0	-551.0	0.7246963562753036	2.263343018810216	-313.0	-1.34211704205271	69.0	3.6385659402132	-287.0	
1859.0	1.5370499898748444	-9.390239107753658	2841.0	1.8034693322015063	1945.0	0.0	17734.0	541.19873046875	-0.775	211.0	-0.29554655870445345	-556.0	-551.0	0.7246963562753036	0.030585716470408322	-286.0	-1.2948152162083695	72.0	3.2247378997022715	-141.0	
1870.0	1.644062665298821	-9.403257279641704	2842.0	1.6717489750360575	1936.0	0.0	18374.0	560.72998046875	-0.775	211.0	-0.29554655870445345	-556.0	-551.0	0.7246963562753036	-0.8411072029362289	-133.0	-1.2518569841431664	73.0	0.8774614823298129	-84.0	
1874.0	1.6207503519773343	-9.35353623083798	2838.0	1.62431750179458	1938.0	0.0	19014.0	580.26123046875	-0.775	211.0	-0.29554655870445345	-556.0	-551.0	0.7246963562753036	0.13763572411683744	-133.0	-1.5370941596643282	89.0	0.8746091105746012	-148.0	
1878.0	1.6665361142996402	-9.536864760512174	2853.0	1.5729160177399817	1934.0	0.0	19654.0	599.79248046875	-0.7825	208.0	-0.31781376518218624	-567.0	-541.0	0.7044534412955465	0.5505428964673498	-145.0	-1.5093078165772715	86.0	1.0590207779029708	-175.0	
1874.0	1.5834585115802464	-9.511291699118198	2851.0	1.6207894740250046	1941.0	0.0	20294.0	619.32373046875	-0.7825	208.0	-0.31781376518218624	-567.0	-541.0	0.7044534412955465	0.21410001529285827	-73.0	-1.6847537640039294	99.0	-0.047536504956289104	-153.0	
1885.0	1.690227382330873	-9.54869033834128	2854.0	1.4885790694661218	1932.0	0.0	20934.0	638.85498046875	-0.7825	208.0	-0.31781376518218624	-567.0	-541.0	0.7044534412955465	-0.2752714482336749	-97.0	-1.6227210381590418	96.0	0.3213514300971575	-121.0	
1874.0	1.6562136573242945	-9.378634267570547	2840.0	1.6241701741133983	1935.0	0.0	21574.0	658.38623046875	-0.785	207.0	-0.30364372469635625	-560.0	-536.0	0.6943319838056681	-0.48937146352653316	-110.0	-1.9699088259942001	119.0	0.5173578397744298	-107.0	
1893.0	1.7615293347255245	-9.561352241733266	2855.0	1.392653308753554	1926.0	0.0	22214.0	677.91748046875	-0.785	207.0	-0.30364372469635625	-560.0	-536.0	0.6943319838056681	-0.21410001529285827	-150.0	-1.9101522086245994	114.0	1.131734752273122	-125.0	
1873.0	1.6916757583349162	-9.403852737936937	2842.0	1.636068618487261	1932.0	0.0	22854.0	697.44873046875	-0.785	207.0	-0.30364372469635625	-560.0	-536.0	0.6943319838056681	0.8716929194066372	-238.0	-2.2900763058025375	135.0	2.478250073216334	-196.0	
1894.0	1.726798647734954	-9.462992369361762	2847.0	1.3822250065599937	1929.0	0.0	23494.0	716.97998046875	-0.7825	208.0	-0.2975708502024291	-557.0	-531.0	0.6842105263157895	0.8564000611714331	-64.0	-1.724443042266802	100.0	-0.186033750662042	-195.0	
1887.0	1.6320588666731257	-9.413160951735042	2843.0	1.4666115864995002	1937.0	0.0	24134.0	736.51123046875	-0.7825	208.0	-0.2975708502024291	-557.0	-531.0	0.6842105263157895	1.330478666462762	-167.0	-2.036060322844431	118.0	1.391331893319047	-226.0	
1894.0	1.6444572763809644	-9.363796171427378	2839.0	1.3833855168051414	1936.0	0.0	24774.0	756.04248046875	-0.7825	208.0	-0.2975708502024291	-557.0	-531.0	0.6842105263157895	0.6270071876433706	-21.0	-1.7086707765792544	100.0	-0.8456888253045375	-180.0	
1890.0	1.6309653586520638	-9.522511753841242	2852.0	1.4282690570639125	1937.0	0.0	25414.0	775.57373046875	-0.7825	208.0	-0.2975708502024291	-557.0	-531.0	0.6842105263157895	0.061171432940816645	-95.0	-1.5435862838995633	90.0	0.29145381032350254	-143.0	
1894.0	1.6923105610813953	-9.340372463289047	2837.0	1.3843325238149125	1932.0	0.0	26054.0	795.10498046875	-0.7825	208.0	-0.30364372469635625	-560.0	-532.0	0.6862348178137652	-0.45878574705612485	17.0	-1.4133217081514386	84.0	-1.4258257136290058	-109.0	
1894.0	1.619433513000672	-9.485220128504213	2849.0	1.380706800029802	1938.0	0.0	26694.0	814.63623046875	-0.7825	208.0	-0.30364372469635625	-560.0	-532.0	0.6862348178137652	0.16822144058724578	-116.0	-1.6126127186692973	94.0	0.6129977027964283	-150.0	
1888.0	1.6081334286592486	-9.424752372170385	2844.0	1.4540923109395703	1939.0	0.0	27334.0	834.16748046875	-0.7825	208.0	-0.30364372469635625	-560.0	-532.0	0.6862348178137652	0.25997858999847073	-95.0	-1.074735739807883	59.0	0.2961423157644193	-156.0	
1895.0	1.5827523886232986	-9.581903994813011	2857.0	1.3663581186887679	1941.0	0.0	27974.0	853.69873046875	-0.7825	208.0	-0.3097165991902834	-563.0	-529.0	0.680161943319838	0.030585716470408322	-125.0	-0.39341255135241743	15.0	0.7632900573927212	-141.0	
1892.0	1.5709683079441887	-9.569835872247788	2856.0	1.4026262186465341	1942.0	0.0	28614.0	873.22998046875	-0.7825	208.0	-0.3097165991902834	-563.0	-529.0	0.680161943319838	-0.9940357852882705	-129.0	-0.2915226640779749	11.0	0.8256868908979652	-74.0	
1897.0	1.522999142588774	-9.604847645884522	2859.0	1.3412053276648237	1946.0	0.0	29254.0	892.76123046875	-0.7825	208.0	-0.3097165991902834	-563.0	-529.0	0.680161943319838	-1.91160727940052	-91.0	-0.049043912896285194	-2.0	0.24502129940103562	-14.0	
1878.0	1.7124389616132683	-9.708484791054142	2867.0	1.5699426456022785	1930.0	0.0	29894.0	912.29248046875	-0.7825	208.0	-0.3097165991902834	-563.0	-529.0	0.680161943319838	-2.4315644593974617	-148.0	0.17833676493769524	-16.0	1.121930674692495	20.0	
1881.0	1.5658351621041102	-10.083150456255641	2898.0	1.5248387159899042	1942.0	0.0	30534.0	931.82373046875	-0.78	209.0	-0.3076923076923077	-562.0	-548.0	0.7186234817813765	-1.8351429882244994	-50.0	0.5540361522566811	-41.0	-0.3780717299305559	-19.0	
1866.0	1.587793302022449	-10.26828884537413	2913.0	1.7020784211729827	1940.0	0.0	31174.0	951.35498046875	-0.78	209.0	-0.3076923076923077	-562.0	-548.0	0.7186234817813765	-3.211500229392874	9.0	0.7719443852862764	-51.0	-1.2812171834296293	71.0	
1870.0	1.7172613614021717	-10.416721002640001	2925.0	1.652211687537125	1929.0	0.0	31814.0	970.88623046875	-0.78	209.0	-0.3076923076923077	-562.0	-548.0	0.7186234817813765	-5.887750420553602	210.0	1.4327671848883328	-85.0	-4.358850170716715	246.0	
1867.0	1.8830376121312125	-10.505762596402569	2932.0	1.6882331964824173	1915.0	0.0	32454.0	990.41748046875	-0.7725	212.0	-0.31376518218623484	-565.0	-539.0	0.7004048582995952	-6.606514757608197	267.0	2.239295905422942	-135.0	-5.225420452024488	293.0	
1874.0	1.7620719050310756	-10.697571401654344	2948.0	1.59885001390879	1925.0	0.0	33094.0	1009.94873046875	-0.7725	212.0	-0.31376518218623484	-565.0	-539.0	0.7004048582995952	-6.46887903349136	318.0	3.425930663776673	-212.0	-5.9961227710053215	284.0	
1883.0	1.7488394483479226	-10.830340879493463	2959.0	1.487628564845417	1926.0	0.0	33734.0	1029.47998046875	-0.7725	212.0	-0.31376518218623484	-565.0	-539.0	0.7004048582995952	-8.548707753479126	306.0	5.552908878392412	-345.0	-5.790719184961665	420.0	
1868.0	1.7858694190265865	-10.698772383055639	2948.0	1.6713531260472254	1923.0	0.0	34374.0	1049.01123046875	-0.7775	210.0	-0.3076923076923077	-562.0	-548.0	0.7186234817813765	-11.102615078758221	124.0	8.164948073216154	-510.0	-2.9719027672346945	587.0	
1881.0	1.6922508457216	-10.536820189744775	2935.0	1.5170294781562963	1931.0	0.0	35014.0	1068.54248046875	-0.7775	210.0	-0.3076923076923077	-562.0	-548.0	0.7186234817813765	-13.38125095580364	110.0	11.299317122868686	-708.0	-2.725736305524421	736.0	
1883.0	1.432961063315512	-10.275322239877354	2914.0	1.4955701537874153	1953.0	0.0	35654.0	1088.07373046875	-0.7775	210.0	-0.3076923076923077	-562.0	-548.0	0.7186234817813765	-16.332772595198044	-70.0	14.527413880680593	-912.0	0.06855172051618139	929.0	
1889.0	1.4119673030635307	-9.993745884123127	2891.0	1.428702586673474	1955.0	0.0	36294.0	1107.60498046875	-0.7775	210.0	-0.3076923076923077	-562.0	-548.0	0.7186234817813765	-19.452515675179693	-114.0	17.56777528303957	-1102.0	0.7741126154972671	1133.0	
1895.0	1.4745339375322906	-9.689463389628095	2866.0	1.363124746281556	1950.0	0.0	36934.0	1127.13623046875	-0.77	213.0	-0.3157894736842105	-566.0	-544.0	0.7105263157894737	-19.51368710812051	-160.0	17.87077835526298	-1122.0	1.4829888944932468	1137.0	
1886.0	1.3081337230838148	-9.662818167809004	2864.0	1.4704273835132122	1964.0	0.0	37574.0	1146.66748046875	-0.77	213.0	-0.3157894736842105	-566.0	-544.0	0.7105263157894737	-14.74231533873681	-203.0	16.519791788812263	-1047.0	2.1292918261281106	825.0	
1875.0	1.1173168482657463	-9.6968866019968	2867.0	1.6003679665632033	1980.0	0.0	38214.0	1166.19873046875	-0.77	213.0	-0.3157894736842105	-566.0	-544.0	0.7105263157894737	-12.371922312280166	-196.0	14.5957549680025	-928.0	2.0026400723131386	670.0	
1891.0	0.9619957958757703	-9.752801364803924	2872.0	1.4049253764458116	1993.0	0.0	38854.0	1185.72998046875	-0.7675000000000001	214.0	-0.3117408906882591	-564.0	-554.0	0.7307692307692307	-11.913136565224042	28.0	13.396697425370549	-849.0	-1.4465148425331598	640.0	
1894.0	1.1628768709597752	-9.902789094498676	2884.0	1.3677898542895037	1976.0	0.0	39494.0	1205.26123046875	-0.7675000000000001	214.0	-0.3117408906882591	-564.0	-554.0	0.7307692307692307	-13.427129530509253	57.0	12.077436570697454	-759.0	-1.9046974771655132	739.0	
1888.0	1.3284057040064512	-10.016572456497753	2893.0	1.439458632006495	1962.0	0.0	40134.0	1224.79248046875	-0.7675000000000001	214.0	-0.3117408906882591	-564.0	-554.0	0.7307692307692307	-10.337972166998012	41.0	9.352087632136566	-590.0	-1.6864392280211236	537.0	
1870.0	1.1228742750837153	-10.331620110676075	2919.0	1.6479698345132192	1979.0	0.0	40774.0	1244.32373046875	-0.7675000000000001	214.0	-0.3117408906882591	-564.0	-554.0	0.7307692307692307	-5.031350359382169	-18.0	6.4699286733013786	-417.0	-0.8099362817801059	190.0	
1860.0	0.8331825744475684	-10.729361602862204	2952.0	1.7576000153739786	2003.0	0.0	41414.0	1263.85498046875	-0.77	213.0	-0.30364372469635625	-560.0	-554.0	0.7307692307692307	-4.786664627618903	-2.0	5.462850891683157	-352.0	-1.0655187981262864	174.0	
1889.0	0.9766554519659949	-10.667788136733838	2947.0	1.4108686231102845	1991.0	0.0	42054.0	1283.38623046875	-0.77	213.0	-0.30364372469635625	-560.0	-554.0	0.7307692307692307	-12.1272365805169	155.0	6.072766346407813	-371.0	-3.4685035779046496	654.0	
1888.0	1.5592608662780176	-10.740580038864891	2952.0	1.4272870319818678	1942.0	0.0	42694.0	1302.91748046875	-0.77	213.0	-0.30364372469635625	-560.0	-554.0	0.7307692307692307	-14.788193913442424	-129.0	6.996939826335836	-427.0	0.8985715158021033	828.0	
1881.0	1.4533501292294706	-10.617368029433884	2942.0	1.513029514197593	1951.0	0.0	43334.0	1322.44873046875	-0.77	213.0	-0.305668016194332	-561.0	-538.0	0.6983805668016194	-6.514757608196972	-352.0	5.832023725169595	-375.0	4.308742210552294	287.0	
1880.0	0.9283037188918192	-10.74105668224666	2953.0	1.5173534698090452	1995.0	0.0	43974.0	1341.97998046875	-0.77	213.0	-0.305668016194332	-561.0	-538.0	0.6983805668016194	-0.948157210582658	-404.0	4.924652363968291	-331.0	5.0975816471627775	-77.0	
1869.0	1.0969959910103588	-10.538496137059367	2936.0	1.6556217239159041	1981.0	0.0	44614.0	1361.51123046875	-0.77	213.0	-0.305668016194332	-561.0	-538.0	0.6983805668016194	-5.29132894938064	-437.0	6.139187024612478	-399.0	5.61609495448734	207.0	
1880.0	1.1713491148309048	-10.246040897861912	2912.0	1.529684239456131	1975.0	0.0	45254.0	1381.04248046875	-0.775	211.0	-0.3117408906882591	-564.0	-530.0	0.6821862348178138	-8.472243462303105	-297.0	8.287383417633754	-529.0	3.4893492062800666	415.0	
1865.0	1.020501114471425	-9.854650457619371	2880.0	1.716726459823652	1988.0	0.0	45894.0	1400.57373046875	-0.775	211.0	-0.3117408906882591	-564.0	-530.0	0.6821862348178138	-6.942957638782689	-373.0	8.675978784119721	-559.0	4.659415917962419	315.0	
1873.0	1.1175582442664203	-9.67274700192941	2865.0	1.6249495580667266	1980.0	0.0	46534.0	1420.10498046875	-0.775	211.0	-0.3117408906882591	-564.0	-530.0	0.6821862348178138	-6.28536473466891	-178.0	9.602439098144329	-619.0	1.6765062077683086	272.0	
1864.0	0.506747562457168	-10.039529468568919	2896.0	1.7199395368556027	2031.0	0.0	47174.0	1439.63623046875	-0.775	211.0	-0.3117408906882591	-564.0	-530.0	0.6821862348178138	-2.737421624101545	17.0	11.090048239958639	-723.0	-1.300792014147905	40.0	
1845.0	0.31799339267187177	-9.867327399479484	2882.0	1.950411699190141	2047.0	0.0	47814.0	1459.16748046875	-0.775	211.0	-0.31781376518218624	-567.0	-533.0	0.688259109311741	-7.355864811133202	215.0	13.75067955463265	-882.0	-4.3123934653098965	342.0	
1867.0	0.7624303554320895	-9.471250171076763	2849.0	1.697717372421942	2010.0	0.0	48454.0	1478.69873046875	-0.775	211.0	-0.31781376518218624	-567.0	-533.0	0.688259109311741	-17.20446551460468	689.0	17.016599140383672	-1064.0	-11.55301952340359	986.0	
1844.0	0.7305964204496057	-9.083215097896577	2817.0	1.9822681682706609	2013.0	0.0	49094.0	1498.22998046875	-0.775	211.0	-0.31781376518218624	-567.0	-533.0	0.688259109311741	-16.638629759902127	622.0	18.30642932721762	-1150.0	-10.512040816440884	949.0	
1847.0	0.09489832963279529	-9.557786084339517	2857.0	1.9302751893203811	2066.0	0.0	49734.0	1517.76123046875	-0.7675000000000001	214.0	-0.31781376518218624	-567.0	-543.0	0.708502024291498	-11.897843706988837	746.0	19.304776125401155	-1226.0	-12.404773322066536	639.0	
1847.0	0.25933726766742393	-9.780558947543325	2875.0	1.927464121436651	2052.0	0.0	50374.0	1537.29248046875	-0.7675000000000001	214.0	-0.31781376518218624	-567.0	-543.0	0.708502024291498	-18.397308456950604	877.0	19.83091935682522	-1242.0	-14.409639248966657	1064.0	
1864.0	0.7601105980262461	-9.703225911661091	2868.0	1.72919923834945	2010.0	0.0	51014.0	1556.82373046875	-0.7675000000000001	214.0	-0.31781376518218624	-567.0	-543.0	0.708502024291498	-21.410001529285825	1039.0	18.73043303220951	-1161.0	-16.90645046482905	1261.0	
1865.0	0.6424290279983101	-9.566621009692799	2857.0	1.7187063279174524	2020.0	0.0	51654.0	1576.35498046875	-0.7675000000000001	214.0	-0.31781376518218624	-567.0	-543.0	0.708502024291498	-14.55880103991436	941.0	15.811274775176821	-990.0	-15.431882648903134	813.0	
1871.0	0.19826959132891342	-9.93494562901342	2888.0	1.6346090845378398	2057.0	0.0	52294.0	1595.88623046875	-0.7525000000000001	220.0	-0.3117408906882591	-564.0	-556.0	0.7348178137651822	-9.206300657592905	743.0	13.890319649311685	-881.0	-12.412884435853057	463.0	
1877.0	0.5920302462637591	-9.844594421243142	2880.0	1.5680645586160882	2024.0	0.0	52934.0	1615.41748046875	-0.7525000000000001	220.0	-0.3117408906882591	-564.0	-556.0	0.7348178137651822	-10.597950756996484	562.0	12.53394537566316	-791.0	-9.649096636468933	554.0	
1883.0	0.6882316510293511	-9.74826346849346	2872.0	1.4986640350922313	2016.0	0.0	53574.0	1634.94873046875	-0.7525000000000001	220.0	-0.3117408906882591	-564.0	-556.0	0.7348178137651822	-6.208900443492889	307.0	9.51998702859828	-609.0	-5.76639288711773	267.0	
1884.0	0.26194177718211764	-9.520107996073953	2854.0	1.486916053031065	2052.0	0.0	54214.0	1654.47998046875	-0.7475	222.0	-0.31376518218623484	-565.0	-560.0	0.742914979757085	0.2752714482336749	48.0	6.144765685431598	-409.0	-1.8259238330950474	-157.0	
1884.0	0.15226049805100736	-9.773950194899262	2875.0	1.4807423962632478	2061.0	0.0	54854.0	1674.01123046875	-0.7475	222.0	-0.31376518218623484	-565.0	-560.0	0.742914979757085	-0.015292858235204161	-94.0	5.396325988395746	-361.0	0.3455084493883307	-138.0	
1876.0	0.7611002687557065	-9.604258838715056	2860.0	1.5866101632626535	2010.0	0.0	55494.0	1693.54248046875	-0.7475	222.0	-0.31376518218623484	-565.0	-560.0	0.742914979757085	-5.627771830555131	-271.0	4.824610138559298	-311.0	3.0557648983780745	229.0	
1875.0	0.9443888056512527	-9.13254800630329	2821.0	1.6099254580509283	1995.0	0.0	56134.0	1713.07373046875	-0.7525000000000001	220.0	-0.29959514170040485	-558.0	-563.0	0.7489878542510121	-0.8564000611714331	-353.0	2.883172810936124	-198.0	4.294598185068085	-83.0	
1875.0	0.2734676011518181	-9.558001789580098	2857.0	1.5947071703403979	2051.0	0.0	56774.0	1732.60498046875	-0.7525000000000001	220.0	-0.29959514170040485	-558.0	-563.0	0.7489878542510121	6.545343324667381	-453.0	1.6181856597027786	-136.0	5.816396679368243	-567.0	
1849.0	-0.05097526019264964	-9.859430781169726	2882.0	1.8986871739433535	2078.0	0.0	57414.0	1752.13623046875	-0.7525000000000001	220.0	-0.29959514170040485	-558.0	-563.0	0.7489878542510121	5.505428964673498	-542.0	3.7840416530328564	-275.0	7.20371428487466	-499.0	
1869.0	0.618019593646747	-9.626612063896747	2862.0	1.6690696414055204	2022.0	0.0	58054.0	1771.66748046875	-0.7525000000000001	220.0	-0.29959514170040485	-558.0	-563.0	0.7489878542510121	-7.478207677014835	-354.0	6.977662194106914	-447.0	4.350887562557918	350.0	
1868.0	0.5970174030403976	-9.345878743579284	2839.0	1.6865224786768906	2024.0	0.0	58694.0	1791.19873046875	-0.765	215.0	-0.2894736842105263	-553.0	-557.0	0.7368421052631579	-6.942957638782689	-351.0	8.0641258004314	-519.0	4.3157187476467875	315.0	
1850.0	0.09746189171198896	-9.301429876420151	2836.0	1.899283370786307	2066.0	0.0	59334.0	1810.72998046875	-0.765	215.0	-0.2894736842105263	-553.0	-557.0	0.7368421052631579	-3.211500229392874	-644.0	9.023480897786786	-594.0	8.821246010450938	71.0	
1874.0	0.07161371604708816	-9.50529506195785	2853.0	1.60579095881288	2068.0	0.0	59974.0	1830.26123046875	-0.765	215.0	-0.2894736842105263	-553.0	-557.0	0.7368421052631579	-6.805321914665852	-286.0	11.452350218055876	-739.0	3.352209554044914	306.0	
1872.0	0.4154391118673187	-9.646565003744318	2864.0	1.630500199477522	2039.0	0.0	60614.0	1849.79248046875	-0.775	211.0	-0.3076923076923077	-562.0	-531.0	0.6842105263157895	-14.176479584034258	-154.0	14.751277634166394	-933.0	1.3597269853335314	788.0	
1893.0	0.38353626534704216	-9.265421084343407	2833.0	1.3847920012075663	2042.0	0.0	61254.0	1869.32373046875	-0.775	211.0	-0.3076923076923077	-562.0	-531.0	0.6842105263157895	-15.797522556965898	-97.0	15.640036023823534	-986.0	0.49397900071698325	894.0	
1912.0	0.4544857584313887	-9.31332891876589	2837.0	1.1556276767993576	2036.0	0.0	61894.0	1888.85498046875	-0.775	211.0	-0.3076923076923077	-562.0	-531.0	0.6842105263157895	-12.356629454044961	86.0	15.699679478188287	-997.0	-2.313465074176227	669.0	
1897.0	0.701004198101583	-9.661484951746473	2865.0	1.3318526321027129	2015.0	0.0	62534.0	1908.38623046875	-0.775	211.0	-0.3076923076923077	-562.0	-531.0	0.6842105263157895	-10.521486465820463	-229.0	10.302366998902215	-654.0	2.4660741533402577	549.0	
1896.0	0.2654473379943586	-10.360028105326046	2923.0	1.3255743932011337	2051.0	0.0	63174.0	1927.91748046875	-0.7775	210.0	-0.291497975708502	-554.0	-549.0	0.7206477732793523	-6.10185043584646	-327.0	6.219243308236259	-401.0	3.9290023149298388	260.0	
1908.0	0.11970769386897123	-10.648278232150497	2947.0	1.1737736809703785	2063.0	0.0	63814.0	1947.44873046875	-0.7775	210.0	-0.291497975708502	-554.0	-549.0	0.7206477732793523	-2.8903502064535864	-361.0	5.9163917220427455	-390.0	4.44768624344415	50.0	
1922.0	0.5994764249487678	-10.29045274321845	2917.0	1.0170531792646367	2023.0	0.0	64454.0	1966.97998046875	-0.7775	210.0	-0.291497975708502	-554.0	-549.0	0.7206477732793523	-10.873222205230158	-302.0	9.197823490054397	-582.0	3.5751760252948976	572.0	
1923.0	0.5006456581180877	-9.45924371200076	2849.0	1.0206408594495995	2032.0	0.0	65094.0	1986.51123046875	-0.7775	210.0	-0.2894736842105263	-553.0	-538.0	0.6983805668016194	-13.274200948157212	-92.0	13.063585958209954	-825.0	0.39149208177022293	729.0	
1936.0	0.18912735459098282	-9.65869311233029	2866.0	0.8569101823836411	2058.0	0.0	198.0	2006.04248046875	-0.7775	210.0	-0.2894736842105263	-553.0	-538.0	0.6983805668016194	-18.04557271754091	-216.0	14.189000558645974	-887.0	2.3054622013820714	1041.0	
1948.0	1.019991562704123	-9.9056056343496	2885.0	0.7157022607713746	1988.0	0.0	838.0	2025.57373046875	-0.7775	210.0	-0.2894736842105263	-553.0	-538.0	0.6983805668016194	-29.224652087475153	37.0	17.95102808680521	-1100.0	-1.5390718888419375	1772.0	
1952.0	1.4257740813097375	-9.80354424997863	2876.0	0.6736085425605127	1954.0	0.0	1478.0	2045.10498046875	-0.7725	212.0	-0.3016194331983806	-559.0	-532.0	0.6862348178137652	-27.542437681602696	138.0	20.69853198570635	-1282.0	-3.0613896993235414	1662.0	
1922.0	1.0074924272565813	-8.774566798151412	2792.0	1.0514510581890555	1990.0	0.0	2118.0	2064.63623046875	-0.7725	212.0	-0.3016194331983806	-559.0	-532.0	0.6862348178137652	-9.77213641229546	77.0	22.28553843197602	-1432.0	-2.1095061317152255	500.0	
1895.0	0.6189042227482673	-9.538149153744698	2855.0	1.3575947338513839	2022.0	0.0	2758.0	2084.16748046875	-0.7725	212.0	-0.3016194331983806	-559.0	-532.0	0.6862348178137652	-3.440893102920936	-599.0	20.08291038670221	-1312.0	8.241338540724472	86.0	
1903.0	0.5506250391645089	-10.413686559739585	2927.0	1.243015651726974	2027.0	0.0	3398.0	2103.69873046875	-0.7725	212.0	-0.3016194331983806	-559.0	-532.0	0.6862348178137652	-2.477443034103074	-1040.0	21.00722145519104	-1379.0	15.017498944642444	23.0	
1954.0	0.2409369764809866	-11.620588066187054	3027.0	0.6013229096458881	2052.0	0.0	4038.0	2123.22998046875	-0.785	207.0	-0.28542510121457493	-551.0	-532.0	0.6862348178137652	0.9634500688178621	-1231.0	18.994609162342034	-1259.0	17.928169200415812	-202.0	
1962.0	-0.2153662261958541	-12.012813095775888	3060.0	0.4925298348586682	2090.0	0.0	4678.0	2142.76123046875	-0.785	207.0	-0.28542510121457493	-551.0	-532.0	0.6862348178137652	11.897843706988837	-1470.0	17.290150635941963	-1179.0	21.57845620944366	-917.0	
1950.0	-0.14562903191734644	-10.991474620306072	2976.0	0.6582322895638617	2085.0	0.0	5318.0	2162.29248046875	-0.785	207.0	-0.28542510121457493	-551.0	-532.0	0.6862348178137652	8.01345771524698	-1939.0	16.512232301540397	-1123.0	28.767239861760228	-663.0	
1961.0	0.4664030819313342	-10.502548949723728	2935.0	0.5416010036320678	2034.0	0.0	5958.0	2181.82373046875	-0.8150000000000001	195.0	-0.2834008097165992	-550.0	-530.0	0.6821862348178138	0.1529285823520416	-2191.0	15.572881641205585	-1044.0	32.62465623700435	-149.0	
1971.0	0.42936708957097897	-10.634719614330669	2946.0	0.41810530270548185	2037.0	0.0	6598.0	2201.35498046875	-0.8150000000000001	195.0	-0.2834008097165992	-550.0	-530.0	0.6821862348178138	1.4528215323443954	-2417.0	16.762815054234544	-1127.0	36.104408877870874	-234.0	
1973.0	0.3071763374223992	-10.94903292442675	2972.0	0.3865007434399059	2047.0	0.0	7238.0	2220.88623046875	-0.8150000000000001	195.0	-0.2834008097165992	-550.0	-530.0	0.6821862348178138	10.154457868175562	-2886.0	15.742978249618462	-1088.0	43.29077334548529	-803.0	
1972.0	-0.16709113213461693	-10.75673226108074	2957.0	0.3976522747823402	2087.0	0.0	7878.0	2240.41748046875	-0.8150000000000001	195.0	-0.2834008097165992	-550.0	-530.0	0.6821862348178138	11.270836519345467	-3345.0	13.997548084809935	-982.0	50.31643704291654	-876.0	
1976.0	0.4093473436760607	-10.255741822870114	2915.0	0.3652436972203221	2039.0	0.0	8518.0	2259.94873046875	-0.8725	172.0	-0.2631578947368421	-540.0	-500.0	0.6214574898785425	11.31671509405108	-3560.0	12.624603943394419	-895.0	53.60177158799924	-879.0	
1986.0	0.41228504311964764	-9.961971878511426	2891.0	0.2506665453910884	2039.0	0.0	9158.0	2279.47998046875	-0.8725	172.0	-0.2631578947368421	-540.0	-500.0	0.6214574898785425	14.6964367640312	-3491.0	10.838898461310539	-787.0	52.52514516076778	-1100.0	
1996.0	0.09044548695353544	-10.003070352265507	2895.0	0.12614425264350237	2066.0	0.0	9798.0	2299.01123046875	-0.8725	172.0	-0.2631578947368421	-540.0	-500.0	0.6214574898785425	10.093286435234747	-3477.0	10.225357114300314	-735.0	52.30418697608393	-799.0	
1993.0	0.6073636823759947	-9.501727000495764	2853.0	0.17748487994637477	2023.0	0.0	10438.0	2318.54248046875	-0.9225	152.0	-0.2388663967611336	-528.0	-497.0	0.6153846153846154	10.062700718764338	-3329.0	8.803501169197691	-641.0	50.01898483523042	-797.0	
1990.0	0.6701632824910608	-9.174147941370109	2826.0	0.22080903544329158	2018.0	0.0	11078.0	2338.07373046875	-0.9225	152.0	-0.2388663967611336	-528.0	-497.0	0.6153846153846154	14.849365346383241	-3202.0	7.677935204078474	-579.0	48.05897975099736	-1110.0	
1993.0	0.6456307414664841	-9.246449662875396	2832.0	0.182973097289687	2020.0	0.0	11718.0	2357.60498046875	-0.9225	152.0	-0.2388663967611336	-528.0	-497.0	0.6153846153846154	21.042972931640925	-3059.0	7.083019030681738	-555.0	45.85876942615153	-1515.0	
2014.0	0.6921683915265909	-9.354589418769475	2841.0	-0.07173636952036454	2016.0	0.0	12358.0	2377.13623046875	-0.9725	132.0	-0.2125506072874494	-515.0	-461.0	0.5425101214574899	17.479736962838356	-2806.0	7.433539698754746	-566.0	41.98012026732666	-1282.0	
2023.0	0.4492557369512247	-9.836331066782291	2881.0	-0.19223406396613354	2036.0	0.0	12998.0	2396.66748046875	-0.9725	132.0	-0.2125506072874494	-515.0	-461.0	0.5425101214574899	18.82550848753632	-2638.0	8.897419324174269	-663.0	39.416885809015874	-1370.0	
2011.0	0.3973652231044537	-10.263477689554628	2916.0	-0.056717588307035965	2040.0	0.0	13638.0	2416.19873046875	-0.9725	132.0	-0.2125506072874494	-515.0	-461.0	0.5425101214574899	18.33613702400979	-2477.0	10.141389817368974	-741.0	36.958863644989705	-1338.0	
2040.0	0.8073225295654806	-9.743937519642424	2873.0	-0.3916248022056274	2006.0	0.0	14278.0	2435.72998046875	-0.9725	132.0	-0.2125506072874494	-515.0	-461.0	0.5425101214574899	16.271601162257227	-2245.0	9.951944420769848	-721.0	33.397048982338745	-1203.0	
2081.0	1.0024421162573276	-9.279597898076757	2835.0	-0.8743627175218535	1990.0	0.0	14918.0	2455.26123046875	-1.01	117.0	-0.1882591093117409	-503.0	-447.0	0.5141700404858299	13.33537238109803	-1973.0	10.341825312748922	-736.0	29.22724823624856	-1011.0	
2092.0	0.8465055305022844	-9.397065997390595	2845.0	-1.0108015658476082	2003.0	0.0	15558.0	2474.79248046875	-1.01	117.0	-0.1882591093117409	-503.0	-447.0	0.5141700404858299	18.274965591068973	-2258.0	10.30048317564037	-749.0	33.60001265744308	-1334.0	
2064.0	0.7683529605270577	-10.069465852056135	2900.0	-0.68768169105031	2009.0	0.0	16198.0	2494.32373046875	-1.01	117.0	-0.1882591093117409	-503.0	-447.0	0.5141700404858299	25.493194678085338	-2354.0	10.41233284277045	-776.0	35.07420158529437	-1806.0	
2091.0	1.0906027841477104	-9.987340632848023	2893.0	-1.0081178932492183	1982.0	0.0	16838.0	2513.85498046875	-1.0425	104.0	-0.1659919028340081	-492.0	-426.0	0.4716599190283401	19.070194219299587	-2163.0	10.513963675208212	-764.0	32.144421514916885	-1386.0	
2119.0	0.7913706226824747	-10.148652017466818	2907.0	-1.351685840146608	2007.0	0.0	17478.0	2533.38623046875	-1.0425	104.0	-0.1659919028340081	-492.0	-426.0	0.4716599190283401	14.48233674873834	-2157.0	11.405892898827988	-810.0	32.06127390520433	-1086.0	
2099.0	1.1288794779289055	-9.731099826157067	2872.0	-1.0989958523462617	1979.0	0.0	18118.0	2552.91748046875	-1.0425	104.0	-0.1659919028340081	-492.0	-426.0	0.4716599190283401	9.374522098180151	-2548.0	11.273341328977866	-792.0	38.059641499832665	-752.0	
2090.0	1.262964169729888	-9.417868741296928	2846.0	-0.9829566487912903	1968.0	0.0	18758.0	2572.44873046875	-1.0425	104.0	-0.1659919028340081	-492.0	-426.0	0.4716599190283401	16.8986083499006	-2526.0	11.391062613074673	-819.0	37.72324007219489	-1244.0	
2127.0	1.2435924742811693	-8.974085905216421	2810.0	-1.4200578415542877	1970.0	0.0	19398.0	2591.97998046875	-1.0825	88.0	-0.145748987854251	-482.0	-394.0	0.4068825910931174	19.391344242238876	-2790.0	10.58948719601956	-776.0	41.766168003769316	-1407.0	
2142.0	1.0247355904107227	-9.431202863689611	2848.0	-1.612111641128721	1988.0	0.0	20038.0	2611.51123046875	-1.0825	88.0	-0.145748987854251	-482.0	-394.0	0.4068825910931174	18.993729928123567	-2613.0	11.386202028530361	-825.0	39.05816154460632	-1381.0	
2151.0	0.7708957845219881	-9.8151834525631	2880.0	-1.730763385904837	2009.0	0.0	20678.0	2631.04248046875	-1.0825	88.0	-0.145748987854251	-482.0	-394.0	0.4068825910931174	12.295458021104146	-2679.0	13.382000089771578	-938.0	40.09085544665497	-943.0	
2169.0	1.261474581923831	-9.566827521902603	2859.0	-1.9377579491971268	1968.0	0.0	21318.0	2650.57373046875	-1.1075	78.0	-0.1194331983805668	-469.0	-367.0	0.3522267206477733	3.9302645664474696	-2588.0	14.253480622116262	-972.0	38.70322223908905	-396.0	
2199.0	1.7654330294086056	-9.170982773425173	2826.0	-2.286247252885261	1926.0	0.0	21958.0	2670.10498046875	-1.1075	78.0	-0.1194331983805668	-469.0	-367.0	0.3522267206477733	10.353265025233217	-2598.0	13.718199203614704	-954.0	38.85131426148528	-816.0	
2200.0	1.4751450647888031	-9.628350663976835	2864.0	-2.3103456831135767	1950.0	0.0	22598.0	2689.63623046875	-1.1075	78.0	-0.1194331983805668	-469.0	-367.0	0.3522267206477733	20.339501452821533	-2553.0	11.926049330629013	-863.0	38.142890998139805	-1469.0	
2197.0	1.1053146652131876	-9.706628716776475	2871.0	-2.279464969852072	1981.0	0.0	23238.0	2709.16748046875	-1.1300000000000001	69.0	-0.11133603238866396	-465.0	-343.0	0.30364372469635625	12.356629454044961	-2712.0	11.744134957572568	-832.0	40.58084475605109	-947.0	
2217.0	1.3097513817785231	-9.501052298338179	2854.0	-2.51427292973934	1964.0	0.0	23878.0	2728.69873046875	-1.1300000000000001	69.0	-0.11133603238866396	-465.0	-343.0	0.30364372469635625	4.19024315644594	-2645.0	11.711900463741967	-808.0	39.55244200601843	-413.0	
2249.0	1.8477127152428314	-9.276347523335891	2835.0	-2.8899413895793495	1919.0	0.0	24518.0	2748.22998046875	-1.1300000000000001	69.0	-0.11133603238866396	-465.0	-343.0	0.30364372469635625	5.948921853494419	-2829.0	11.628710033856855	-809.0	42.37499509481456	-528.0	
2232.0	1.7883022938279058	-9.265008712447495	2834.0	-2.6854894404672973	1924.0	0.0	25158.0	2767.76123046875	-1.1300000000000001	69.0	-0.11133603238866396	-465.0	-343.0	0.30364372469635625	14.161186725799054	-3174.0	12.077877493376683	-863.0	47.67333363146285	-1065.0	
2238.0	1.6204573163844014	-9.382839790131273	2844.0	-2.7618136684219143	1938.0	0.0	25798.0	2787.29248046875	-1.1525	60.0	-0.10323886639676114	-461.0	-313.0	0.24291497975708504	16.302186878727635	-3073.0	12.776777969945934	-913.0	46.130529786757926	-1205.0	
2231.0	1.276742983873802	-9.230463517381702	2832.0	-2.677865936894438	1967.0	0.0	26438.0	2806.82373046875	-1.1525	60.0	-0.10323886639676114	-461.0	-313.0	0.24291497975708504	13.30478666462762	-3060.0	12.760230176201784	-904.0	45.93088602126486	-1009.0	
2285.0	1.5641715309120028	-9.05903738499019	2818.0	-3.32216553841478	1943.0	0.0	27078.0	2826.35498046875	-1.1525	60.0	-0.10323886639676114	-461.0	-313.0	0.24291497975708504	6.774736198195443	-2809.0	15.889967669892394	-1088.0	42.11071799801241	-582.0	
2287.0	1.7444161223996841	-8.891721093364923	2804.0	-3.3411131522095667	1928.0	0.0	27718.0	2845.88623046875	-1.1675	54.0	-0.08097165991902834	-450.0	-294.0	0.20445344129554657	15.95045113931794	-2798.0	15.586186339122115	-1092.0	41.93889086446534	-1182.0	
2286.0	1.7565610927434663	-8.867700249462883	2802.0	-3.3284630928570036	1927.0	0.0	28358.0	2865.41748046875	-1.1675	54.0	-0.08097165991902834	-450.0	-294.0	0.20445344129554657	21.073558648111334	-2713.0	15.640415409129373	-1108.0	40.635152044224796	-1517.0	
2308.0	1.4660546145134166	-9.346919501039288	2842.0	-3.6060127836346876	1951.0	0.0	28998.0	2884.94873046875	-1.1675	54.0	-0.08097165991902834	-450.0	-294.0	0.20445344129554657	6.239486159963298	-2306.0	18.510987139380163	-1252.0	34.41865291267047	-547.0	
2315.0	1.5405248233252848	-9.042755762709609	2817.0	-3.683522156177566	1945.0	0.0	29638.0	2904.47998046875	-1.1675	54.0	-0.08097165991902834	-450.0	-294.0	0.20445344129554657	0.9022786358770455	-2127.0	19.244100719046873	-1284.0	31.679321473662775	-198.0	
2315.0	1.9340344475687503	-8.977507624077312	2811.0	-3.678282097162485	1912.0	0.0	30278.0	2924.01123046875	-1.18	49.0	-0.06072874493927126	-440.0	-267.0	0.14979757085020243	9.95565071111791	-2039.0	19.51073227389238	-1324.0	30.33167322729624	-790.0	
2327.0	1.6715872477724905	-9.031751413227143	2816.0	-3.8265697581964564	1934.0	0.0	30918.0	2943.54248046875	-1.18	49.0	-0.06072874493927126	-440.0	-267.0	0.14979757085020243	17.326808380486316	-2194.0	20.361067899128834	-1400.0	32.71857155055797	-1272.0	
2337.0	1.5525755910681713	-9.028155178897144	2816.0	-3.948169877787743	1944.0	0.0	31558.0	2963.07373046875	-1.18	49.0	-0.06072874493927126	-440.0	-267.0	0.14979757085020243	18.3667227404802	-2452.0	19.187860206840472	-1329.0	36.665716257431306	-1340.0	
2354.0	1.6721073742003236	-8.979738770443829	2812.0	-4.150825508895789	1934.0	0.0	32198.0	2982.60498046875	-1.1975	42.0	-0.038461538461538464	-429.0	-249.0	0.11336032388663968	14.757608196972015	-2417.0	18.36859560457979	-1266.0	36.120466683374325	-1104.0	
2356.0	1.6512306989396643	-8.686453915557376	2788.0	-4.169264964092834	1936.0	0.0	32838.0	3002.13623046875	-1.1975	42.0	-0.038461538461538464	-429.0	-249.0	0.11336032388663968	15.904572564612328	-2249.0	18.51768559115383	-1277.0	33.54408432867508	-1179.0	
2365.0	1.4995582862955763	-8.377504703775701	2763.0	-4.273036438923402	1949.0	0.0	33478.0	3021.66748046875	-1.1975	42.0	-0.038461538461538464	-429.0	-249.0	0.11336032388663968	10.689707906407708	-2088.0	19.95065691205289	-1355.0	31.087952172925963	-838.0	
2407.0	2.0959463921270416	-8.26250364443873	2753.0	-4.77079663306389	1899.0	0.0	34118.0	3041.19873046875	-1.2075	38.0	-0.016194331983805668	-418.0	-236.0	0.08704453441295547	6.65239333231381	-1989.0	20.18884571049749	-1359.0	29.571230178756043	-574.0	
2382.0	2.0854767417519176	-8.11899249147492	2741.0	-4.466826287231257	1900.0	0.0	34758.0	3060.72998046875	-1.2075	38.0	-0.016194331983805668	-418.0	-236.0	0.08704453441295547	21.715858693989908	-2027.0	18.949927879747165	-1318.0	30.141931379457287	-1559.0	
2360.0	1.8803062024938546	-8.397951179185979	2764.0	-4.209396925414203	1917.0	0.0	35398.0	3080.26123046875	-1.2075	38.0	-0.016194331983805668	-418.0	-236.0	0.08704453441295547	25.523780394555747	-1993.0	21.04842662347282	-1464.0	29.641203922518294	-1808.0	
2389.0	1.9073153290147584	-8.077990908047955	2738.0	-4.552125219087679	1915.0	0.0	36038.0	3099.79248046875	-1.2075	38.0	-0.016194331983805668	-418.0	-236.0	0.08704453441295547	12.38721517051537	-1817.0	22.662109328452537	-1533.0	26.95671162573811	-949.0	
2383.0	2.1825254411925443	-7.937932071221725	2726.0	-4.47428278460287	1892.0	0.0	36678.0	3119.32373046875	-1.21	37.0	0.01417004048582996	-403.0	-215.0	0.04453441295546559	23.367487383391957	-1679.0	21.413557242815752	-1479.0	24.826687360060507	-1667.0	
2371.0	1.9549031309877505	-8.081115472653485	2738.0	-4.334844362480541	1911.0	0.0	37318.0	3138.85498046875	-1.21	37.0	0.01417004048582996	-403.0	-215.0	0.04453441295546559	44.73161033797217	-1656.0	20.839459445579802	-1497.0	24.468023257951273	-3064.0	
2364.0	1.8465543472057	-8.201708136572854	2748.0	-4.254002354199159	1920.0	0.0	37958.0	3158.38623046875	-1.21	37.0	0.01417004048582996	-403.0	-215.0	0.04453441295546559	48.891267777947704	-1517.0	21.83258908477589	-1571.0	22.34507132586387	-3336.0	
2398.0	2.313103869302064	-7.975327355507864	2729.0	-4.654447797573763	1881.0	0.0	38598.0	3177.91748046875	-1.21	37.0	0.048582995951417005	-386.0	-187.0	-0.012145748987854251	37.238109802722136	-1414.0	22.206807057961957	-1564.0	20.768331688808868	-2574.0	
2419.0	2.5293222578738326	-7.782059926902439	2713.0	-4.901432313308708	1863.0	0.0	39238.0	3197.44873046875	-1.21	37.0	0.048582995951417005	-386.0	-187.0	-0.012145748987854251	45.80211041443646	-1604.0	23.57315000422924	-1677.0	23.697447013315273	-3134.0	
2371.0	1.5085862852275698	-7.474704810576365	2689.0	-4.327179317696601	1949.0	0.0	39878.0	3216.97998046875	-1.21	37.0	0.048582995951417005	-386.0	-187.0	-0.012145748987854251	41.214252943875216	-1836.0	27.197090954831634	-1903.0	27.29360663150627	-2834.0	
2401.0	1.6043289847185787	-7.4242443852849895	2685.0	-4.686658465328393	1941.0	0.0	40518.0	3236.51123046875	-1.21	37.0	0.048582995951417005	-386.0	-187.0	-0.012145748987854251	13.778865269918949	-1708.0	28.929264138945353	-1943.0	25.346834455107423	-1040.0	
2442.0	2.454322726456134	-6.948679735338979	2645.0	-5.1626231385265555	1870.0	0.0	41158.0	3256.04248046875	-1.22	33.0	0.11740890688259109	-352.0	-169.0	-0.048582995951417005	13.48830096345007	-1795.0	28.727587942538946	-1930.0	26.67978777140023	-1021.0	
2429.0	1.87438230284223	-6.609388763396042	2618.0	-5.005010217299739	1919.0	0.0	41798.0	3275.57373046875	-1.22	33.0	0.11740890688259109	-352.0	-169.0	-0.048582995951417005	27.435387673956264	-2120.0	27.42776368484015	-1885.0	31.653746717713833	-1933.0	
2420.0	0.7815476652524862	-6.369042998560902	2600.0	-4.902697913439175	2011.0	0.0	42438.0	3295.10498046875	-1.22	33.0	0.11740890688259109	-352.0	-169.0	-0.048582995951417005	11.102615078758221	-2089.0	27.916577759441974	-1874.0	31.182955865057977	-865.0	
2450.0	1.3063851966705964	-6.266242237702277	2591.0	-5.2568393060403515	1967.0	0.0	43078.0	3314.63623046875	-1.2025000000000001	40.0	0.12348178137651822	-349.0	-143.0	-0.10121457489878542	-13.151858082275579	-1890.0	27.394501776367395	-1775.0	28.124182857260376	721.0	
2489.0	2.104012858578062	-6.265380808860443	2590.0	-5.7187253189167295	1900.0	0.0	43718.0	3334.16748046875	-1.2025000000000001	40.0	0.12348178137651822	-349.0	-143.0	-0.10121457489878542	-13.763572411683745	-2012.0	26.44664543425823	-1713.0	29.986731300130526	761.0	
2449.0	1.0951888906292753	-5.9573014132629565	2566.0	-5.240724259840894	1985.0	0.0	44358.0	3353.69873046875	-1.2025000000000001	40.0	0.12348178137651822	-349.0	-143.0	-0.10121457489878542	-8.931029209359231	-2222.0	25.990432178536953	-1698.0	33.20451073577954	445.0	
2456.0	0.7624185701407796	-5.901000128779181	2562.0	-5.327263286753694	2013.0	0.0	44998.0	3373.22998046875	-1.2075	38.0	0.10121457489878542	-360.0	-118.0	-0.15182186234817813	-17.831472702248053	-2166.0	24.955361687634532	-1607.0	32.334868946015526	1027.0	
2511.0	1.3210428826008531	-5.990949835152794	2569.0	-5.986126640166203	1966.0	0.0	45638.0	3392.76123046875	-1.2075	38.0	0.10121457489878542	-360.0	-118.0	-0.15182186234817813	-17.770301269307236	-2199.0	24.578714842159382	-1583.0	32.83747043827889	1023.0	
2502.0	0.8699610066832953	-5.861042188813321	2559.0	-5.87960557105883	2004.0	0.0	46278.0	3412.29248046875	-1.2075	38.0	0.10121457489878542	-360.0	-118.0	-0.15182186234817813	-6.973543355253097	-2278.0	22.458269299619772	-1474.0	34.02848019184536	317.0	
2487.0	0.42992095839775213	-5.817427969748599	2556.0	-5.702410795594127	2041.0	0.0	46918.0	3431.82373046875	-1.2075	38.0	0.10121457489878542	-360.0	-118.0	-0.15182186234817813	-14.971708212264874	-2319.0	19.8649189514105	-1285.0	34.63167051834639	840.0	
2528.0	0.9286508531052139	-5.944438499002419	2566.0	-6.193939610846587	1999.0	0.0	47558.0	3451.35498046875	-1.195	43.0	0.08299595141700405	-369.0	-114.0	-0.15991902834008098	-25.707294693378195	-2345.0	17.567924491742595	-1108.0	35.00765714886096	1542.0	
2559.0	1.0729794556530432	-5.797292529933774	2554.0	-6.56304738134335	1987.0	0.0	48198.0	3470.88623046875	-1.195	43.0	0.08299595141700405	-369.0	-114.0	-0.15991902834008098	-14.084722434623032	-2599.0	15.741355865671679	-1022.0	38.88689031176398	782.0	
2560.0	0.6005429298188314	-5.421897494307336	2524.0	-6.572312038660248	2027.0	0.0	48838.0	3490.41748046875	-1.195	43.0	0.08299595141700405	-369.0	-114.0	-0.15991902834008098	-2.676250191160728	-2886.0	15.656307532556928	-1049.0	43.289906638314676	36.0	
2555.0	0.5528055257733845	-5.433733136947268	2525.0	-6.512785161698079	2031.0	0.0	49478.0	3509.94873046875	-1.2025000000000001	40.0	0.06275303643724696	-379.0	-73.0	-0.24291497975708504	-2.3245144517510323	-2865.0	16.799014840177005	-1124.0	42.979099554570254	13.0	
2572.0	0.707313004905796	-5.459175699896593	2527.0	-6.716568215274175	2018.0	0.0	50118.0	3529.47998046875	-1.2025000000000001	40.0	0.06275303643724696	-379.0	-73.0	-0.24291497975708504	-0.9940357852882705	-2599.0	16.448237622305584	-1102.0	38.89395912933032	-74.0	
2590.0	0.6983579690333186	-5.164203096668139	2503.0	-6.92762578344785	2019.0	0.0	50758.0	3549.01123046875	-1.2025000000000001	40.0	0.06275303643724696	-379.0	-73.0	-0.24291497975708504	3.135035938216853	-2326.0	14.817667860019165	-1004.0	34.68860939303935	-344.0	
2602.0	0.5429101969613145	-5.232789827678077	2509.0	-7.075130309041779	2032.0	0.0	51398.0	3568.54248046875	-1.2025000000000001	40.0	0.06275303643724696	-379.0	-73.0	-0.24291497975708504	0.16822144058724578	-2083.0	12.266606837593333	-828.0	30.934389253890746	-150.0	
2608.0	0.3641380682044414	-5.252859846222528	2511.0	-7.149608587326743	2047.0	0.0	52038.0	3588.07373046875	-1.18	49.0	0.07489878542510121	-373.0	-70.0	-0.24898785425101214	0.6117143294081664	-1925.0	10.150572663537137	-690.0	28.488800494166448	-179.0	
2614.0	0.675923058795323	-5.026741739515312	2492.0	-7.214257531913196	2021.0	0.0	52678.0	3607.60498046875	-1.18	49.0	0.07489878542510121	-373.0	-70.0	-0.24898785425101214	1.5904572564612327	-1853.0	10.937651457703158	-743.0	27.391868458723117	-243.0	
2610.0	0.4365299156111402	-5.156532248409788	2503.0	-7.171054502438591	2041.0	0.0	53318.0	3627.13623046875	-1.18	49.0	0.07489878542510121	-373.0	-70.0	-0.24898785425101214	-1.1163786511699039	-1762.0	11.275206103059778	-757.0	25.998895992287313	-66.0	
2615.0	0.35126890985863735	-5.349299490326738	2519.0	-7.236003421189875	2048.0	0.0	53958.0	3646.66748046875	-1.175	51.0	0.06072874493927126	-380.0	-45.0	-0.29959514170040485	-3.257378804098486	-1696.0	10.155887738329588	-678.0	24.97496688720377	74.0	
2619.0	0.20929860347947496	-5.260615842528695	2512.0	-7.283842222382043	2060.0	0.0	54598.0	3666.19873046875	-1.175	51.0	0.06072874493927126	-380.0	-45.0	-0.29959514170040485	-2.5997858999847074	-1542.0	9.199610723843206	-616.0	22.60235363370767	31.0	
2637.0	0.26956354558746504	-5.186502584110638	2506.0	-7.498624777672122	2055.0	0.0	55238.0	3685.72998046875	-1.175	51.0	0.06072874493927126	-380.0	-45.0	-0.29959514170040485	-1.0246215017586788	-1440.0	7.460382066784594	-506.0	21.019824014008343	-72.0	
2658.0	0.42419774440190466	-5.199273178857151	2507.0	-7.750345895771678	2042.0	0.0	55878.0	3705.26123046875	-1.1725	52.0	0.06680161943319839	-377.0	-40.0	-0.3097165991902834	2.6915430493959325	-1344.0	5.373129305958349	-379.0	19.52588105522009	-315.0	
2639.0	0.20871317852286375	-5.319158338189816	2517.0	-7.525982781966519	2060.0	0.0	56518.0	3724.79248046875	-1.1725	52.0	0.06680161943319839	-377.0	-40.0	-0.3097165991902834	4.649028903502065	-1311.0	4.869240971460699	-351.0	19.01447421115699	-443.0	
2644.0	0.3742552592692602	-5.431616930216835	2526.0	-7.5868174968550175	2046.0	0.0	57158.0	3744.32373046875	-1.1725	52.0	0.06680161943319839	-377.0	-40.0	-0.3097165991902834	-2.660957332925524	-1238.0	5.664994282970265	-383.0	17.90228443722897	35.0	
2669.0	0.5523333084325676	-5.4809548710289615	2530.0	-7.887228294456736	2031.0	0.0	57798.0	3763.85498046875	-1.1725	52.0	0.06680161943319839	-377.0	-40.0	-0.3097165991902834	0.04587857470561248	-1377.0	4.551039481234035	-319.0	20.024028117690968	-142.0	
2658.0	0.28185691366736376	-5.147641966596961	2503.0	-7.75073667983382	2054.0	0.0	58438.0	3783.38623046875	-1.1675	54.0	0.06477732793522267	-378.0	-26.0	-0.33805668016194335	10.368557883468421	-1625.0	3.6694631782676344	-291.0	23.820644301876282	-817.0	
2657.0	0.15409910001010882	-4.828185237084355	2477.0	-7.733576930609056	2065.0	0.0	59078.0	3802.91748046875	-1.1675	54.0	0.06477732793522267	-378.0	-26.0	-0.33805668016194335	4.801957485854107	-1768.0	3.116509682536101	-242.0	26.009375930030824	-453.0	
2675.0	0.4160948205498154	-4.819089373589888	2476.0	-7.947642526013287	2043.0	0.0	59718.0	3822.44873046875	-1.1675	54.0	0.06477732793522267	-378.0	-26.0	-0.33805668016194335	-4.098486007034715	-1776.0	2.133142547296063	-155.0	26.122298127943427	129.0	
2674.0	0.41548410453010126	-4.880160975561306	2481.0	-7.936821872441829	2043.0	0.0	60358.0	3841.97998046875	-1.16	57.0	0.04251012145748988	-389.0	-1.0	-0.38866396761133604	-4.847836060559719	-1663.0	0.011770860384474599	-14.0	24.36715775770619	178.0	
2678.0	0.48531841153929756	-5.039587417498813	2494.0	-7.987504829294823	2037.0	0.0	60998.0	3861.51123046875	-1.16	57.0	0.04251012145748988	-389.0	-1.0	-0.38866396761133604	-4.603150328796453	-1545.0	-0.7335657398640046	35.0	22.549055320044967	162.0	
2672.0	0.23402048967566813	-5.169379603861762	2505.0	-7.920324495614214	2058.0	0.0	61638.0	3881.04248046875	-1.16	57.0	0.04251012145748988	-389.0	-1.0	-0.38866396761133604	-0.8716929194066372	-1455.0	0.330694985993512	-43.0	21.178694398072306	-82.0	
2688.0	0.473549987232585	-5.025953657693881	2493.0	-8.107831766052636	2038.0	0.0	62278.0	3900.57373046875	-1.16	57.0	0.04251012145748988	-389.0	-1.0	-0.38866396761133604	-2.8138859152775657	-1570.0	1.5596645679071226	-119.0	22.955599714575804	45.0	
