Device	Device	Device	Device	Device	Device	Device	Device	Device	Device	Device	Device	Device	Device	Device	Device	Device	Device	Device	Device	Device	
Low Noise Accelerometer X	Low Noise Accelerometer X	Low Noise Accelerometer Z	Low Noise Accelerometer Z	Low Noise Accelerometer Y	Low Noise Accelerometer Y	Event_Marker	Timestamp	Timestamp	Magnetometer Z	Magnetometer Z	Magnetometer X	Magnetometer X	Magnetometer Y	Magnetometer Y	Gyroscope Y	Gyroscope Y	Gyroscope Z	Gyroscope Z	Gyroscope X	Gyroscope X	
CAL	UNCAL	UNCAL	CAL	CAL	UNCAL	CAL	UNCAL	CAL	CAL	UNCAL	CAL	UNCAL	CAL	UNCAL	CAL	UNCAL	CAL	UNCAL	UNCAL	CAL	
m/(s^2)	no units	no units	m/(s^2)	m/(s^2)	no units	no units	no units	ms	local_flux	no units	local_flux	no units	local_flux	no units	deg/s	no units	deg/s	no units	no units	deg/s	
-0.23124370131649247	1965.0	2995.0	-11.219608226887342	0.4720905791719798	2092.0	0.0	47336.0	1444.580078125	-0.875	171.0	-0.12550607287449392	-472.0	-0.8663967611336032	235.0	22.281694448692463	481.0	-6.512115573507134	361.0	-1596.0	-8.59665406965252	
-0.5700674883240257	1970.0	2943.0	-10.578177403831132	0.42128999390760696	2121.0	0.0	47976.0	1464.111328125	-0.875	171.0	-0.12550607287449392	-472.0	-0.8663967611336032	235.0	7.8299434164245305	-89.0	-1.0689692627973997	39.0	-651.0	0.2041330785857747	
-0.4392457569982722	1948.0	2846.0	-9.400766176017688	0.7112066767409888	2111.0	0.0	48616.0	1483.642578125	-0.88	169.0	-0.11538461538461539	-467.0	-0.8502024291497976	227.0	-5.490136106438293	-343.0	1.978007546819149	-127.0	220.0	4.132101695845667	
-0.18798396522478972	1924.0	2835.0	-9.27458699866945	1.0053995047117126	2090.0	0.0	49256.0	1503.173828125	-0.88	169.0	-0.11538461538461539	-467.0	-0.8502024291497976	227.0	-5.964214711729623	-575.0	2.422794476794563	-157.0	251.0	7.696469773830398	
-0.20609492404762683	1931.0	2886.0	-9.89520669047697	0.9084686518897434	2091.0	0.0	49896.0	1522.705078125	-0.88	169.0	-0.11538461538461539	-467.0	-0.8502024291497976	227.0	-1.6669215476372536	-709.0	2.4918324693711016	-174.0	-30.0	9.753320963944901	
-0.1928407893103855	1940.0	2875.0	-9.760269407229025	0.8028662039623157	2090.0	0.0	50536.0	1542.236328125	-0.8725	172.0	-0.11740890688259109	-468.0	-0.8481781376518218	226.0	-0.9787429270530663	-886.0	0.9298413968709817	-76.0	-75.0	12.453674660708009	
-0.3553244726128581	1944.0	2841.0	-9.341971070809622	0.7614145627733416	2104.0	0.0	51176.0	1561.767578125	-0.8725	172.0	-0.11740890688259109	-468.0	-0.8481781376518218	226.0	2.8903502064535864	-838.0	0.1826100403155797	-37.0	-328.0	11.70966713155246	
-0.13061095777953352	1970.0	2853.0	-9.489667206524782	0.44745476315917887	2085.0	0.0	51816.0	1581.298828125	-0.8725	172.0	-0.11740890688259109	-468.0	-0.8481781376518218	226.0	0.8869857776418414	-949.0	-1.1077966205876308	51.0	-197.0	13.40000075099529	
-0.07696487194215071	1958.0	2901.0	-10.077439575167451	0.5808140898977114	2080.0	0.0	52456.0	1600.830078125	-0.8725	172.0	-0.11740890688259109	-468.0	-0.8481781376518218	226.0	-0.015292858235204161	-1019.0	-0.4826014267259314	12.0	-138.0	14.48036655900265	
-0.05121330755082211	1955.0	2885.0	-9.883235516986973	0.6211002650184873	2078.0	0.0	53096.0	1620.361328125	-0.86	177.0	-0.10931174089068826	-464.0	-0.8441295546558705	224.0	-0.7034714788193914	-1000.0	0.270731534281366	-35.0	-93.0	14.196354699108351	
0.18550882325355073	1968.0	2896.0	-10.020546246073497	0.464094765720704	2058.0	0.0	53736.0	1639.892578125	-0.86	177.0	-0.10931174089068826	-464.0	-0.8441295546558705	224.0	0.382321455880104	-753.0	-2.441803858654256	141.0	-164.0	10.379141881622143	
0.45389360891386454	1963.0	2940.0	-10.563020060994498	0.516170101134309	2035.0	0.0	54376.0	1659.423828125	-0.86	177.0	-0.10931174089068826	-464.0	-0.8441295546558705	224.0	6.086557577611256	-726.0	-4.126975419834451	236.0	-537.0	9.94798910724097	
0.3193321467932255	1981.0	2970.0	-10.923928177820299	0.2907388542970684	2046.0	0.0	55016.0	1678.955078125	-0.86	177.0	-0.10728744939271255	-463.0	-0.8481781376518218	226.0	13.534179538155682	-360.0	-6.02981208395807	344.0	-1024.0	4.312879721726016	
0.1617214454058622	2019.0	2994.0	-11.208807840366159	-0.17436617126892723	2059.0	0.0	55656.0	1698.486328125	-0.86	177.0	-0.10728744939271255	-463.0	-0.8481781376518218	226.0	14.451751032267932	-288.0	-4.086733366107764	216.0	-1084.0	3.227507685519527	
0.27613092172498005	2034.0	3032.0	-11.672622113216283	-0.3632212535290036	2049.0	0.0	56296.0	1718.017578125	-0.86	177.0	-0.10728744939271255	-463.0	-0.8481781376518218	226.0	19.437222816944487	-244.0	-4.725422013479336	245.0	-1410.0	2.545963518088316	
0.14535324938662492	2056.0	3031.0	-11.655151251813704	-0.6292398539881909	2060.0	0.0	56936.0	1737.548828125	-0.86	177.0	-0.10728744939271255	-463.0	-0.8481781376518218	226.0	21.073558648111334	-428.0	-3.4809780880730354	158.0	-1517.0	5.381792950437362	
-0.31371205671902336	2062.0	2989.0	-11.133110433807097	-0.6956788473156212	2099.0	0.0	57576.0	1757.080078125	-0.85	181.0	-0.08906882591093118	-454.0	-0.8765182186234818	240.0	11.668450833460774	-821.0	0.8646370500369273	-104.0	-902.0	11.455631179461546	
-0.11556538532804653	2086.0	2926.0	-10.366062342328464	-0.967513045278163	2083.0	0.0	58216.0	1776.611328125	-0.85	181.0	-0.08906882591093118	-454.0	-0.8765182186234818	240.0	-6.820614772901056	-1135.0	5.093512351575734	-334.0	307.0	16.31608780112816	
0.2799199673653253	2107.0	2904.0	-10.103241358705565	-1.2113138202715423	2050.0	0.0	58856.0	1796.142578125	-0.85	181.0	-0.08906882591093118	-454.0	-0.8765182186234818	240.0	-18.93255849518275	-970.0	8.217978362315616	-504.0	1099.0	13.815492657644945	
0.380703580255485	2108.0	2956.0	-10.73916578397531	-1.23507266541912	2041.0	0.0	59496.0	1815.673828125	-0.8475	182.0	-0.09919028340080972	-459.0	-0.9048582995951417	254.0	-5.688943263495948	-782.0	7.255710142603782	-474.0	233.0	10.921107047720346	
0.06936043423045109	2064.0	2971.0	-10.92109943409775	-0.7117042879541083	2067.0	0.0	60136.0	1835.205078125	-0.8475	182.0	-0.09919028340080972	-459.0	-0.9048582995951417	254.0	0.3517357394096957	-782.0	5.845173120945913	-398.0	-162.0	10.907001677503766	
0.011271669137540796	2031.0	2959.0	-10.777594991007826	-0.3118247252974558	2072.0	0.0	60776.0	1854.736328125	-0.8475	182.0	-0.09919028340080972	-459.0	-0.9048582995951417	254.0	-1.055207218229087	-806.0	4.436595376893159	-303.0	-70.0	11.261183507858236	
-0.08468833962737736	2023.0	2965.0	-10.849786343690116	-0.21784261027007615	2080.0	0.0	61416.0	1874.267578125	-0.84	185.0	-0.1194331983805668	-469.0	-0.9008097165991903	252.0	-4.878421777030128	-679.0	5.301126200224099	-348.0	180.0	9.321079391509683	
0.10233029337234846	2018.0	2993.0	-11.195542091336582	-0.1626465750375865	2064.0	0.0	62056.0	1893.798828125	-0.84	185.0	-0.1194331983805668	-469.0	-0.9008097165991903	252.0	-6.300657592904114	-800.0	5.231780000059235	-341.0	273.0	11.17706845214115	
0.005741503542642565	1994.0	3004.0	-11.330611550497649	0.12284277438691923	2072.0	0.0	62696.0	1913.330078125	-0.84	185.0	-0.1194331983805668	-469.0	-0.9008097165991903	252.0	-5.65835754702554	-925.0	4.356353496523295	-287.0	231.0	13.086374644371402	
0.47116620487315064	2005.0	2994.0	-11.216712846018273	-0.002755124992115887	2033.0	0.0	63336.0	1932.861328125	-0.84	185.0	-0.1194331983805668	-469.0	-0.9008097165991903	252.0	-3.7773359840954277	-891.0	2.286844354341766	-157.0	108.0	12.54396710857334	
-0.2257026966945501	2011.0	2950.0	-10.665507764693105	-0.07098886900779552	2092.0	0.0	63976.0	1952.392578125	-0.8175	194.0	-0.13157894736842105	-475.0	-0.8785425101214575	241.0	-0.41290717235051233	-1131.0	0.4851022335171349	-51.0	-112.0	16.208625765315073	
-0.44769100401284406	2021.0	2916.0	-10.245290877474877	-0.1852863420474573	2111.0	0.0	64616.0	1971.923828125	-0.8175	194.0	-0.13157894736842105	-475.0	-0.8785425101214575	241.0	-6.973543355253097	-1263.0	-0.22635532269665642	11.0	317.0	18.226983032625423	
0.027187181563886276	2023.0	2926.0	-10.37651993884947	-0.20725852696135053	2071.0	0.0	65256.0	1991.455078125	-0.8175	194.0	-0.13157894736842105	-475.0	-0.8785425101214575	241.0	-9.863893561706684	-1321.0	-2.0730020586545725	138.0	506.0	19.098496617437085	
0.20534136828301575	2010.0	2929.0	-10.418244124079376	-0.049684962774661	2056.0	0.0	360.0	2010.986328125	-0.7975	202.0	-0.1194331983805668	-469.0	-0.888663967611336	246.0	-6.28536473466891	-1342.0	-2.65001082120207	166.0	272.0	19.414960686632234	
-0.1555335569074138	2054.0	2863.0	-9.600974738360428	-0.5670688062398972	2087.0	0.0	1000.0	2030.517578125	-0.7975	202.0	-0.1194331983805668	-469.0	-0.888663967611336	246.0	-8.166386297599022	-1001.0	-1.6918996407502092	112.0	395.0	14.19207287101616	
-0.10636463756665876	2033.0	2850.0	-9.445987566189686	-0.3104653254103037	2083.0	0.0	1640.0	2050.048828125	-0.7975	202.0	-0.1194331983805668	-469.0	-0.888663967611336	246.0	-14.681143905795995	-937.0	0.94711356005598	-42.0	821.0	13.236416048904228	
0.06741431273188457	2031.0	2889.0	-9.92523539347821	-0.2942161069109201	2068.0	0.0	2280.0	2069.580078125	-0.7975	202.0	-0.1194331983805668	-469.0	-0.888663967611336	246.0	-15.338736809909774	-650.0	2.0018144028614344	-106.0	864.0	8.843096247450436	
-0.3137270102121986	2013.0	2891.0	-9.944129592648435	-0.08153793424424734	2100.0	0.0	2920.0	2089.111328125	-0.7775	210.0	-0.12753036437246965	-473.0	-0.8866396761133604	245.0	-10.246215017586788	-663.0	3.65720532426004	-227.0	531.0	9.059128444220045	
-0.4450067439333134	2023.0	2894.0	-9.976864869521817	-0.20398736482976948	2111.0	0.0	3560.0	2108.642578125	-0.7775	210.0	-0.12753036437246965	-473.0	-0.8866396761133604	245.0	-8.441657745832696	-622.0	3.268325933048303	-206.0	413.0	8.426115820324807	
-0.5980562123709755	2002.0	2880.0	-9.805621237097558	0.05091906132711016	2124.0	0.0	4200.0	2128.173828125	-0.7775	210.0	-0.12753036437246965	-473.0	-0.8866396761133604	245.0	-10.414436458174034	-883.0	3.89165110429903	-244.0	542.0	12.437259306807913	
-0.8572156620860205	2011.0	2858.0	-9.531090018125854	-0.05461564373036523	2146.0	0.0	4840.0	2147.705078125	-0.7675000000000001	214.0	-0.1396761133603239	-479.0	-0.9331983805668016	268.0	-15.32344395167457	-964.0	3.7218076322730727	-221.0	863.0	13.678464048395771	
-0.6548838023252956	2004.0	2858.0	-9.535999280148616	0.03164683902437712	2129.0	0.0	5480.0	2167.236328125	-0.7675000000000001	214.0	-0.1396761133603239	-479.0	-0.9331983805668016	268.0	-22.526380180455728	-1141.0	2.613855989767649	-132.0	1334.0	16.383358139458824	
-0.3709299418672502	2007.0	2872.0	-9.712041805772639	-0.0051790511967758635	2105.0	0.0	6120.0	2186.767578125	-0.7675000000000001	214.0	-0.1396761133603239	-479.0	-0.9331983805668016	268.0	-16.94448692460621	-1050.0	-1.1022373967302137	96.0	969.0	14.94984919270448	
0.07141059444272457	2009.0	2856.0	-9.52560722239421	-0.021123339708276234	2068.0	0.0	6760.0	2206.298828125	-0.7475	222.0	-0.1417004048582996	-480.0	-0.9089068825910931	256.0	-7.539379109955651	-858.0	-5.371026887364247	351.0	354.0	11.961020435438158	
-0.18644165098636384	1990.0	2823.0	-9.120355574826862	0.21331883343938224	2090.0	0.0	7400.0	2225.830078125	-0.7475	222.0	-0.1417004048582996	-480.0	-0.9089068825910931	256.0	5.643064688790336	-698.0	-7.704027782661203	470.0	-508.0	9.482573041185203	
-0.4804416466652722	2010.0	2794.0	-8.758450380812935	-0.02334691805881503	2115.0	0.0	8040.0	2245.361328125	-0.7475	222.0	-0.1417004048582996	-480.0	-0.9089068825910931	256.0	16.50099403578529	-395.0	-10.921863182317718	654.0	-1218.0	4.801016138776793	
-0.08657595010248671	2002.0	2785.0	-8.65759501024867	0.07899438848677279	2082.0	0.0	8680.0	2264.892578125	-0.7475	222.0	-0.1417004048582996	-480.0	-0.9089068825910931	256.0	13.503593821685275	-237.0	-10.65469161565225	646.0	-1022.0	2.379259436459712	
-0.009721388235218925	2001.0	2838.0	-9.305472156855227	0.07885358394439868	2075.0	0.0	9320.0	2284.423828125	-0.745	223.0	-0.11538461538461539	-467.0	-0.9210526315789473	262.0	6.193607585257685	167.0	-7.485665808880986	463.0	-544.0	-3.7882217033550365	
0.2824934285017381	2017.0	2882.0	-9.845895245064282	-0.12180381398976226	2050.0	0.0	9960.0	2303.955078125	-0.745	223.0	-0.11538461538461539	-467.0	-0.9210526315789473	262.0	1.7280929805780703	674.0	-2.815010328161325	176.0	-252.0	-11.521168363217168	
0.24663912508164956	1996.0	2883.0	-9.85989701564457	0.13056965575720217	2053.0	0.0	10600.0	2323.486328125	-0.745	223.0	-0.11538461538461539	-467.0	-0.9210526315789473	262.0	2.0186572870469495	867.0	3.478310165983764	-232.0	-271.0	-14.419720504293824	
0.06398850248448046	1984.0	2819.0	-9.077340227742429	0.28897259854228535	2069.0	0.0	11240.0	2343.017578125	-0.74	225.0	-0.11336032388663968	-466.0	-0.9089068825910931	256.0	5.061936075852578	957.0	7.907709530799521	-527.0	-470.0	-15.756430039876907	
-0.5061134604917639	1978.0	2809.0	-8.944679382509724	0.358213952443683	2117.0	0.0	11880.0	2362.548828125	-0.74	225.0	-0.11336032388663968	-466.0	-0.9089068825910931	256.0	4.92430035173574	1023.0	12.445269735085493	-821.0	-461.0	-16.72379035927029	
-0.42874961122370714	1995.0	2858.0	-9.541627789037378	0.1422293456973768	2110.0	0.0	12520.0	2382.080078125	-0.74	225.0	-0.11336032388663968	-466.0	-0.9089068825910931	256.0	-1.2540143752867412	1113.0	15.828470562987668	-1024.0	-57.0	-18.070961880222512	
-0.19728132425974973	1998.0	2912.0	-10.20432290216545	0.09514554799120195	2090.0	0.0	13160.0	2401.611328125	-0.74	225.0	-0.11336032388663968	-466.0	-0.9089068825910931	256.0	-1.5904572564612327	995.0	16.377527841642525	-1060.0	-35.0	-16.254822235777223	
-0.39897356392864264	2030.0	2907.0	-10.1354516309595	-0.2910361176560668	2107.0	0.0	13800.0	2421.142578125	-0.7525000000000001	220.0	-0.12955465587044535	-474.0	-0.8805668016194332	242.0	4.29729316409237	746.0	13.196883085762503	-871.0	-420.0	-12.465852252462923	
-0.9778809607049098	2065.0	2872.0	-9.692857975252876	-0.7096600654976488	2156.0	0.0	14440.0	2440.673828125	-0.7525000000000001	220.0	-0.12955465587044535	-474.0	-0.8805668016194332	242.0	9.129836366416884	388.0	11.533647532328379	-779.0	-736.0	-6.9891594583885475	
-0.7543031056644854	2059.0	2893.0	-9.954120090258062	-0.6403603726208422	2137.0	0.0	15080.0	2460.205078125	-0.7525000000000001	220.0	-0.12955465587044535	-474.0	-0.8805668016194332	242.0	5.964214711729623	-527.0	11.88900881015113	-803.0	-529.0	7.054596701573968	
-0.745765827631091	2099.0	2921.0	-10.290868477394818	-1.128937678426617	2136.0	0.0	15720.0	2479.736328125	-0.7625000000000001	216.0	-0.1194331983805668	-469.0	-0.868421052631579	236.0	6.5759290411377895	-1304.0	9.11522641789183	-632.0	-569.0	18.94952268001443	
-0.8519083259896061	2102.0	2913.0	-10.190832598960611	-1.164142964154771	2145.0	0.0	16360.0	2499.267578125	-0.7625000000000001	216.0	-0.1194331983805668	-469.0	-0.868421052631579	236.0	3.5632359688025694	-2343.0	5.830978865642499	-421.0	-372.0	34.85959872528371	
-0.21585777586249077	2088.0	2870.0	-9.681015681487175	-0.9789114215088504	2092.0	0.0	17000.0	2518.798828125	-0.7625000000000001	216.0	-0.1194331983805668	-469.0	-0.868421052631579	236.0	2.64566447469032	-3067.0	2.126747350064001	-185.0	-312.0	45.93196257861035	
-0.33004994290769946	2051.0	2830.0	-9.195470481246133	-0.5245593066443611	2102.0	0.0	17640.0	2538.330078125	-0.7225	232.0	-0.08097165991902834	-450.0	-0.8643724696356275	234.0	4.434928888209207	-3545.0	-1.6787645417527055	53.0	-429.0	53.22857064827589	
-0.5645609709431836	2052.0	2801.0	-8.83704947527074	-0.5317841895762924	2122.0	0.0	18280.0	2557.861328125	-0.7225	232.0	-0.08097165991902834	-450.0	-0.8643724696356275	234.0	2.1562930111637866	-3336.0	-2.324596996819249	103.0	-280.0	50.01511523917712	
-0.6105881292661632	2050.0	2788.0	-8.677860545663936	-0.5049642970252175	2126.0	0.0	18920.0	2577.392578125	-0.7225	232.0	-0.08097165991902834	-450.0	-0.8643724696356275	234.0	-1.7128001223428662	-2925.0	-0.5225760106096538	0.0	-27.0	43.72655266554988	
-0.41419455824871376	2072.0	2837.0	-9.276598682014235	-0.7800353650059043	2109.0	0.0	19560.0	2596.923828125	-0.7225	232.0	-0.08097165991902834	-450.0	-0.8643724696356275	234.0	-2.9056430646887907	-2228.0	0.8317687367199632	-78.0	51.0	33.04499100331012	
-0.39729971266283565	2104.0	2894.0	-9.968066504378804	-1.1792379416720358	2107.0	0.0	20200.0	2616.455078125	-0.6875	246.0	-0.06275303643724696	-441.0	-0.8805668016194332	242.0	3.7467502676250195	-1609.0	-0.016078808904859465	-34.0	-384.0	23.538277143474556	
-0.9069170155845043	2096.0	2876.0	-9.739320606069477	-1.0833736545663912	2150.0	0.0	20840.0	2635.986328125	-0.6875	246.0	-0.06275303643724696	-441.0	-0.8805668016194332	242.0	6.025386144670439	-1500.0	-1.197902494135458	38.0	-533.0	21.853910187886633	
-0.5852393692207423	2154.0	2874.0	-9.714413112550423	-1.778453908955264	2123.0	0.0	21480.0	2655.517578125	-0.6875	246.0	-0.06275303643724696	-441.0	-0.8805668016194332	242.0	0.0764642911760208	-1220.0	-5.023658942346227	305.0	-144.0	17.519197199129554	
-0.6348089213253317	2146.0	2890.0	-9.909463561104609	-1.686465071278719	2127.0	0.0	22120.0	2675.048828125	-0.6625	256.0	-0.06072874493927126	-440.0	-0.8927125506072875	248.0	-3.3950145282153237	-1724.0	-6.3156446904939605	393.0	83.0	25.23989710534303	
-0.616066271307914	2194.0	2932.0	-10.416150940315214	-2.274724645374805	2125.0	0.0	22760.0	2694.580078125	-0.6625	256.0	-0.06072874493927126	-440.0	-0.8927125506072875	248.0	-0.474078605291329	-1943.0	-10.6803862668962	667.0	-108.0	28.55669161070836	
-1.1521436702505359	2208.0	2936.0	-10.452462263148828	-2.4494863446160844	2170.0	0.0	23400.0	2714.111328125	-0.6625	256.0	-0.06072874493927126	-440.0	-0.8927125506072875	248.0	-2.2327573023398077	-2325.0	-13.421803455246328	846.0	7.0	34.390870196228576	
-0.9833102264139093	2213.0	2918.0	-10.235784546152837	-2.50370541969322	2156.0	0.0	24040.0	2733.642578125	-0.6625	256.0	-0.06072874493927126	-440.0	-0.8927125506072875	248.0	-13.947086710506195	-2670.0	-16.066971758782454	1045.0	773.0	39.65826537524631	
-0.678439244716821	2211.0	2858.0	-9.510591138348762	-2.4620564561779985	2131.0	0.0	24680.0	2753.173828125	-0.635	267.0	-0.03036437246963563	-425.0	-0.9311740890688259	267.0	-25.294387521027684	-2882.0	-17.168342534233183	1144.0	1515.0	42.90028220301428	
-0.39207262858837466	2193.0	2852.0	-9.445358096932704	-2.241020659308875	2107.0	0.0	25320.0	2772.705078125	-0.635	267.0	-0.03036437246963563	-425.0	-0.9311740890688259	267.0	-26.961309068664935	-2936.0	-20.339906802881476	1354.0	1624.0	43.69716867786654	
-0.42510511321986044	2187.0	2830.0	-9.177177988652703	-2.163698225363084	2110.0	0.0	25960.0	2792.236328125	-0.635	267.0	-0.03036437246963563	-425.0	-0.9311740890688259	267.0	-19.33017280929806	-2924.0	-24.226986197433078	1587.0	1125.0	43.47416408002352	
-1.0734345793908155	2192.0	2876.0	-9.724410320033936	-2.24136713050784	2164.0	0.0	26600.0	2811.767578125	-0.6025	280.0	-0.010121457489878543	-415.0	-0.9716599190283401	287.0	-4.893714635265331	-2723.0	-25.757912948192846	1651.0	181.0	40.374613597232816	
-0.8420429314397967	2196.0	2833.0	-9.204293143979678	-2.276843641591582	2145.0	0.0	27240.0	2831.298828125	-0.6025	280.0	-0.010121457489878543	-415.0	-0.9716599190283401	287.0	-6.958250497017893	-2593.0	-26.08605383965207	1679.0	316.0	38.376549312761995	
-0.7174309932664485	2180.0	2787.0	-8.647861231406754	-2.0716977996210404	2135.0	0.0	27880.0	2850.830078125	-0.6025	280.0	-0.010121457489878543	-415.0	-0.9716599190283401	287.0	-7.004129071723506	-2595.0	-24.854068874050615	1599.0	319.0	38.419558129734256	
-0.5542884204907322	2217.0	2816.0	-9.00027062050179	-2.5228976942053047	2121.0	0.0	28520.0	2870.361328125	-0.5575	298.0	0.020242914979757085	-400.0	-0.9817813765182186	292.0	-3.5479431105673656	-2405.0	-24.101831079777778	1543.0	93.0	35.51162861263325	
-0.732459467918597	2216.0	2813.0	-8.960232506145413	-2.511830449621371	2136.0	0.0	29160.0	2889.892578125	-0.5575	298.0	0.020242914979757085	-400.0	-0.9817813765182186	292.0	-1.1163786511699039	-2432.0	-24.556982877911658	1566.0	-66.0	35.92137815342129	
-0.399561223411735	2214.0	2816.0	-9.003741388792552	-2.485275259287077	2108.0	0.0	29800.0	2909.423828125	-0.5575	298.0	0.020242914979757085	-400.0	-0.9817813765182186	292.0	0.9022786358770455	-2645.0	-23.83984319377526	1512.0	-198.0	39.196924569443254	
-0.44627643964658925	2248.0	2809.0	-8.91335825037321	-2.893573302897906	2112.0	0.0	30440.0	2928.955078125	-0.5575	298.0	0.020242914979757085	-400.0	-0.9817813765182186	292.0	2.676250191160728	-2615.0	-23.121775824501963	1461.0	-314.0	38.74377073339224	
0.14396787444047038	2213.0	2751.0	-8.222260175000583	-2.4521621512616307	2063.0	0.0	31080.0	2948.486328125	-0.525	311.0	0.05060728744939271	-385.0	-0.9696356275303644	286.0	1.5904572564612327	-2808.0	-20.539381636233568	1294.0	-243.0	41.73108002129303	
0.2636348076090184	2241.0	2746.0	-8.160328762907689	-2.787076251278449	2053.0	0.0	31720.0	2968.017578125	-0.525	311.0	0.05060728744939271	-385.0	-0.9696356275303644	286.0	8.105214864658205	-2775.0	-18.887674569947315	1170.0	-669.0	41.241229131237766	
0.4658580127327886	2245.0	2747.0	-8.176103488625909	-2.833562284825913	2036.0	0.0	32360.0	2987.548828125	-0.525	311.0	0.05060728744939271	-385.0	-0.9696356275303644	286.0	13.274200948157212	-2819.0	-16.963245434025055	1031.0	-1007.0	41.935630703554494	
0.07251003392515969	2278.0	2752.0	-8.225187083674506	-3.2360677979607444	2069.0	0.0	33000.0	3007.080078125	-0.4975	322.0	0.08502024291497975	-368.0	-0.9959514170040485	299.0	15.87398684814192	-2822.0	-14.760580138345711	881.0	-1177.0	42.00369080748566	
0.25288375376754557	2286.0	2737.0	-8.044957956578777	-3.3270450203890807	2054.0	0.0	33640.0	3026.611328125	-0.4975	322.0	0.08502024291497975	-368.0	-0.9959514170040485	299.0	8.533414895243922	-2678.0	-11.507177007080909	690.0	-697.0	39.826619192028325	
0.22962322690860315	2333.0	2733.0	-7.990058261520636	-3.892444691997471	2056.0	0.0	34280.0	3046.142578125	-0.4975	322.0	0.08502024291497975	-368.0	-0.9959514170040485	299.0	5.795993271142377	-2728.0	-7.760134102541855	453.0	-518.0	40.63131380397996	
-0.09804716770016808	2360.0	2785.0	-8.614240579540617	-4.233506247123236	2083.0	0.0	34920.0	3065.673828125	-0.4975	322.0	0.08502024291497975	-368.0	-0.9959514170040485	299.0	6.606514757608197	-2608.0	-7.328099567405429	424.0	-571.0	38.794296110356335	
-0.2765730831110143	2368.0	2785.0	-8.609689263482384	-4.331586022124854	2098.0	0.0	35560.0	3085.205078125	-0.4575	338.0	0.12348178137651822	-349.0	-0.9736842105263158	288.0	9.66508640464903	-2468.0	-6.72143737368486	378.0	-771.0	36.65213502015605	
-0.4025772949376253	2406.0	2745.0	-8.114872350905394	-4.780781051292785	2109.0	0.0	36200.0	3104.736328125	-0.4575	338.0	0.12348178137651822	-349.0	-0.9736842105263158	288.0	4.496100321150023	-2490.0	-5.625992825886824	320.0	-433.0	37.00066810611278	
-0.45079267363906717	2409.0	2750.0	-8.174505459144811	-4.818600445557841	2113.0	0.0	36840.0	3124.267578125	-0.4575	338.0	0.12348178137651822	-349.0	-0.9736842105263158	288.0	0.13763572411683744	-2532.0	-6.673191867135953	399.0	-148.0	37.634664429341534	
-0.6210732891433989	2417.0	2780.0	-8.535900342911319	-4.923916691556889	2127.0	0.0	37480.0	3143.798828125	-0.425	351.0	0.13562753036437247	-343.0	-1.0020242914979758	302.0	-1.6516286894020493	-2605.0	-7.581813581235798	462.0	-31.0	38.745725519243656	
-0.45501228630550755	2448.0	2785.0	-8.596466725788845	-5.296961385089675	2113.0	0.0	38120.0	3163.330078125	-0.425	351.0	0.13562753036437247	-343.0	-1.0020242914979758	302.0	-3.4867716776265487	-2641.0	-8.975106190617566	557.0	89.0	39.28419400484233	
-0.4502882035836311	2423.0	2746.0	-8.124058453601204	-4.986261159541596	2113.0	0.0	38760.0	3182.861328125	-0.425	351.0	0.13562753036437247	-343.0	-1.0020242914979758	302.0	-4.572564612326044	-2668.0	-10.166278277391559	637.0	160.0	39.686583342743965	
-0.16231638336065735	2422.0	2727.0	-7.8983050027324	-4.966818179550906	2089.0	0.0	39400.0	3202.392578125	-0.39	365.0	0.15991902834008098	-331.0	-0.9898785425101214	296.0	-5.077228934087781	-2708.0	-10.967408575848202	690.0	193.0	40.29235138608439	
0.30551023461320737	2403.0	2697.0	-7.544214633917359	-4.726142443344262	2050.0	0.0	40040.0	3221.923828125	-0.39	365.0	0.15991902834008098	-331.0	-0.9898785425101214	296.0	-4.159657439975532	-2703.0	-11.418619810195597	717.0	133.0	40.21111685545029	
0.18929871864340292	2410.0	2674.0	-7.260604326135897	-4.805969701745922	2060.0	0.0	40680.0	3241.455078125	-0.39	365.0	0.15991902834008098	-331.0	-0.9898785425101214	296.0	-0.2752714482336749	-2669.0	-11.538001689464009	715.0	-121.0	39.688210592281365	
0.47505582308847333	2392.0	2673.0	-7.256322453057434	-4.586159023360384	2036.0	0.0	41320.0	3260.986328125	-0.39	365.0	0.15991902834008098	-331.0	-0.9898785425101214	296.0	2.7221287658663407	-2527.0	-9.49817991842519	576.0	-317.0	37.52969213053801	
1.0935299928566435	2424.0	2677.0	-7.3136673810023165	-4.966663348896299	1984.0	0.0	41960.0	3280.517578125	-0.365	375.0	0.17206477732793524	-325.0	-1.0202429149797572	311.0	8.976907784064842	-2350.0	-7.044945360581102	402.0	-726.0	34.83825086862834	
0.7420928955400391	2446.0	2631.0	-6.743091398377041	-5.223826441180814	2014.0	0.0	42600.0	3300.048828125	-0.365	375.0	0.17206477732793524	-325.0	-1.0202429149797572	311.0	19.161951368710813	-2039.0	-5.174386727359387	257.0	-1392.0	30.08482203728372	
0.28925233607997136	2495.0	2636.0	-6.789052106288579	-5.819635506716778	2052.0	0.0	43240.0	3319.580078125	-0.365	375.0	0.17206477732793524	-325.0	-1.0202429149797572	311.0	20.813580058112862	-1779.0	-2.0475078839273615	52.0	-1500.0	26.126525074605567	
0.12348210703262158	2503.0	2629.0	-6.69940834435689	-5.915885875937294	2066.0	0.0	43880.0	3339.111328125	-0.34750000000000003	382.0	0.1882591093117409	-317.0	-1.040485829959514	321.0	17.296222664015907	-1623.0	0.25502614792539324	-87.0	-1270.0	23.755810964256607	
0.3101615284217631	2520.0	2660.0	-7.07908525306179	-6.126431897005934	2050.0	0.0	44520.0	3358.642578125	-0.34750000000000003	382.0	0.1882591093117409	-317.0	-1.040485829959514	321.0	10.720293622878117	-1695.0	3.290898742224064	-268.0	-840.0	24.890972513584586	
-0.2282392409357168	2528.0	2683.0	-7.347733617381204	-6.233574414154572	2095.0	0.0	45160.0	3378.173828125	-0.34750000000000003	382.0	0.1882591093117409	-317.0	-1.040485829959514	321.0	9.1910077993577	-1616.0	3.0258093507286357	-246.0	-740.0	23.676107410677762	
-0.07570026423518185	2530.0	2701.0	-7.570026423518186	-6.260591266052475	2082.0	0.0	45800.0	3397.705078125	-0.34750000000000003	382.0	0.1882591093117409	-317.0	-1.040485829959514	321.0	2.477443034103074	-1442.0	1.5676207888944287	-132.0	-301.0	20.99158536854569	
-0.1942423766378737	2525.0	2697.0	-7.519475759025467	-6.200524710031225	2092.0	0.0	46440.0	3417.236328125	-0.3175	394.0	0.17408906882591094	-324.0	-1.048582995951417	325.0	-6.300657592904114	-1284.0	0.8970632297449554	-64.0	273.0	18.560451374970462	
-0.16132456832503378	2537.0	2720.0	-7.799123499170045	-6.350366800004001	2089.0	0.0	47080.0	3436.767578125	-0.3175	394.0	0.17408906882591094	-324.0	-1.048582995951417	325.0	-0.3517357394096957	-992.0	-3.2642918288822678	194.0	-116.0	14.038248596211716	
-0.33111998315534125	2543.0	2746.0	-8.111998315534125	-6.430611407106092	2103.0	0.0	47720.0	3456.298828125	-0.3175	394.0	0.17408906882591094	-324.0	-1.048582995951417	325.0	-0.42820003058571654	-1015.0	-5.202732003942247	320.0	-111.0	14.37178731859799	
-0.49895773458081627	2555.0	2756.0	-8.229106791414962	-6.579210267390974	2117.0	0.0	48360.0	3475.830078125	-0.31	397.0	0.1700404858299595	-326.0	-1.05668016194332	329.0	-3.670285976448999	-1148.0	-6.01631030463017	380.0	101.0	16.404467862121724	
-0.41295327144488	2560.0	2734.0	-7.961993811154663	-6.633248927009831	2110.0	0.0	49000.0	3495.361328125	-0.31	397.0	0.1700404858299595	-326.0	-1.05668016194332	329.0	-6.728857623489831	-1300.0	-6.73247862797026	433.0	301.0	18.729667694923307	
-0.07494355915202776	2551.0	2695.0	-7.494355915202776	-6.512082337028105	2082.0	0.0	49640.0	3514.892578125	-0.31	397.0	0.1700404858299595	-326.0	-1.05668016194332	329.0	-6.071264719376052	-1325.0	-7.916168762394923	508.0	258.0	19.10144288503218	
-0.20915497063503824	2556.0	2722.0	-7.820258968265727	-6.5801834760596165	2093.0	0.0	50280.0	3534.423828125	-0.2925	404.0	0.1882591093117409	-317.0	-1.040485829959514	321.0	-3.37972166998012	-1278.0	-9.308588241425642	592.0	82.0	18.366327958310006	
-0.04228882489394998	2547.0	2720.0	-7.80031106082357	-6.469682121513604	2079.0	0.0	50920.0	3553.955078125	-0.2925	404.0	0.1882591093117409	-317.0	-1.040485829959514	321.0	1.131671509405108	-1191.0	-9.98324101573902	625.0	-213.0	17.024611352310004	
0.18648747451533093	2505.0	2698.0	-7.5417287389431	-5.9561986156963584	2060.0	0.0	51560.0	3573.486328125	-0.2925	404.0	0.1882591093117409	-317.0	-1.040485829959514	321.0	3.3644288117449155	-1251.0	-10.450885206843266	649.0	-359.0	17.940603929886453	
0.2242596982410901	2499.0	2681.0	-7.3359349377957495	-5.879415860809649	2057.0	0.0	52200.0	3593.017578125	-0.2925	404.0	0.1882591093117409	-317.0	-1.040485829959514	321.0	2.2174644441046034	-1318.0	-10.984377295716826	686.0	-284.0	18.963349414092086	
0.48819381280421725	2507.0	2664.0	-7.132999671959217	-5.969103356515961	2035.0	0.0	52840.0	3612.548828125	-0.2775	410.0	0.20850202429149797	-307.0	-1.0202429149797572	311.0	-3.150328796452057	-1455.0	-10.344666262150724	657.0	67.0	21.071940785590865	
0.10863722023691164	2489.0	2653.0	-6.9934208334516965	-5.753239875791966	2067.0	0.0	53480.0	3632.080078125	-0.2775	410.0	0.20850202429149797	-307.0	-1.0202429149797572	311.0	-4.939593209970944	-1527.0	-8.59227157598587	547.0	184.0	22.194267555837502	
0.31109941268867924	2489.0	2652.0	-6.985296826370174	-5.751052773725817	2050.0	0.0	54120.0	3651.611328125	-0.2775	410.0	0.20850202429149797	-307.0	-1.0202429149797572	311.0	-6.83590763113626	-1595.0	-7.450210032246071	477.0	308.0	23.249113060027394	
0.2512242643174794	2491.0	2655.0	-7.020430711109202	-5.776450588446479	2055.0	0.0	54760.0	3671.142578125	-0.265	415.0	0.22267206477732793	-300.0	-1.040485829959514	321.0	-7.906407707600551	-1543.0	-7.384035266277084	476.0	378.0	22.451861657464594	
0.14326166126320417	2501.0	2662.0	-7.102405302251011	-5.899651634010701	2064.0	0.0	55400.0	3690.673828125	-0.265	415.0	0.22267206477732793	-300.0	-1.040485829959514	321.0	-8.992200642300046	-1474.0	-7.253117702497441	471.0	449.0	21.394401460691768	
0.19065985369806676	2528.0	2664.0	-7.1244908206695134	-6.224920567274	2060.0	0.0	56040.0	3710.205078125	-0.265	415.0	0.22267206477732793	-300.0	-1.040485829959514	321.0	-7.233521945251568	-1449.0	-8.150180462967297	525.0	334.0	21.001818741633947	
-0.29660951556847265	2525.0	2658.0	-7.041903937799646	-6.191996944996014	2101.0	0.0	56680.0	3729.736328125	-0.265	415.0	0.22267206477732793	-300.0	-1.040485829959514	321.0	-3.1962073711576697	-1489.0	-7.625662091416046	480.0	70.0	21.620843271674456	
-0.15251869601230256	2561.0	2648.0	-6.91853626789692	-6.621823623161435	2089.0	0.0	57320.0	3749.267578125	-0.25	421.0	0.24291497975708504	-290.0	-1.0222672064777327	312.0	-7.034714788193914	-1564.0	-8.621816959465619	554.0	321.0	22.761717997353333	
-0.19756581829652767	2563.0	2627.0	-6.661343734414672	-6.641226629256801	2093.0	0.0	57960.0	3768.798828125	-0.25	421.0	0.24291497975708504	-290.0	-1.0222672064777327	312.0	-13.243615231686803	-1735.0	-10.460737467291967	688.0	727.0	25.367235497814427	
-0.06798308259815965	2561.0	2638.0	-6.798308259815966	-6.618573706865674	2082.0	0.0	58600.0	3788.330078125	-0.25	421.0	0.24291497975708504	-290.0	-1.0222672064777327	312.0	-14.818779629912832	-1898.0	-12.34533505056571	813.0	830.0	27.849540358256046	
0.061960542764881	2555.0	2646.0	-6.8991838187499965	-6.547002625164218	2071.0	0.0	59240.0	3807.861328125	-0.2325	428.0	0.25303643724696356	-285.0	-1.0445344129554657	323.0	-11.3931793852271	-1992.0	-13.388848958918585	871.0	606.0	29.281486683036256	
0.19389675728656292	2584.0	2638.0	-6.800800461819898	-6.893113186241845	2060.0	0.0	59880.0	3827.392578125	-0.2325	428.0	0.25303643724696356	-285.0	-1.0445344129554657	323.0	-13.977672426976604	-2082.0	-12.899389747457603	845.0	775.0	30.667384804382106	
-0.004528206018864618	2596.0	2606.0	-6.405201554267415	-7.031763770976863	2077.0	0.0	60520.0	3846.923828125	-0.2325	428.0	0.25303643724696356	-285.0	-1.0445344129554657	323.0	-13.794158128154153	-2041.0	-11.746885665159878	770.0	763.0	30.049786015221965	
-0.07898034978565929	2604.0	2631.0	-6.707558788089739	-7.1349409792596505	2083.0	0.0	61160.0	3866.455078125	-0.2025	440.0	0.2692307692307692	-277.0	-1.0587044534412955	330.0	-15.185808227557732	-1954.0	-10.601227104322163	700.0	854.0	28.726272522573474	
0.2902658291696832	2628.0	2629.0	-6.687702797317397	-7.4200080241606745	2052.0	0.0	61800.0	3885.986328125	-0.2025	440.0	0.2692307692307692	-277.0	-1.0587044534412955	330.0	-9.542743538767397	-1924.0	-12.12968465622804	785.0	485.0	28.25065343731067	
0.020388107060811206	2608.0	2597.0	-6.294522627252214	-7.173879342558773	2075.0	0.0	62440.0	3905.517578125	-0.2025	440.0	0.2692307692307692	-277.0	-1.0587044534412955	330.0	-3.4256002446857323	-1896.0	-12.569999136621224	798.0	85.0	27.816604750079243	
0.09242629082086683	2620.0	2592.0	-6.233561394103792	-7.316518049311216	2069.0	0.0	63080.0	3925.048828125	-0.2025	440.0	0.2692307692307692	-277.0	-1.0587044534412955	330.0	-6.453586175256156	-1934.0	-13.177615539133228	845.0	283.0	28.393618965062867	
0.09427770826142115	2639.0	2577.0	-6.04841965004836	-7.5417123629063045	2069.0	0.0	63720.0	3944.580078125	-0.17500000000000002	451.0	0.27125506072874495	-276.0	-1.0688259109311742	335.0	-14.6964367640312	-1992.0	-13.918102440464105	914.0	822.0	29.276194148220803	
0.18181270663891427	2599.0	2542.0	-5.6282531456323825	-7.0505059719908365	2062.0	0.0	64360.0	3964.111328125	-0.17500000000000002	451.0	0.27125506072874495	-276.0	-1.0688259109311742	335.0	-15.32344395167457	-1996.0	-14.478105389631684	952.0	863.0	29.33197205336163	
