Device	Device	Device	Device	Device	Device	Device	Device	Device	Device	Device	Device	Device	Device	Device	Device	Device	Device	Device	Device	Device	
Low Noise Accelerometer X	Low Noise Accelerometer X	Low Noise Accelerometer Z	Low Noise Accelerometer Z	Low Noise Accelerometer Y	Low Noise Accelerometer Y	Event_Marker	Timestamp	Timestamp	Magnetometer Z	Magnetometer Z	Magnetometer X	Magnetometer X	Magnetometer Y	Magnetometer Y	Gyroscope Y	Gyroscope Y	Gyroscope Z	Gyroscope Z	Gyroscope X	Gyroscope X	
CAL	UNCAL	CAL	UNCAL	UNCAL	CAL	CAL	CAL	UNCAL	UNCAL	CAL	UNCAL	CAL	UNCAL	CAL	CAL	UNCAL	CAL	UNCAL	UNCAL	CAL	
m/(s^2)	no units	m/(s^2)	no units	no units	m/(s^2)	no units	ms	no units	no units	local_flux	no units	local_flux	no units	local_flux	deg/s	no units	deg/s	no units	no units	deg/s	
8.9166636899312	1852.0	1.190178516929467	1961.0	1334.0	2.1732111710933233	0.0	203.155517578125	6657.0	222.0	-0.7475	47.0	0.9251012145748988	-238.0	0.09109311740890688	-2.293928735280624	-335.0	8.311298013229372	-547.0	11.0	4.072678731244769	
9.068349350275009	1854.0	0.8825540751198525	1986.0	1321.0	2.1444791533184	0.0	222.686767578125	7297.0	222.0	-0.7475	47.0	0.9251012145748988	-238.0	0.09109311740890688	-16.715094051078147	-310.0	9.23029832221022	-569.0	954.0	3.698256642881455	
9.41303769714267	1860.0	0.827579238076608	1990.0	1292.0	2.074537383419706	0.0	242.218017578125	7937.0	218.0	-0.7575000000000001	39.0	0.9089068825910931	-235.0	0.08502024291497975	-22.985165927511854	-191.0	9.51471494004374	-570.0	1364.0	1.8751072537429265	
9.708774433943487	1865.0	0.6393481562535377	2005.0	1267.0	2.013489165295831	0.0	261.749267578125	8577.0	218.0	-0.7575000000000001	39.0	0.9089068825910931	-235.0	0.08502024291497975	-12.723658051689862	-67.0	8.323523961835834	-518.0	693.0	-0.03952062964664091	
9.448023027833635	1868.0	0.7546837357445557	1996.0	1289.0	1.9770437845112998	0.0	281.280517578125	9217.0	218.0	-0.7575000000000001	39.0	0.9089068825910931	-235.0	0.08502024291497975	-3.63970025997859	-59.0	6.869398950541289	-447.0	99.0	-0.1768177490245856	
9.032655487954418	1865.0	0.8845964144894417	1986.0	1324.0	2.0116329410006584	0.0	300.811767578125	9857.0	217.0	-0.76	48.0	0.9271255060728745	-242.0	0.09919028340080972	-10.353265025233217	-68.0	6.136787621244021	-382.0	538.0	-0.04604350939443414	
9.268396378383699	1873.0	0.6491616478936483	2005.0	1304.0	1.9128961124043604	0.0	320.343017578125	10497.0	217.0	-0.76	48.0	0.9271255060728745	-242.0	0.09919028340080972	-21.838201559871543	-47.0	5.153574350354875	-288.0	1289.0	-0.3781097989239486	
9.6473205768772	1872.0	0.4463434020058834	2021.0	1272.0	1.9246771822426245	0.0	339.874267578125	11137.0	217.0	-0.76	48.0	0.9271255060728745	-242.0	0.09919028340080972	-25.080287505734823	-105.0	3.782416961582236	-191.0	1501.0	0.49815867935956953	
9.992491715746212	1874.0	0.43964776509741965	2021.0	1243.0	1.9038985953509766	0.0	359.405517578125	11777.0	217.0	-0.76	48.0	0.9271255060728745	-242.0	0.09919028340080972	-13.717693836978132	-59.0	1.3509047224011068	-62.0	758.0	-0.2320026913059874	
9.68351650058055	1873.0	0.49450720091225375	2017.0	1269.0	1.9139542246867012	0.0	378.936767578125	12417.0	205.0	-0.79	35.0	0.9008097165991903	-232.0	0.07894736842105263	-3.226793087628078	-167.0	-1.5923155961120925	101.0	72.0	1.3957693405863703	
9.588057348862053	1876.0	0.47240155287209695	2019.0	1277.0	1.87641294189546	0.0	398.468017578125	13057.0	205.0	-0.79	35.0	0.9008097165991903	-232.0	0.07894736842105263	-7.722893408778101	-230.0	-3.744642956837468	252.0	366.0	2.3409485374409855	
10.014836036392326	1876.0	0.29312744875648844	2033.0	1241.0	1.8770952466884505	0.0	417.999267578125	13697.0	205.0	-0.79	35.0	0.9008097165991903	-232.0	0.07894736842105263	-10.980272212876587	-398.0	-4.978258828608467	339.0	579.0	4.90648563328826	
10.445263363668488	1869.0	0.4787173192296793	2017.0	1205.0	1.9694486667682665	0.0	437.530517578125	14337.0	203.0	-0.795	28.0	0.8866396761133604	-231.0	0.07692307692307693	-0.9175714941122497	-561.0	-6.513146796629642	411.0	-79.0	7.392287589882408	
10.207207533178716	1862.0	0.4826580797764385	2017.0	1225.0	2.0514842730718943	0.0	457.061767578125	14977.0	203.0	-0.795	28.0	0.8866396761133604	-231.0	0.07692307692307693	7.814650558189326	-692.0	-8.020672617206026	485.0	-650.0	9.387339690891007	
10.090247742480125	1855.0	0.6914409146792553	2000.0	1235.0	2.138827681260555	0.0	476.593017578125	15617.0	203.0	-0.795	28.0	0.8866396761133604	-231.0	0.07692307692307693	5.490136106438293	-625.0	-7.548284500661808	461.0	-498.0	8.36398316696208	
10.317364378293144	1852.0	0.7840568769335863	1992.0	1216.0	2.1790957451770248	0.0	496.124267578125	16257.0	203.0	-0.795	28.0	0.8866396761133604	-231.0	0.07692307692307693	1.0705000764642914	-557.0	-4.746362692342373	291.0	-209.0	7.34857749629278	
10.247049687955277	1854.0	0.8954449860039607	1983.0	1222.0	2.156523974912885	0.0	515.655517578125	16897.0	203.0	-0.795	36.0	0.902834008097166	-239.0	0.0931174089068826	2.4315644593974617	-459.0	-2.4017535574462485	136.0	-298.0	5.868264189145501	
10.066942655176668	1865.0	0.74188456528592	1996.0	1237.0	2.01912157568881	0.0	535.186767578125	17537.0	203.0	-0.795	36.0	0.902834008097166	-239.0	0.0931174089068826	3.7467502676250195	-323.0	-0.0340984314861324	-20.0	-384.0	3.8050909629001155	
9.780915250658808	1861.0	0.7105726849282986	1999.0	1261.0	2.063827835120817	0.0	554.718017578125	18177.0	203.0	-0.795	36.0	0.902834008097166	-239.0	0.0931174089068826	1.422235815873987	-154.0	2.422670477562852	-172.0	-232.0	1.2364409137674959	
9.626201301279531	1875.0	0.7153682231911214	1999.0	1274.0	1.8937019075970996	0.0	574.249267578125	18817.0	202.0	-0.7975	39.0	0.9089068825910931	-223.0	0.06072874493927126	-3.8385074170362445	1.0	3.887317602619806	-252.0	112.0	-1.1273075819912948	
9.79186046701725	1876.0	0.614618130296327	2007.0	1260.0	1.8812953046254965	0.0	593.780517578125	19457.0	202.0	-0.7975	39.0	0.9089068825910931	-223.0	0.06072874493927126	-8.135800581128613	-94.0	5.167408229235068	-325.0	393.0	0.3432192717967239	
10.12548410386247	1869.0	0.6436484814851828	2004.0	1232.0	1.9695494974153163	0.0	613.311767578125	20097.0	202.0	-0.7975	39.0	0.9089068825910931	-223.0	0.06072874493927126	2.1257072946933784	-98.0	4.956324478733144	-338.0	-278.0	0.4024863689242043	
9.540921026145616	1864.0	0.5206740431329931	2015.0	1281.0	2.0214853417265255	0.0	632.843017578125	20737.0	206.0	-0.7875	40.0	0.9109311740890689	-216.0	0.0465587044534413	11.94372228169445	-109.0	4.069772676917706	-306.0	-920.0	0.5624101711454239	
9.528757990756759	1850.0	0.4948466947236002	2017.0	1282.0	2.1895218631996296	0.0	652.374267578125	21377.0	206.0	-0.7875	40.0	0.9109311740890689	-216.0	0.0465587044534413	3.9302645664474696	-19.0	4.111854083868251	-287.0	-396.0	-0.8181725440163122	
9.36298174002772	1853.0	0.5838882884861705	2010.0	1296.0	2.153500354254338	0.0	671.905517578125	22017.0	206.0	-0.7875	40.0	0.9109311740890689	-216.0	0.0465587044534413	0.10705000764642914	89.0	3.681490038468916	-248.0	-146.0	-2.4796804195477957	
9.742881157214624	1852.0	0.47859191193855627	2018.0	1264.0	2.1672416136663393	0.0	691.436767578125	22657.0	206.0	-0.7875	40.0	0.9109311740890689	-216.0	0.0465587044534413	-7.631136259366876	74.0	2.973558183390298	-182.0	360.0	-2.256592483226708	
10.016406314733047	1864.0	0.45015528282834916	2020.0	1241.0	2.0248298194063072	0.0	710.968017578125	23297.0	207.0	-0.785	35.0	0.9008097165991903	-213.0	0.04048582995951417	-3.4561859611561405	275.0	1.345487248883816	-85.0	87.0	-5.357114407854879	
9.824628673257635	1865.0	0.32001018290628563	2031.0	1257.0	2.008260948222027	0.0	730.499267578125	23937.0	207.0	-0.785	35.0	0.9008097165991903	-213.0	0.04048582995951417	0.36702859764489987	265.0	-0.10094004542671124	-1.0	-163.0	-5.218133844216735	
9.827432427001165	1865.0	0.6003855572592189	2008.0	1257.0	2.0138964932465213	0.0	750.030517578125	24577.0	207.0	-0.785	35.0	0.9008097165991903	-213.0	0.04048582995951417	-11.867257990518429	339.0	0.04597991966022574	22.0	637.0	-6.352156435267109	
10.8740093492943	1883.0	0.4961730246679037	2015.0	1169.0	1.8054105419381081	0.0	769.561767578125	25217.0	203.0	-0.795	28.0	0.8866396761133604	-217.0	0.048582995951417005	-22.0523015751644	315.0	3.433516516957054	-172.0	1303.0	-5.950013461499143	
11.421641476278738	1884.0	0.4974809612071389	2014.0	1123.0	1.798864829167653	0.0	789.093017578125	25857.0	203.0	-0.795	28.0	0.8866396761133604	-217.0	0.048582995951417005	-12.769536626395475	200.0	3.582923533065386	-207.0	696.0	-4.1839037706536955	
11.083402411348594	1905.0	0.006907801526098767	2055.0	1151.0	1.5326589271319595	0.0	808.624267578125	26497.0	203.0	-0.795	28.0	0.8866396761133604	-217.0	0.048582995951417005	-16.378651169903655	183.0	5.293497881397268	-309.0	932.0	-3.905941804982253	
11.833459834871023	1940.0	1.2031263442453652	1956.0	1089.0	1.1423971252336176	0.0	828.155517578125	27137.0	203.0	-0.795	28.0	0.8866396761133604	-217.0	0.048582995951417005	-46.24560330325738	119.0	9.323668523811563	-494.0	2885.0	-2.883593144438116	
13.870644223205053	1982.0	1.3501366062196047	1941.0	918.0	0.6596850779709005	0.0	847.686767578125	27777.0	192.0	-0.8225	17.0	0.8643724696356275	-220.0	0.05465587044534413	-39.57791711270837	-504.0	12.037543332476009	-694.0	2449.0	6.703158922660344	
13.56980685764529	1993.0	1.0283048121480627	1968.0	943.0	0.5177099479519442	0.0	867.218017578125	28417.0	192.0	-0.8225	17.0	0.8643724696356275	-220.0	0.05465587044534413	18.88667992047714	-1496.0	15.699275553952624	-1094.0	-1374.0	21.961504033735014	
11.312718545079829	1971.0	1.5099497460781062	1932.0	1133.0	0.769832204468746	0.0	886.749267578125	29057.0	192.0	-0.8225	17.0	0.8643724696356275	-220.0	0.05465587044534413	48.03486771677627	-2120.0	24.00452674529231	-1716.0	-3280.0	31.619514348318354	
10.92889657506523	1954.0	1.2229908398562914	1956.0	1165.0	0.9650740837525974	0.0	906.280517578125	29697.0	193.0	-0.8200000000000001	38.0	0.9068825910931174	-204.0	0.022267206477732795	22.00642300045879	-2089.0	32.571484332781104	-2205.0	-1578.0	31.229504930791368	
11.522076681380316	1964.0	1.0171919475554145	1972.0	1115.0	0.8464079792588873	0.0	925.811767578125	30337.0	193.0	-0.8200000000000001	38.0	0.9068825910931174	-204.0	0.022267206477732795	-3.440893102920936	-1498.0	36.0793429155043	-2361.0	86.0	22.195993674666784	
12.274250566558031	1971.0	1.2345804653269348	1953.0	1052.0	0.7739401390685046	0.0	945.343017578125	30977.0	193.0	-0.8200000000000001	38.0	0.9068825910931174	-204.0	0.022267206477732795	2.0492430035173577	-1036.0	33.30054230650964	-2190.0	-273.0	15.079054218523131	
11.560930369763755	1945.0	1.3311322144707256	1946.0	1112.0	1.0819909841316302	0.0	964.874267578125	31617.0	200.0	-0.8025	37.0	0.9048582995951417	-177.0	-0.032388663967611336	24.927358923382783	-1146.0	28.754164887508047	-1955.0	-1769.0	16.721483646726856	
10.329618943243707	1942.0	0.8190371815135788	1990.0	1215.0	1.09558054752054	0.0	984.405517578125	32257.0	200.0	-0.8025	37.0	0.9048582995951417	-177.0	-0.032388663967611336	24.101544578681757	-1036.0	30.357523194852774	-2056.0	-1715.0	15.049624027406562	
10.897643749151118	1944.0	0.478660629397758	2017.0	1167.0	1.070356878995129	0.0	1003.936767578125	32897.0	200.0	-0.8025	37.0	0.9048582995951417	-177.0	-0.032388663967611336	4.710200336442882	-744.0	36.00744401456519	-2370.0	-447.0	10.625534007431215	
11.862952334393578	1942.0	0.5809477250720232	2007.0	1086.0	1.1061520923032075	0.0	1023.468017578125	33537.0	200.0	-0.8025	37.0	0.9048582995951417	-177.0	-0.032388663967611336	13.870622419330175	-595.0	37.04818873705888	-2460.0	-1046.0	8.34961338959554	
10.660700696063824	1950.0	0.5938791301918945	2008.0	1187.0	0.9980026618536327	0.0	1042.999267578125	34177.0	206.0	-0.7875	49.0	0.9291497975708503	-161.0	-0.06477732793522267	36.7640311974308	-529.0	34.23546215609373	-2336.0	-2543.0	7.3087502023496445	
9.94400938561448	1959.0	0.35331951382898674	2029.0	1247.0	0.8775908214821222	0.0	1062.530517578125	34817.0	206.0	-0.7875	49.0	0.9291497975708503	-161.0	-0.06477732793522267	32.589080899220065	-498.0	33.822732773272556	-2298.0	-2270.0	6.828943915119561	
10.060973993658424	1970.0	0.14501841346146455	2046.0	1237.0	0.7420643250732833	0.0	1082.061767578125	35457.0	206.0	-0.7875	49.0	0.9291497975708503	-161.0	-0.06477732793522267	13.243615231686803	-480.0	35.72202764613451	-2371.0	-1005.0	6.571736158001931	
10.48993969723082	1964.0	0.18444591355825296	2042.0	1201.0	0.8194316887374491	0.0	1101.593017578125	36097.0	214.0	-0.7675000000000001	62.0	0.9554655870445344	-133.0	-0.12145748987854252	4.144364581740327	-615.0	33.0352482668288	-2174.0	-410.0	8.616373658055737	
9.806278462740286	1977.0	-0.3245346783523032	2085.0	1258.0	0.6457889585302363	0.0	1121.124267578125	36737.0	214.0	-0.7675000000000001	62.0	0.9554655870445344	-133.0	-0.12145748987854252	5.077228934087781	-681.0	26.89704959501209	-1778.0	-471.0	9.567727592773812	
9.494315404517543	1989.0	0.6220166422302901	2008.0	1285.0	0.5170220411066486	0.0	1140.655517578125	37377.0	214.0	-0.7675000000000001	62.0	0.9554655870445344	-133.0	-0.12145748987854252	0.5505428964673498	-272.0	23.910902323600517	-1568.0	-175.0	3.2619723038866115	
9.29930370663902	2001.0	1.3589420924733007	1948.0	1302.0	0.3852321198797117	0.0	1160.186767578125	38017.0	214.0	-0.7675000000000001	62.0	0.9554655870445344	-133.0	-0.12145748987854252	-14.40587245756232	33.0	26.247773303147596	-1678.0	803.0	-1.3947265020460138	
9.935813463497833	2000.0	0.724203492640499	1999.0	1248.0	0.3909506382227281	0.0	1179.718017578125	38657.0	212.0	-0.7725	57.0	0.9453441295546559	-104.0	-0.18016194331983806	-23.47453739103839	-250.0	30.058484437467353	-1905.0	1396.0	2.985869484546532	
9.973185555916874	2002.0	-0.30049202736014097	2083.0	1244.0	0.34673406320473704	0.0	1199.249267578125	39297.0	212.0	-0.7725	57.0	0.9453441295546559	-104.0	-0.18016194331983806	-9.726257837589847	-748.0	32.431438963792765	-2100.0	497.0	10.651151891555989	
9.795971662137338	1986.0	-0.16473854817096895	2072.0	1259.0	0.5404480781880744	0.0	1218.780517578125	39937.0	212.0	-0.7725	57.0	0.9453441295546559	-104.0	-0.18016194331983806	-2.7068359076311364	-1072.0	34.638796289799345	-2265.0	38.0	15.644838170048525	
9.322948507010176	2006.0	0.15199355816052534	2047.0	1299.0	0.301088633341746	0.0	1238.311767578125	40577.0	213.0	-0.77	47.0	0.9251012145748988	-72.0	-0.24493927125506074	-7.0653005046643225	-897.0	35.57824172200894	-2313.0	323.0	12.968947984198762	
9.784530141711315	2065.0	-0.11841440029716549	2069.0	1260.0	-0.4105470829743723	0.0	1257.843017578125	41217.0	213.0	-0.77	47.0	0.9251012145748988	-72.0	-0.24493927125506074	-18.09145129224652	-624.0	36.384124832168425	-2334.0	1044.0	8.787962776632256	
10.70395153601254	2076.0	0.15705836315877625	2045.0	1183.0	-0.5283735342441689	0.0	1277.374267578125	41857.0	213.0	-0.77	47.0	0.9251012145748988	-72.0	-0.24493927125506074	-10.521486465820463	-836.0	33.20339796275751	-2149.0	549.0	12.009186043460629	
10.26729825775446	2039.0	0.539349584969905	2014.0	1220.0	-0.07931111006040667	0.0	1296.905517578125	42497.0	210.0	-0.7775	41.0	0.9129554655870445	-50.0	-0.2894736842105263	3.976143141153082	-1410.0	29.674670022504582	-1963.0	-399.0	20.781632383821794	
9.934890031266976	2043.0	0.6318602695547666	2007.0	1248.0	-0.12897774971792164	0.0	1316.436767578125	43137.0	210.0	-0.7775	41.0	0.9129554655870445	-50.0	-0.2894736842105263	-2.9209359229239946	-1214.0	29.903694226193288	-1958.0	52.0	17.7764038288662	
10.799798072795152	2091.0	0.21790251761031568	2040.0	1175.0	-0.7069210773535771	0.0	1335.968017578125	43777.0	210.0	-0.7775	41.0	0.9129554655870445	-50.0	-0.2894736842105263	-11.500229392873528	-689.0	31.773168951893826	-2052.0	613.0	9.739244655607632	
11.011717362502155	2085.0	-0.0187399402606567	2059.0	1157.0	-0.6372455769874205	0.0	1355.499267578125	44417.0	210.0	-0.7775	41.0	0.9129554655870445	-50.0	-0.2894736842105263	4.312586022327573	-990.0	30.47930887009153	-2012.0	-421.0	14.344995635885205	
10.501845415880092	2068.0	0.18454158800922063	2043.0	1200.0	-0.4334593887798098	0.0	1375.030517578125	45057.0	216.0	-0.7625000000000001	36.0	0.902834008097166	-45.0	-0.29959514170040485	13.473008105214866	-1128.0	30.29170459525754	-2025.0	-1020.0	16.4606583379581	
10.109710438757524	2096.0	0.25675816146669395	2038.0	1233.0	-0.7732858046722475	0.0	1394.561767578125	45697.0	216.0	-0.7625000000000001	36.0	0.902834008097166	-45.0	-0.29959514170040485	5.1842789417342106	-689.0	30.521388338948906	-2014.0	-478.0	9.726726849478181	
10.742883506257964	2122.0	0.4788268162726266	2019.0	1180.0	-1.0757657129493172	0.0	1414.093017578125	46337.0	216.0	-0.7625000000000001	36.0	0.902834008097166	-45.0	-0.29959514170040485	-8.441657745832696	-347.0	32.672295987161036	-2115.0	413.0	4.500422514881585	
12.179667850677292	2131.0	0.10964221058618664	2047.0	1059.0	-1.1772152965586118	0.0	1433.624267578125	46977.0	219.0	-0.755	29.0	0.888663967611336	-26.0	-0.33805668016194335	-1.146964367640312	-503.0	33.75624711092989	-2206.0	-64.0	6.905001476786758	
11.049804446745222	2138.0	0.21853991261732747	2040.0	1154.0	-1.2706733259549001	0.0	1453.155517578125	47617.0	219.0	-0.755	29.0	0.888663967611336	-26.0	-0.33805668016194335	26.884844777488915	-830.0	27.478519426581826	-1874.0	-1897.0	11.859870356150122	
9.696342714054978	2134.0	0.5866523578786521	2012.0	1268.0	-1.2286529232922385	0.0	1472.686767578125	48257.0	219.0	-0.755	29.0	0.888663967611336	-26.0	-0.33805668016194335	35.46413824743845	-994.0	25.433722085876813	-1765.0	-2458.0	14.355917702675557	
10.03784353512401	2125.0	0.21292494097256276	2042.0	1239.0	-1.1242787284799107	0.0	1492.218017578125	48897.0	219.0	-0.755	29.0	0.888663967611336	-26.0	-0.33805668016194335	0.6117143294081664	-824.0	29.453102788275594	-1934.0	-179.0	11.78754928781831	
12.152465501609242	2144.0	-0.22964031526628045	2075.0	1061.0	-1.3408994765904378	0.0	1511.749267578125	49537.0	229.0	-0.73	37.0	0.9048582995951417	-7.0	-0.3765182186234818	-42.254167303869096	-385.0	32.06548053886929	-1988.0	2624.0	5.077444739407413	
12.176434295731296	2179.0	-0.2137132840132853	2074.0	1059.0	-1.7620279950121094	0.0	1531.280517578125	50177.0	229.0	-0.73	37.0	0.9048582995951417	-7.0	-0.3765182186234818	-22.281694448692463	-92.0	25.774560455265583	-1628.0	1318.0	0.5186018267407793	
10.135675435047233	2169.0	0.4723054094852903	2021.0	1231.0	-1.6482332820381351	0.0	1550.811767578125	50817.0	229.0	-0.73	37.0	0.9048582995951417	-7.0	-0.3765182186234818	30.708059336289956	-797.0	21.82437483754214	-1516.0	-2147.0	11.296960949541603	
8.508939575529947	2159.0	0.8939575529948017	1989.0	1368.0	-1.5355856700522743	0.0	1570.343017578125	51457.0	229.0	-0.73	28.0	0.8866396761133604	39.0	-0.46963562753036436	35.372381098027226	-1267.0	24.79565803136534	-1726.0	-2452.0	18.53858110079854	
9.513322068559546	2155.0	0.14173066547839608	2049.0	1283.0	-1.492393611787969	0.0	1589.874267578125	52097.0	229.0	-0.73	28.0	0.8866396761133604	39.0	-0.46963562753036436	0.6117143294081664	-1498.0	33.210249723807806	-2185.0	-179.0	22.16730274274982	
10.354773012039132	2188.0	-0.23698451037250096	2079.0	1212.0	-1.8891437673159743	0.0	1609.405517578125	52737.0	229.0	-0.73	28.0	0.8866396761133604	39.0	-0.46963562753036436	-16.072794005199572	-1404.0	36.46056440412214	-2352.0	912.0	20.75742442568922	
9.773641264794255	2198.0	-0.016825901526807935	2062.0	1261.0	-2.011033840322353	0.0	1628.936767578125	53377.0	234.0	-0.7175	26.0	0.8825910931174089	37.0	-0.46558704453441296	14.803486771677628	-1215.0	31.840117039474666	-2130.0	-1107.0	17.81111254065714	
8.304449603799217	2196.0	0.6830556180169352	2007.0	1385.0	-1.9876317409992592	0.0	1648.468017578125	54017.0	234.0	-0.7175	26.0	0.8825910931174089	37.0	-0.46558704453441296	40.740174338583884	-1199.0	29.344040617771125	-2035.0	-2803.0	17.54064003791011	
8.174130636735445	2194.0	0.7463970068778206	2002.0	1396.0	-1.9635717173505107	0.0	1667.999267578125	54657.0	234.0	-0.7175	26.0	0.8825910931174089	37.0	-0.46558704453441296	34.5465667533262	-1052.0	32.875024977297755	-2247.0	-2398.0	15.32031078376101	
8.981700596572171	2225.0	0.5510120381695875	2017.0	1328.0	-2.3328976930299223	0.0	1687.530517578125	55297.0	234.0	-0.7175	26.0	0.8825910931174089	37.0	-0.46558704453441296	18.85609420400673	-429.0	34.96705096060837	-2336.0	-1372.0	5.781617724582301	
8.767308334377855	2202.0	0.5403572473092964	2018.0	1346.0	-2.0581462777341315	0.0	1707.061767578125	55937.0	252.0	-0.6725	24.0	0.8785425101214575	68.0	-0.52834008097166	31.839730845695062	-317.0	32.78844404888732	-2227.0	-2221.0	4.0412494857551	
8.557114946765713	2224.0	0.9495899146667115	1985.0	1364.0	-2.31712379922696	0.0	1726.593017578125	56577.0	252.0	-0.6725	24.0	0.8785425101214575	68.0	-0.52834008097166	54.7637253402661	55.0	30.08296642990017	-2107.0	-3720.0	-1.6939532112572357	
8.028226172677915	2235.0	1.632141077315239	1930.0	1409.0	-2.441291784196795	0.0	1746.124267578125	57217.0	252.0	-0.6725	24.0	0.8785425101214575	68.0	-0.52834008097166	68.02263343018811	251.0	29.675019582266703	-2113.0	-4587.0	-4.705551476726052	
8.05616234443869	2224.0	2.0448058724404663	1896.0	1407.0	-2.3002290060947557	0.0	1765.655517578125	57857.0	276.0	-0.6125	33.0	0.8967611336032388	90.0	-0.5728744939271255	66.8756690625478	280.0	29.279302411291447	-2084.0	-4512.0	-5.154498674521427	
8.101978215169451	2253.0	1.8644881836118656	1911.0	1403.0	-2.6527747915254656	0.0	1785.186767578125	58497.0	276.0	-0.6125	33.0	0.8967611336032388	90.0	-0.5728744939271255	55.94127542437682	641.0	31.725372744158772	-2211.0	-3797.0	-10.669396571775843	
8.161856976549666	2254.0	1.8999833692523647	1908.0	1398.0	-2.663514292969938	0.0	1804.718017578125	59137.0	276.0	-0.6125	33.0	0.8967611336032388	90.0	-0.5728744939271255	51.36871081205078	964.0	33.04984523443841	-2282.0	-3498.0	-15.612420068447392	
7.85375675579482	2271.0	2.0423422461486567	1897.0	1424.0	-2.8685673947479944	0.0	1824.249267578125	59777.0	276.0	-0.6125	33.0	0.8967611336032388	90.0	-0.5728744939271255	56.18596115614009	1205.0	33.94003933104677	-2350.0	-3813.0	-19.301538689089412	
8.144200344168766	2298.0	2.5152725121149007	1858.0	1400.0	-3.181505558364207	0.0	1843.780517578125	60417.0	297.0	-0.56	33.0	0.8967611336032388	105.0	-0.6032388663967612	56.03303257378805	1577.0	34.418510826288795	-2377.0	-3803.0	-25.004901894959453	
7.642845201862349	2304.0	2.3797582814730194	1870.0	1442.0	-3.2615185510266147	0.0	1863.311767578125	61057.0	297.0	-0.56	33.0	0.8967611336032388	105.0	-0.6032388663967612	54.96253249732376	1760.0	34.950825469521014	-2407.0	-3733.0	-27.807619257963992	
8.534305133339696	2305.0	2.240037143493436	1880.0	1367.0	-3.267446567242517	0.0	1882.843017578125	61697.0	297.0	-0.56	33.0	0.8967611336032388	105.0	-0.6032388663967612	44.716317479736965	1844.0	38.034384137698645	-2580.0	-3063.0	-29.065720298564706	
8.252323388322543	2320.0	2.6132912132065864	1850.0	1391.0	-3.4435241948646906	0.0	1902.374267578125	62337.0	308.0	-0.5325	25.0	0.8805668016194332	117.0	-0.6275303643724697	48.784217770301275	2032.0	36.25479308378653	-2473.0	-3329.0	-31.968279136831313	
7.966909108497071	2319.0	2.6432918020880303	1848.0	1415.0	-3.4337301331142323	0.0	1921.905517578125	62977.0	308.0	-0.5325	25.0	0.8805668016194332	117.0	-0.6275303643724697	53.23443951674569	1790.0	33.99403753735407	-2340.0	-3620.0	-28.277521647029406	
8.6632976267361	2319.0	2.044048387895727	1896.0	1356.0	-3.438751116215688	0.0	1941.436767578125	63617.0	308.0	-0.5325	25.0	0.8805668016194332	117.0	-0.6275303643724697	40.54136718152623	1883.0	34.17760296855647	-2318.0	-2790.0	-29.702722972923002	
8.87621622186327	2333.0	1.9073364720413795	1907.0	1338.0	-3.608030867376684	0.0	1960.968017578125	64257.0	317.0	-0.51	25.0	0.8805668016194332	119.0	-0.631578947368421	37.62043125860224	2238.0	29.75006365983935	-2019.0	-2599.0	-35.19429006464451	
8.384258398507885	2348.0	2.711554136502861	1842.0	1380.0	-3.777588983887273	0.0	1980.499267578125	64897.0	317.0	-0.51	25.0	0.8805668016194332	119.0	-0.631578947368421	53.96849671203548	1937.0	24.94337436258267	-1752.0	-3668.0	-30.623667376521485	
8.026677245080363	2394.0	3.858200698512466	1749.0	1411.0	-4.312448731651236	0.0	2000.030517578125	1.0	317.0	-0.51	25.0	0.8805668016194332	119.0	-0.631578947368421	62.71601162257227	1744.0	25.90201870124362	-1839.0	-4240.0	-27.652595587116764	
7.961527779150998	2369.0	3.2956350579568885	1795.0	1416.0	-4.023146719844533	0.0	2019.561767578125	641.0	317.0	-0.51	25.0	0.8805668016194332	119.0	-0.631578947368421	52.36274659733905	1404.0	30.07835814729788	-2087.0	-3563.0	-22.393707748893757	
8.889211334067475	2394.0	3.2068476924616207	1801.0	1338.0	-4.316850450882382	0.0	2039.093017578125	1281.0	334.0	-0.4675	25.0	0.8805668016194332	124.0	-0.6417004048582996	36.79461691390121	1414.0	35.67052495610651	-2410.0	-2545.0	-22.49123091738692	
8.034970718440407	2434.0	3.4970718440406716	1779.0	1410.0	-4.801516084850444	0.0	2058.624267578125	1921.0	334.0	-0.4675	25.0	0.8805668016194332	124.0	-0.6417004048582996	41.01544578681756	1811.0	36.10094507026874	-2445.0	-2821.0	-28.578686728520882	
7.893236990716565	2432.0	3.609413357370809	1770.0	1422.0	-4.776590206318912	0.0	2078.155517578125	2561.0	334.0	-0.4675	25.0	0.8805668016194332	124.0	-0.6417004048582996	56.66003976143142	1672.0	35.084760124259105	-2421.0	-3844.0	-26.455965349501618	
7.653732784222751	2437.0	3.4685165175132266	1782.0	1442.0	-4.842044149036424	0.0	2097.686767578125	3201.0	345.0	-0.44	20.0	0.8704453441295547	140.0	-0.6740890688259109	56.36947545496254	2402.0	35.669806389139296	-2451.0	-3825.0	-37.651587957284	
7.464501844117798	2427.0	3.5930415546369976	1772.0	1458.0	-4.720964029984154	0.0	2117.218017578125	3841.0	345.0	-0.44	20.0	0.8704453441295547	140.0	-0.6740890688259109	63.373604526686044	2442.0	35.73418205763207	-2473.0	-4283.0	-38.26472354692407	
7.467947626625836	2454.0	3.9376198054407645	1744.0	1458.0	-5.039339211962275	0.0	2136.749267578125	4481.0	345.0	-0.44	20.0	0.8704453441295547	140.0	-0.6740890688259109	58.418718458479894	2763.0	32.96698923076734	-2277.0	-3959.0	-43.217974729450816	
6.697012323506407	2420.0	3.0345656839741264	1819.0	1522.0	-4.655471093205936	0.0	2156.280517578125	5121.0	345.0	-0.44	20.0	0.8704453441295547	140.0	-0.6740890688259109	62.639547331396244	2904.0	34.188689778499906	-2366.0	-4235.0	-45.36932991976909	
6.981975124075325	2451.0	2.9594171694373177	1825.0	1498.0	-5.027618411394597	0.0	2175.811767578125	5761.0	352.0	-0.4225	16.0	0.8623481781376519	168.0	-0.7307692307692307	57.715246979660506	3362.0	36.39388236794776	-2492.0	-3913.0	-52.375051509295815	
8.171886863720697	2448.0	4.093448276831688	1730.0	1399.0	-4.956894093537002	0.0	2195.343017578125	6401.0	352.0	-0.4225	16.0	0.8623481781376519	168.0	-0.7307692307692307	60.43737574552684	3932.0	39.18713299501773	-2675.0	-4091.0	-61.09347468815631	
6.039711399266948	2494.0	3.9711399266948613	1744.0	1578.0	-5.534878882654155	0.0	2214.874267578125	7041.0	352.0	-0.4225	16.0	0.8623481781376519	168.0	-0.7307692307692307	64.99464749961768	3871.0	41.54869914808196	-2841.0	-4389.0	-60.13384552348006	
6.473941082827583	2543.0	3.3464892351392397	1795.0	1541.0	-6.133391045432795	0.0	2234.405517578125	7681.0	356.0	-0.41250000000000003	6.0	0.8421052631578947	151.0	-0.6963562753036437	35.11240250802875	3786.0	44.40732540245246	-2950.0	-2435.0	-58.800978149995736	
6.305964568356698	2541.0	3.2155044547173524	1806.0	1555.0	-6.113594120643771	0.0	2253.936767578125	8321.0	356.0	-0.41250000000000003	6.0	0.8421052631578947	151.0	-0.6963562753036437	30.769230769230774	3770.0	45.57832623204727	-3015.0	-2151.0	-58.54375640316979	
6.260844921525664	2584.0	3.4654445335188524	1786.0	1559.0	-6.627118804692679	0.0	2273.468017578125	8961.0	356.0	-0.41250000000000003	6.0	0.8421052631578947	151.0	-0.6963562753036437	48.5242391803028	3900.0	40.073980258019034	-2702.0	-3312.0	-60.59358273846631	
5.903528812312872	2583.0	3.4481193265252785	1788.0	1589.0	-6.6189902771535944	0.0	2292.999267578125	9601.0	352.0	-0.4225	-3.0	0.8238866396761134	176.0	-0.7469635627530364	46.000917571494114	3763.0	41.307436500494525	-2777.0	-3147.0	-58.47905391487845	
5.727816285336261	2599.0	3.734009486007034	1765.0	1604.0	-6.807800683571075	0.0	2312.530517578125	10241.0	352.0	-0.4225	-3.0	0.8238866396761134	176.0	-0.7469635627530364	35.12769536626396	3552.0	44.170862007200334	-2937.0	-2436.0	-55.21273360794703	
5.452985127868221	2616.0	3.631846120155421	1774.0	1627.0	-7.017411539571221	0.0	2332.061767578125	10881.0	352.0	-0.4225	-3.0	0.8238866396761134	176.0	-0.7469635627530364	20.155987153999085	3523.0	47.36456112704708	-3106.0	-1457.0	-54.73580659066294	
5.7012836647685	2662.0	3.461699810183345	1788.0	1606.0	-7.57254834787154	0.0	2351.593017578125	11521.0	352.0	-0.4225	-3.0	0.8238866396761134	176.0	-0.7469635627530364	6.682979048784218	3527.0	48.47312758269355	-3143.0	-576.0	-54.78609886073897	
5.4970170239933696	2682.0	3.2731309707655134	1804.0	1623.0	-7.819326246489333	0.0	2371.124267578125	12161.0	344.0	-0.4425	-18.0	0.7935222672064778	193.0	-0.7813765182186235	15.354029668144978	3258.0	46.423930936986345	-3035.0	-1143.0	-50.67892472316045	
5.089073984745072	2706.0	2.9550175221262656	1831.0	1657.0	-8.118924572360626	0.0	2390.655517578125	12801.0	344.0	-0.4425	-18.0	0.7935222672064778	193.0	-0.7813765182186235	12.326043737574555	3326.0	44.64826332814398	-2911.0	-945.0	-51.74010628800136	
4.980481396289671	2699.0	2.81004439087186	1843.0	1666.0	-8.038572611472677	0.0	2410.186767578125	13441.0	344.0	-0.4425	-18.0	0.7935222672064778	193.0	-0.7813765182186235	12.616608044043433	2695.0	42.09429488816534	-2752.0	-964.0	-42.08327678412434	
4.9542109098068465	2676.0	2.5639481235418913	1863.0	1668.0	-7.766648807949165	0.0	2429.718017578125	14081.0	332.0	-0.47250000000000003	-39.0	0.7510121457489879	202.0	-0.7995951417004049	9.818014987001071	2587.0	40.851535191089496	-2665.0	-781.0	-40.4385001460176	
4.80968547170286	2684.0	2.397118598857332	1877.0	1680.0	-7.867816194992572	0.0	2449.249267578125	14721.0	332.0	-0.47250000000000003	-39.0	0.7510121457489879	202.0	-0.7995951417004049	14.14589386756385	2397.0	38.91126541991274	-2552.0	-1064.0	-37.542450948685634	
4.278367081235922	2702.0	2.836708123592248	1842.0	1725.0	-8.08120505828206	0.0	2468.780517578125	15361.0	332.0	-0.47250000000000003	-39.0	0.7510121457489879	202.0	-0.7995951417004049	19.834837131059796	1990.0	36.283416595279185	-2400.0	-1436.0	-31.323524588075138	
4.350177381061538	2626.0	2.8748809632966665	1838.0	1719.0	-7.164060847887306	0.0	2488.311767578125	16001.0	332.0	-0.47250000000000003	-39.0	0.7510121457489879	202.0	-0.7995951417004049	16.47040831931488	1766.0	35.55305370086572	-2346.0	-1216.0	-27.893663877599295	
3.778249291707843	2622.0	2.8249291707842374	1843.0	1767.0	-7.122586393546754	0.0	2507.843017578125	16641.0	326.0	-0.4875	-62.0	0.7044534412955465	206.0	-0.8076923076923077	16.929194066371007	1938.0	36.25322596546441	-2391.0	-1246.0	-30.52591334415079	
3.526355105860558	2627.0	2.635510586055756	1859.0	1788.0	-7.189134670955219	0.0	2527.374267578125	17281.0	326.0	-0.4875	-62.0	0.7044534412955465	206.0	-0.8076923076923077	9.11454350818168	2025.0	35.99466208734045	-2353.0	-735.0	-31.8634690611889	
2.9892820145067844	2624.0	2.4996300221069894	1871.0	1833.0	-7.161078434834479	0.0	2546.905517578125	17921.0	326.0	-0.4875	-62.0	0.7044534412955465	206.0	-0.8076923076923077	-0.3211500229392874	1687.0	37.67369547234358	-2441.0	-118.0	-26.660243250892645	
2.7675628029249437	2655.0	2.9467564829705504	1835.0	1852.0	-7.527847073636641	0.0	2566.436767578125	18561.0	321.0	-0.5	-71.0	0.6862348178137652	212.0	-0.819838056680162	-13.885915277565378	1682.0	35.98526161343751	-2296.0	769.0	-26.600405171191085	
2.762602141547746	2686.0	2.450690345250812	1876.0	1852.0	-7.911311978908422	0.0	2585.968017578125	19201.0	321.0	-0.5	-71.0	0.6862348178137652	212.0	-0.819838056680162	-16.638629759902127	1286.0	30.45140307812067	-1933.0	949.0	-20.579328227926787	
3.3308189656659657	2645.0	2.129515614215611	1901.0	1804.0	-7.418077401673485	0.0	2605.499267578125	19841.0	321.0	-0.5	-71.0	0.6862348178137652	212.0	-0.819838056680162	-3.119743079981649	1234.0	24.580997405852564	-1587.0	65.0	-19.840119134426978	
2.6905422797336023	2656.0	2.3875613066935655	1881.0	1858.0	-7.551849375165178	0.0	2625.030517578125	20481.0	309.0	-0.53	-80.0	0.6680161943319838	206.0	-0.8076923076923077	5.245450374675027	1333.0	20.616384182115706	-1350.0	-482.0	-21.39886914881871	
2.963064518822843	2645.0	2.2588328346652626	1891.0	1835.0	-7.419168601732924	0.0	2644.561767578125	21121.0	309.0	-0.53	-80.0	0.6680161943319838	206.0	-0.8076923076923077	-2.584493041749503	1106.0	18.51071193095188	-1195.0	30.0	-17.936728080935996	
3.3078930974387677	2565.0	2.2178811724482195	1893.0	1806.0	-6.452683927504359	0.0	2664.093017578125	21761.0	309.0	-0.53	-80.0	0.6680161943319838	206.0	-0.8076923076923077	-3.2879645205688948	654.0	18.11574149666326	-1172.0	76.0	-11.004971171806424	
3.0942358622735164	2545.0	2.2807290844945127	1888.0	1824.0	-6.212599686193399	0.0	2683.624267578125	22401.0	309.0	-0.53	-80.0	0.6680161943319838	206.0	-0.8076923076923077	-5.536014681143906	842.0	19.24962617029211	-1238.0	223.0	-13.878395252797619	
2.6520473367086734	2568.0	2.1094955756291953	1903.0	1861.0	-6.497554675361292	0.0	2703.155517578125	23041.0	305.0	-0.54	-93.0	0.6417004048582996	216.0	-0.8279352226720648	-10.720293622878117	952.0	22.611518843214668	-1442.0	562.0	-15.532669528462131	
2.2606245042247437	2580.0	2.252926612950603	1892.0	1894.0	-6.643178596192716	0.0	2722.686767578125	23681.0	305.0	-0.54	-93.0	0.6417004048582996	216.0	-0.8279352226720648	-20.79828719987766	1010.0	26.9148170248493	-1695.0	1221.0	-16.37961659881703	
2.1039490140651074	2686.0	2.061568073177384	1909.0	1907.0	-7.925680955624717	0.0	2742.218017578125	24321.0	305.0	-0.54	-93.0	0.6417004048582996	216.0	-0.8279352226720648	-29.4081663862976	1216.0	24.03007353941554	-1483.0	1784.0	-19.569427667245098	
2.387971521694432	2746.0	1.8923902646813113	1923.0	1883.0	-8.649115852983405	0.0	2761.749267578125	24961.0	293.0	-0.5700000000000001	-103.0	0.6214574898785425	213.0	-0.8218623481781376	-33.91955956568283	771.0	19.389595456721395	-1174.0	2079.0	-12.787537220206458	
2.586331186471081	2781.0	1.4902615042510223	1956.0	1866.0	-9.076861578532196	0.0	2781.280517578125	25601.0	293.0	-0.5700000000000001	-103.0	0.6214574898785425	213.0	-0.8218623481781376	-23.44395167456798	473.0	12.772606724734004	-774.0	1394.0	-8.28105097740511	
3.4859410109177094	2804.0	0.9750534727233	1997.0	1790.0	-9.355278074653224	0.0	2800.811767578125	26241.0	293.0	-0.5700000000000001	-103.0	0.6214574898785425	213.0	-0.8218623481781376	-2.660957332925524	427.0	3.2595914190962896	-210.0	35.0	-7.67033488218774	
3.2183069086588585	2825.0	1.5925956277905928	1947.0	1813.0	-9.598615620767239	0.0	2820.343017578125	26881.0	293.0	-0.5700000000000001	-103.0	0.6214574898785425	213.0	-0.8218623481781376	31.42682367334455	85.0	-5.615901115133551	275.0	-2194.0	-2.5112763964513203	
3.4847636378656794	2802.0	2.0477923579964865	1909.0	1791.0	-9.309738685136113	0.0	2839.874267578125	27521.0	286.0	-0.5875	-110.0	0.6072874493927125	216.0	-0.8279352226720648	43.92108885150635	-151.0	-9.750917441100748	509.0	-3011.0	1.0686715836064853	
3.2620029690918337	2778.0	2.3907730996595946	1881.0	1810.0	-9.015950050484562	0.0	2859.405517578125	28161.0	286.0	-0.5875	-110.0	0.6072874493927125	216.0	-0.8279352226720648	47.19376051384004	-231.0	-9.248095723531302	467.0	-3225.0	2.3012584934321727	
3.2515622227888277	2777.0	2.537174659835173	1869.0	1811.0	-9.001078233972999	0.0	2878.936767578125	28801.0	286.0	-0.5875	-110.0	0.6072874493927125	216.0	-0.8279352226720648	32.726716623336905	-102.0	-7.034704790182899	362.0	-2279.0	0.34395401086754346	
3.928183230160657	2789.0	2.3421325398752284	1884.0	1754.0	-9.142791179551491	0.0	2898.468017578125	29441.0	297.0	-0.56	-97.0	0.6336032388663968	225.0	-0.8461538461538461	18.764337054595504	-9.0	-3.7088492728060594	183.0	-1366.0	-1.0498244141643045	
3.3328934496956073	2748.0	2.336964017179751	1885.0	1804.0	-8.654871544195592	0.0	2917.999267578125	30081.0	297.0	-0.56	-97.0	0.6336032388663968	225.0	-0.8461538461538461	17.18917265636948	-185.0	-1.0735124602675767	14.0	-1263.0	1.677158077791064	
2.94967015233734	2722.0	2.1098723765911176	1904.0	1836.0	-8.349992597932758	0.0	2937.530517578125	30721.0	297.0	-0.56	-97.0	0.6336032388663968	225.0	-0.8461538461538461	8.074629148187798	5.0	0.9659204863876666	-93.0	-667.0	-1.217899487786116	
3.4371977783132888	2737.0	2.0531111646621714	1908.0	1795.0	-8.52697543747784	0.0	2957.061767578125	31361.0	303.0	-0.545	-98.0	0.631578947368421	232.0	-0.8603238866396761	-4.5113931793852275	322.0	1.871704538631719	-116.0	156.0	-6.07304296688927	
3.528502615894123	2726.0	1.659785398936098	1940.0	1787.0	-8.401398783934628	0.0	2976.593017578125	32001.0	303.0	-0.545	-98.0	0.631578947368421	232.0	-0.8603238866396761	-7.264107661721977	8.0	1.2107318389236608	-69.0	336.0	-1.2614848252351305	
4.016510625198743	2735.0	1.651062519874285	1940.0	1746.0	-8.505126896362576	0.0	2996.124267578125	32641.0	303.0	-0.545	-98.0	0.631578947368421	232.0	-0.8603238866396761	-1.7586786970484785	-48.0	-3.063182295797326	194.0	-24.0	-0.4449328817273457	
3.5872842562442604	2727.0	1.5855684815689273	1946.0	1782.0	-8.414343498649552	0.0	3015.655517578125	33281.0	303.0	-0.545	-98.0	0.631578947368421	232.0	-0.8603238866396761	11.408472243462304	-102.0	-5.4899282928222375	317.0	-885.0	0.3594017758411501	
3.782368917182299	2739.0	2.0464155277537075	1908.0	1766.0	-8.547754024369489	0.0	3035.186767578125	33921.0	302.0	-0.5475	-103.0	0.6214574898785425	233.0	-0.8623481781376519	13.182443798745988	149.0	-5.430084992073045	311.0	-1001.0	-3.491465189340709	
3.616614344507346	2760.0	2.1376249269251044	1901.0	1780.0	-8.800599430305581	0.0	3054.718017578125	34561.0	302.0	-0.5475	-103.0	0.6214574898785425	233.0	-0.8623481781376519	14.77290105520722	-8.0	-4.979460473159099	276.0	-1105.0	-1.0778750098259597	
3.676238462187166	2752.0	2.147655742526152	1900.0	1775.0	-8.703417030648087	0.0	3074.249267578125	35201.0	302.0	-0.5475	-103.0	0.6214574898785425	233.0	-0.8623481781376519	11.255543661110263	-253.0	-4.876370471357807	276.0	-875.0	2.682554386432655	
3.93797833469014	2760.0	2.131166802347346	1901.0	1753.0	-8.797514952895309	0.0	3093.780517578125	35841.0	304.0	-0.5425	-101.0	0.6255060728744939	233.0	-0.8623481781376519	9.48157210582658	-285.0	-3.8567243776696367	214.0	-759.0	3.1837743244295336	
