Device	Device	Device	Device	Device	Device	Device	Device	Device	Device	Device	Device	Device	Device	Device	Device	Device	Device	Device	Device	Device	
Low Noise Accelerometer X	Low Noise Accelerometer X	Low Noise Accelerometer Z	Low Noise Accelerometer Z	Low Noise Accelerometer Y	Low Noise Accelerometer Y	Event_Marker	Timestamp	Timestamp	Magnetometer Z	Magnetometer Z	Magnetometer X	Magnetometer X	Magnetometer Y	Magnetometer Y	Gyroscope Y	Gyroscope Y	Gyroscope Z	Gyroscope Z	Gyroscope X	Gyroscope X	
CAL	UNCAL	UNCAL	CAL	CAL	UNCAL	CAL	CAL	UNCAL	UNCAL	CAL	UNCAL	CAL	UNCAL	CAL	CAL	UNCAL	CAL	UNCAL	CAL	UNCAL	
m/(s^2)	no units	no units	m/(s^2)	m/(s^2)	no units	no units	ms	no units	no units	local_flux	no units	local_flux	no units	local_flux	deg/s	no units	deg/s	no units	deg/s	no units	
1.5846922513495705	1785.0	2840.0	-9.387917722185797	2.6955584475878522	1941.0	0.0	397.52197265625	13026.0	300.0	-0.5525	2.0	0.8340080971659919	-423.0	0.46558704453441296	-5.65835754702554	-20.0	22.629065237619034	-1466.0	-0.6176559488206794	231.0	
2.0614447367572817	1825.0	2835.0	-9.331716800462305	2.2195222800330257	1901.0	0.0	417.05322265625	13666.0	300.0	-0.5525	2.0	0.8340080971659919	-423.0	0.46558704453441296	-13.595350971096499	94.0	23.794562575996796	-1520.0	-2.355272112463141	750.0	
2.2535953112607476	1830.0	2821.0	-9.164278397734742	2.1645515899771897	1885.0	0.0	436.58447265625	14306.0	295.0	-0.5650000000000001	2.0	0.8340080971659919	-409.0	0.43724696356275305	-12.784829484630679	-54.0	22.816594744420076	-1460.0	-0.0940682093764223	697.0	
2.1677476762152956	1854.0	2842.0	-9.415708568946636	1.8695078836964731	1892.0	0.0	456.11572265625	14946.0	295.0	-0.5650000000000001	2.0	0.8340080971659919	-409.0	0.43724696356275305	-9.1910077993577	-104.0	20.881022321787068	-1344.0	0.6538002493034929	462.0	
1.6925110096465692	1858.0	2835.0	-9.32032760677166	1.818470365189948	1932.0	0.0	475.64697265625	15586.0	295.0	-0.5650000000000001	2.0	0.8340080971659919	-409.0	0.43724696356275305	-5.964214711729623	-112.0	19.412614227422267	-1257.0	0.7618720376248442	251.0	
1.465879574507574	1859.0	2839.0	-9.364423501623563	1.8032739401704356	1951.0	0.0	495.17822265625	16226.0	293.0	-0.5700000000000001	22.0	0.8744939271255061	-412.0	0.4433198380566802	-8.028750573482185	-73.0	18.239952868102442	-1175.0	0.1517105613647746	386.0	
1.5155565769127797	1855.0	2822.0	-9.158628023007742	1.8560793908511417	1947.0	0.0	514.70947265625	16866.0	293.0	-0.5700000000000001	22.0	0.8744939271255061	-412.0	0.4433198380566802	-10.429729316409238	176.0	14.99042997976396	-955.0	-3.701561098391712	543.0	
2.1144697060606146	1868.0	2791.0	-8.791124632033762	1.712792083938003	1897.0	0.0	534.24072265625	17506.0	293.0	-0.5700000000000001	22.0	0.8744939271255061	-412.0	0.4433198380566802	-9.894479278177092	429.0	10.747382885513169	-678.0	-7.626145934839821	508.0	
2.114087138341854	1854.0	2794.0	-8.829381403909851	1.8806978216184744	1897.0	0.0	553.77197265625	18146.0	293.0	-0.5700000000000001	22.0	0.8744939271255061	-412.0	0.4433198380566802	2.1562930111637866	372.0	8.211020172849002	-545.0	-6.776873993453343	-280.0	
1.6213104858708427	1833.0	2833.0	-9.297522841487156	2.119419274534989	1938.0	0.0	573.30322265625	18786.0	291.0	-0.5750000000000001	18.0	0.8663967611336032	-400.0	0.4190283400809717	7.2488148034867725	330.0	5.647646875976954	-392.0	-6.158039412780817	-613.0	
1.609782253228466	1840.0	2830.0	-9.259869915248657	2.0357197013357453	1939.0	0.0	592.83447265625	19426.0	291.0	-0.5750000000000001	18.0	0.8663967611336032	-400.0	0.4190283400809717	4.970178926441353	580.0	3.777648165052871	-262.0	-10.012860314421284	-464.0	
2.266978574352694	1845.0	2809.0	-9.016428279016338	1.9869195334162124	1884.0	0.0	612.36572265625	20066.0	291.0	-0.5750000000000001	18.0	0.8663967611336032	-400.0	0.4190283400809717	7.661721975837285	248.0	2.296317486308256	-176.0	-4.933305046711261	-640.0	
1.935472102041978	1788.0	2794.0	-8.83374217675457	2.6740051786901473	1912.0	0.0	631.89697265625	20706.0	297.0	-0.56	28.0	0.8866396761133604	-406.0	0.4311740890688259	13.580058112861295	131.0	1.2110980771097135	-122.0	-3.148852652802633	-1027.0	
1.5296811530819958	1777.0	2803.0	-8.936646596562309	2.800419301286321	1946.0	0.0	651.42822265625	21346.0	297.0	-0.56	28.0	0.8866396761133604	-406.0	0.4311740890688259	13.151858082275579	312.0	3.901477364009015	-294.0	-5.899300402054249	-999.0	
1.5636635653437803	1762.0	2817.0	-9.109833941812456	2.978018270070201	1943.0	0.0	670.95947265625	21986.0	297.0	-0.56	28.0	0.8866396761133604	-406.0	0.4311740890688259	7.355864811133202	290.0	5.406517461877453	-377.0	-5.546671360596815	-620.0	
2.054478941400944	1774.0	2794.0	-8.837820145619864	2.8437883865016116	1902.0	0.0	690.49072265625	22626.0	297.0	-0.56	28.0	0.8866396761133604	-406.0	0.4311740890688259	4.985471784676556	571.0	6.098142979315636	-413.0	-9.851555013355533	-465.0	
1.8273454448791895	1763.0	2802.0	-8.932122178747726	2.972161131355765	1921.0	0.0	710.02197265625	23266.0	300.0	-0.5525	25.0	0.8805668016194332	-379.0	0.3765182186234818	11.83667227404802	396.0	6.735495560052989	-474.0	-7.159896847376301	-913.0	
1.3623854705049556	1733.0	2808.0	-8.999548187599677	3.3276087945675137	1960.0	0.0	729.55322265625	23906.0	300.0	-0.5525	25.0	0.8805668016194332	-379.0	0.3765182186234818	9.236886374063314	658.0	7.648710665965422	-524.0	-11.171019414745901	-743.0	
1.3263463748920903	1761.0	2811.0	-9.032029177457641	2.9892493862238645	1963.0	0.0	749.08447265625	24546.0	300.0	-0.5525	25.0	0.8805668016194332	-379.0	0.3765182186234818	0.48937146352653316	1075.0	10.23123659940289	-665.0	-17.543843840849615	-171.0	
1.6712580527153533	1750.0	2813.0	-9.06467091894085	3.1245757886543606	1934.0	0.0	768.61572265625	25186.0	305.0	-0.54	40.0	0.9109311740890689	-388.0	0.39473684210526316	-3.150328796452057	1022.0	10.860861035332817	-697.0	-16.724289962609692	67.0	
1.8846341487807692	1739.0	2820.0	-9.155632740970717	3.2574204336563453	1916.0	0.0	788.14697265625	25826.0	305.0	-0.54	40.0	0.9109311740890689	-388.0	0.39473684210526316	-2.8138859152775657	1207.0	10.106753581359419	-647.0	-19.57056051390253	45.0	
1.8702744626590833	1723.0	2840.0	-9.401125162663096	3.4451380726986303	1917.0	0.0	807.67822265625	26466.0	305.0	-0.54	40.0	0.9109311740890689	-388.0	0.39473684210526316	-0.8869857776418414	1356.0	8.037673160639576	-516.0	-21.877579383170346	-81.0	
1.6532087794122798	1707.0	2863.0	-9.679122058772034	3.6301785622813325	1935.0	0.0	827.20947265625	27106.0	310.0	-0.5275	40.0	0.9109311740890689	-382.0	0.3825910931174089	-0.8258143447010247	1620.0	6.260808058284768	-398.0	-25.946291719938866	-85.0	
2.0451565556693945	1726.0	2870.0	-9.770058718774832	3.403363644193245	1902.0	0.0	846.74072265625	27746.0	310.0	-0.5275	40.0	0.9109311740890689	-382.0	0.3825910931174089	-3.7161645511546113	1810.0	4.3445468610516205	-264.0	-28.88090622695493	104.0	
2.402326675818747	1707.0	2869.0	-9.767332418125251	3.6359055340583333	1872.0	0.0	866.27197265625	28386.0	310.0	-0.5275	40.0	0.9109311740890689	-382.0	0.3825910931174089	1.3610643829331703	1748.0	-0.2207757783107004	19.0	-27.975201466544814	-228.0	
2.3056460920608224	1708.0	2881.0	-9.911581270108243	3.6200055584100097	1880.0	0.0	885.80322265625	29026.0	310.0	-0.5275	40.0	0.9109311740890689	-382.0	0.3825910931174089	9.66508640464903	1983.0	-4.638878013482128	287.0	-31.625336148555878	-771.0	
2.0284819294872185	1711.0	2909.0	-10.247045146516246	3.57438006094286	1903.0	0.0	905.33447265625	29666.0	321.0	-0.5	36.0	0.902834008097166	-390.0	0.39878542510121456	11.913136565224042	1943.0	-7.026654119591024	436.0	-31.03543456329197	-918.0	
2.280388158697886	1716.0	2893.0	-10.056422225449527	3.5204706178008798	1882.0	0.0	924.86572265625	30306.0	321.0	-0.5	36.0	0.902834008097166	-390.0	0.39878542510121456	8.946322067594433	1778.0	-7.210162066853185	454.0	-28.50542983917398	-724.0	
2.5133681500346965	1723.0	2837.0	-9.377470710816056	3.452042098609327	1863.0	0.0	944.39697265625	30946.0	321.0	-0.5	36.0	0.902834008097166	-390.0	0.39878542510121456	11.087322220523017	1469.0	-7.158634693593816	442.0	-23.763469115080795	-864.0	
2.2495812288713473	1736.0	2853.0	-9.565686636674771	3.2890134048564224	1885.0	0.0	963.92822265625	31586.0	332.0	-0.47250000000000003	32.0	0.8947368421052632	-395.0	0.40890688259109315	16.562165468726107	1080.0	-5.73003169904015	331.0	-17.780178942124667	-1222.0	
1.926965698240669	1709.0	2863.0	-9.68438255688544	3.6087145359651793	1912.0	0.0	983.45947265625	32226.0	332.0	-0.47250000000000003	32.0	0.8947368421052632	-395.0	0.40890688259109315	15.29285823520416	571.0	-5.095989533689823	288.0	-9.963496338485587	-1139.0	
2.1804446144647316	1704.0	2834.0	-9.336490934479215	3.678448121430966	1891.0	0.0	1002.99072265625	32866.0	332.0	-0.47250000000000003	32.0	0.8947368421052632	-395.0	0.40890688259109315	9.710964979354642	459.0	-3.5825598129181286	203.0	-8.229779871567882	-774.0	
2.3406634383758034	1706.0	2789.0	-8.79079901956251	3.666867762426243	1878.0	0.0	1022.52197265625	33506.0	332.0	-0.47250000000000003	32.0	0.8947368421052632	-395.0	0.40890688259109315	9.1910077993577	257.0	-2.146969546564325	109.0	-5.1158382699631115	-740.0	
2.1649316420177804	1706.0	2766.0	-8.506835798221932	3.670789708889474	1893.0	0.0	1042.05322265625	34146.0	338.0	-0.4575	34.0	0.8987854251012146	-409.0	0.43724696356275305	7.294693378192385	125.0	-1.891428006798183	96.0	-3.087811011692963	-616.0	
2.2008644916663678	1691.0	2764.0	-8.48497940479178	3.852309056820828	1890.0	0.0	1061.58447265625	34786.0	338.0	-0.4575	34.0	0.8987854251012146	-409.0	0.43724696356275305	5.337207524086252	19.0	-1.460262868590484	72.0	-1.456984092549646	-488.0	
2.093512604631807	1702.0	2766.0	-8.50588239396217	3.7182873576851465	1899.0	0.0	1081.11572265625	35426.0	338.0	-0.4575	34.0	0.8987854251012146	-409.0	0.43724696356275305	4.37375745526839	187.0	-0.6576784452646783	24.0	-4.026831502881372	-425.0	
1.914106877464793	1688.0	2773.0	-8.58931225352069	3.8834994020174873	1914.0	0.0	1100.64697265625	36066.0	341.0	-0.45	40.0	0.9109311740890689	-414.0	0.4473684210526316	0.1988071570576541	144.0	0.6408780005204135	-50.0	-3.35403314112415	-152.0	
2.223599810385611	1714.0	2773.0	-8.592399913819857	3.5732795660925194	1888.0	0.0	1120.17822265625	36706.0	341.0	-0.45	40.0	0.9109311740890689	-414.0	0.4473684210526316	-5.153693225263802	417.0	0.8353200164592112	-46.0	-7.541132759632861	198.0	
2.3669182684862298	1716.0	2769.0	-8.54626838947225	3.551538995618309	1876.0	0.0	1139.70947265625	37346.0	341.0	-0.45	40.0	0.9109311740890689	-414.0	0.4473684210526316	-3.2420859458632822	348.0	-0.7282715022285947	50.0	-6.497999302409122	73.0	
2.163226213640666	1707.0	2780.0	-8.677378635933373	3.65531360508039	1893.0	0.0	1159.24072265625	37986.0	340.0	-0.4525	39.0	0.9089068825910931	-413.0	0.44534412955465585	0.9787429270530663	282.0	-2.0761481439392484	126.0	-5.498742147389983	-203.0	
2.1266501308912327	1694.0	2787.0	-8.763558339448185	3.8098507562066954	1896.0	0.0	1178.77197265625	38626.0	340.0	-0.4525	39.0	0.9089068825910931	-413.0	0.44534412955465585	0.24468573176326658	175.0	-3.2629011913504917	204.0	-3.8687499264447314	-155.0	
2.3862078046974355	1712.0	2806.0	-8.998267149304093	3.590884686868121	1874.0	0.0	1198.30322265625	39266.0	340.0	-0.4525	39.0	0.9089068825910931	-413.0	0.44534412955465585	-0.9787429270530663	227.0	-3.421320555946171	218.0	-4.668247270313183	-75.0	
2.3368639922211227	1689.0	2820.0	-9.170743635030597	3.864050152763768	1878.0	0.0	1217.83447265625	39906.0	340.0	-0.4525	39.0	0.9089068825910931	-413.0	0.44534412955465585	1.6363358311668452	-35.0	-4.642761531296807	288.0	-0.6602069616379643	-246.0	
2.3132705397998006	1662.0	2818.0	-9.149136496210447	4.189547565835234	1880.0	0.0	1237.36572265625	40546.0	340.0	-0.4525	41.0	0.9129554655870445	-418.0	0.45546558704453444	1.4528215323443954	-15.0	-6.385754136217504	402.0	-0.9845265608496694	-234.0	
2.487788130136424	1666.0	2851.0	-9.554520319690917	4.134992294184654	1865.0	0.0	1256.89697265625	41186.0	340.0	-0.4525	41.0	0.9129554655870445	-418.0	0.45546558704453444	-2.370393026456645	154.0	-6.16076912832966	399.0	-3.5754944489939	16.0	
2.31919006061878	1654.0	2867.0	-9.747660604788635	4.274021821040535	1879.0	0.0	1276.42822265625	41826.0	340.0	-0.4525	41.0	0.9129554655870445	-418.0	0.45546558704453444	-4.236121731151552	132.0	-5.335868061298793	350.0	-3.2296667978448435	138.0	
2.281543352238711	1663.0	2883.0	-9.940902871366994	4.161346773685408	1882.0	0.0	1295.95947265625	42466.0	341.0	-0.45	28.0	0.8866396761133604	-414.0	0.4473684210526316	-9.083957791711272	281.0	-4.273173918976748	295.0	-5.505367921482234	455.0	
2.5536998843179264	1652.0	2896.0	-10.106202044397852	4.293292476027512	1859.0	0.0	1315.49072265625	43106.0	341.0	-0.45	28.0	0.8866396761133604	-414.0	0.4473684210526316	-12.662486618749046	239.0	-4.951668790438212	348.0	-4.867684556555603	689.0	
3.078392631008935	1663.0	2888.0	-10.017879756249396	4.167775728775463	1815.0	0.0	1335.02197265625	43746.0	341.0	-0.45	28.0	0.8866396761133604	-414.0	0.4473684210526316	-15.216393944028141	326.0	-6.251199740949828	440.0	-6.215649944317585	856.0	
3.0548509650501567	1679.0	2886.0	-9.991093971174827	3.9753049434800163	1817.0	0.0	1354.55322265625	44386.0	341.0	-0.45	28.0	0.8866396761133604	-414.0	0.4473684210526316	-6.10185043584646	229.0	-5.277125136024717	352.0	-4.717494283430219	260.0	
2.5170440510036554	1674.0	2904.0	-10.200356804396353	4.025982581530543	1862.0	0.0	1374.08447265625	45026.0	336.0	-0.4625	35.0	0.9008097165991903	-420.0	0.45951417004048584	0.24468573176326658	-78.0	-4.932074199492151	310.0	-0.003287291020546791	-155.0	
2.406869140844153	1669.0	2929.0	-10.503562106060857	4.07905769025108	1871.0	0.0	1393.61572265625	45666.0	336.0	-0.4625	35.0	0.9008097165991903	-420.0	0.45951417004048584	-4.389050313503594	-388.0	-1.3951693439692987	89.0	4.788871691553402	148.0	
2.7525435454322618	1684.0	2925.0	-10.459931171059537	3.902664161430722	1842.0	0.0	1413.14697265625	46306.0	336.0	-0.4625	35.0	0.9008097165991903	-420.0	0.45951417004048584	-12.20370087169292	-492.0	1.2239160884134164	-62.0	6.41088884632222	659.0	
2.8856722879212544	1691.0	2907.0	-10.242295017398371	3.8240108225312452	1831.0	0.0	1432.67822265625	46946.0	333.0	-0.47000000000000003	23.0	0.8765182186234818	-408.0	0.4352226720647773	-13.136565224040375	-709.0	3.6119429074292597	-217.0	9.764522068325483	720.0	
2.6134904647789363	1681.0	2894.0	-10.07952495067781	3.945026333345076	1854.0	0.0	1452.20947265625	47586.0	333.0	-0.47000000000000003	23.0	0.8765182186234818	-408.0	0.4352226720647773	-7.1111790793699345	-1056.0	5.163396824131513	-337.0	15.104572436861847	326.0	
2.4722768634829277	1706.0	2881.0	-9.915170794564359	3.6456964611772773	1866.0	0.0	1471.74072265625	48226.0	333.0	-0.47000000000000003	23.0	0.8765182186234818	-408.0	0.4352226720647773	-7.095886221134731	-1072.0	7.421294788684032	-484.0	15.372663155037372	325.0	
2.3047021861122152	1734.0	2889.0	-10.005971864968979	3.304855295405116	1880.0	0.0	1491.27197265625	48866.0	327.0	-0.485	29.0	0.888663967611336	-404.0	0.4271255060728745	-7.20293622878116	-1025.0	8.586340858061291	-559.0	14.663122883799273	332.0	
2.2931293930253234	1704.0	2886.0	-9.972774983181957	3.6668492882425174	1881.0	0.0	1510.80322265625	49506.0	327.0	-0.485	29.0	0.888663967611336	-404.0	0.4271255060728745	-9.573329255237805	-1363.0	9.490607735215448	-615.0	19.858601029017034	487.0	
2.448514275241226	1741.0	2881.0	-9.910477237782176	3.2238659594425516	1868.0	0.0	1530.33447265625	50146.0	327.0	-0.485	29.0	0.888663967611336	-404.0	0.4271255060728745	-12.050772289340879	-1043.0	10.900011272484376	-697.0	14.962460293789752	649.0	
2.515676365534274	1753.0	2916.0	-10.337125351334508	3.0714263048214234	1862.0	0.0	1549.86572265625	50786.0	327.0	-0.485	29.0	0.888663967611336	-404.0	0.4271255060728745	-10.919100779935771	-1106.0	11.444930601977294	-736.0	15.93461195754655	575.0	
2.6681780078083235	1724.0	2934.0	-10.563151600120028	3.4178283866298993	1849.0	0.0	1569.39697265625	51426.0	315.0	-0.515	28.0	0.8866396761133604	-398.0	0.4149797570850203	-11.439057959932713	-1682.0	9.870041761481302	-638.0	24.757285656221537	609.0	
2.6087456439727963	1790.0	2934.0	-10.554007031291784	2.622236231476543	1854.0	0.0	1588.92822265625	52066.0	315.0	-0.515	28.0	0.8866396761133604	-398.0	0.4149797570850203	-9.833307845236275	-1309.0	9.770763115494127	-632.0	19.032800465281078	504.0	
2.1630026812629604	1797.0	2978.0	-11.080684254656324	2.522907907984563	1891.0	0.0	1608.45947265625	52706.0	315.0	-0.515	28.0	0.8866396761133604	-398.0	0.4149797570850203	-2.4315644593974617	-1701.0	9.614527863148188	-645.0	25.046275706742577	20.0	
2.297649915630128	1749.0	2947.0	-10.711198913177716	3.109957340169855	1880.0	0.0	1627.99072265625	53346.0	307.0	-0.535	25.0	0.8805668016194332	-401.0	0.42105263157894735	-4.4196360299740025	-2473.0	11.80579827338361	-790.0	36.91412979491736	150.0	
2.95537238486388	1786.0	2922.0	-10.415142465992963	2.676672561275768	1825.0	0.0	1647.52197265625	53986.0	307.0	-0.535	25.0	0.8805668016194332	-401.0	0.42105263157894735	-9.282764948768925	-2451.0	13.387943401658195	-880.0	36.59237260572136	468.0	
2.771172459100859	1840.0	2969.0	-10.977992185152225	2.012971157996398	1840.0	0.0	1667.05322265625	54626.0	307.0	-0.535	25.0	0.8805668016194332	-401.0	0.42105263157894735	-4.312586022327573	-2422.0	14.762438081641667	-982.0	36.16112752643557	143.0	
2.103653681001285	1831.0	2977.0	-11.063203328442919	2.113025482289347	1896.0	0.0	1686.58447265625	55266.0	307.0	-0.535	25.0	0.8805668016194332	-401.0	0.42105263157894735	2.2327573023398077	-2965.0	12.202515955194677	-838.0	44.467582931532924	-285.0	
1.6987389307884557	1839.0	2979.0	-11.078487873535375	2.0122851017166954	1930.0	0.0	1706.11572265625	55906.0	299.0	-0.555	34.0	0.8987854251012146	-390.0	0.39878542510121456	9.909772136412297	-3201.0	13.289662811998108	-931.0	48.09975254341844	-787.0	
1.9326808931189472	1835.0	2915.0	-10.303339259533812	2.0783202647043684	1911.0	0.0	1725.64697265625	56546.0	299.0	-0.555	34.0	0.8987854251012146	-390.0	0.39878542510121456	0.8258143447010247	-3480.0	14.425355635871714	-984.0	52.39222041227402	-193.0	
2.8959544730644113	1864.0	2922.0	-10.404552693558834	1.736531141461877	1830.0	0.0	1745.17822265625	57186.0	299.0	-0.555	34.0	0.8987854251012146	-390.0	0.39878542510121456	-10.200336442881175	-3456.0	17.45399929173157	-1152.0	52.05423924103762	528.0	
2.9578591065080295	1863.0	3000.0	-11.356946492054185	1.7301505045974903	1824.0	0.0	1764.70947265625	57826.0	285.0	-0.59	39.0	0.9089068825910931	-350.0	0.31781376518218624	-3.058571647040832	-3831.0	22.10955221844308	-1477.0	57.85497614210158	61.0	
2.356742100609335	1842.0	3049.0	-11.944837558114092	1.9653935614100762	1874.0	0.0	1784.24072265625	58466.0	285.0	-0.59	39.0	0.9089068825910931	-350.0	0.31781376518218624	5.077228934087781	-4316.0	22.72486634443937	-1543.0	65.30320385755212	-471.0	
1.7389472940321589	1868.0	3040.0	-11.819556311069842	1.648468226236997	1926.0	0.0	1803.77197265625	59106.0	285.0	-0.59	39.0	0.9089068825910931	-350.0	0.31781376518218624	5.933628995259214	-4116.0	25.935868226041077	-1752.0	62.26641714474316	-527.0	
0.5520770281775671	1894.0	2915.0	-10.26848765843377	1.3543678845829796	2027.0	0.0	1823.30322265625	59746.0	274.0	-0.6175	51.0	0.9331983805668016	-347.0	0.3117408906882591	4.00672885762349	-3582.0	28.048218147656673	-1879.0	54.09358637052061	-401.0	
1.2225414346179788	1883.0	2785.0	-8.698237490583075	1.5250076524863254	1972.0	0.0	1842.83447265625	60386.0	274.0	-0.6175	51.0	0.9331983805668016	-347.0	0.3117408906882591	-12.784829484630679	-3300.0	32.5774967208326	-2127.0	49.811734764661146	697.0	
2.3350674455191007	1918.0	2837.0	-9.350398305232794	1.1014029493143904	1878.0	0.0	1862.36572265625	61026.0	274.0	-0.6175	51.0	0.9331983805668016	-347.0	0.3117408906882591	-45.35861752561554	-3274.0	34.97633759495557	-2198.0	49.43676659829113	2827.0	
1.8339313182800456	1940.0	2945.0	-10.654487219614483	0.8052495687905109	1919.0	0.0	1881.89697265625	61666.0	274.0	-0.6175	51.0	0.9331983805668016	-347.0	0.3117408906882591	-47.514910536779325	-3240.0	37.590233867323704	-2362.0	48.941193116638566	2968.0	
1.7291991586198667	1936.0	3023.0	-11.603893661822834	0.833406889434079	1927.0	0.0	1901.42822265625	62306.0	252.0	-0.6725	43.0	0.917004048582996	-315.0	0.24696356275303644	-36.7487383391956	-3706.0	38.441634447376735	-2450.0	56.100236507125295	2264.0	
1.7248715941956938	1950.0	2961.0	-10.84617391376396	0.6798433099558343	1928.0	0.0	1920.95947265625	62946.0	252.0	-0.6725	43.0	0.917004048582996	-315.0	0.24696356275303644	-21.364122954580214	-3491.0	37.982344391940934	-2458.0	52.796579620074084	1258.0	
1.9920095938090685	1950.0	2820.0	-9.132373952426505	0.7167906891787172	1907.0	0.0	1940.49072265625	63586.0	252.0	-0.6725	43.0	0.917004048582996	-315.0	0.24696356275303644	-14.92582963755926	-3702.0	29.894444404153244	-1951.0	55.95338667206057	837.0	
1.7673803825194203	1994.0	2808.0	-8.976247462343688	0.1875464449397662	1926.0	0.0	1960.02197265625	64226.0	231.0	-0.725	45.0	0.9210526315789473	-275.0	0.1659919028340081	-20.24774430341031	-3617.0	27.6748081928367	-1792.0	54.62690919900678	1185.0	
1.449419320193604	2022.0	2878.0	-9.819972742544362	-0.16985706887786686	1952.0	0.0	1979.55322265625	64866.0	231.0	-0.725	45.0	0.9210526315789473	-275.0	0.1659919028340081	-20.217158586939902	-3987.0	24.32534385973172	-1578.0	60.270873509181946	1183.0	
1.7338215483563049	2029.0	2986.0	-11.141654688179036	-0.2777840349065237	1927.0	0.0	1999.08447265625	65506.0	231.0	-0.725	45.0	0.9210526315789473	-275.0	0.1659919028340081	-2.844471631747974	-4708.0	21.505010083819464	-1447.0	71.30604288893088	47.0	
1.4100267374580366	2035.0	3006.0	-11.378278635148714	-0.35804361858140593	1954.0	0.0	2018.61572265625	610.0	231.0	-0.725	45.0	0.9210526315789473	-275.0	0.1659919028340081	13.885915277565378	-5027.0	19.218085010836543	-1345.0	76.17806392514291	-1047.0	
1.1699486479138776	2033.0	2925.0	-10.386087589564633	-0.31650419302299726	1975.0	0.0	2038.14697265625	1250.0	226.0	-0.7375	43.0	0.917004048582996	-242.0	0.09919028340080972	17.510322679308764	-4965.0	19.46715360989461	-1370.0	75.22919662432973	-1284.0	
1.1333308519053138	2050.0	2835.0	-9.28596242851623	-0.49968714487054855	1979.0	0.0	2057.67822265625	1890.0	226.0	-0.7375	43.0	0.917004048582996	-242.0	0.09919028340080972	9.374522098180151	-4867.0	17.931142464295267	-1248.0	73.71007711437751	-752.0	
1.3506379311527916	2064.0	2810.0	-8.983825932339899	-0.6601460429497279	1961.0	0.0	2077.20947265625	2530.0	226.0	-0.7375	43.0	0.917004048582996	-242.0	0.09919028340080972	7.7381862670133055	-4533.0	17.86326627396167	-1236.0	68.58434081066045	-645.0	
2.24310078105932	2088.0	2812.0	-9.023255227401387	-0.9411666268579164	1886.0	0.0	2096.74072265625	3170.0	224.0	-0.7425	42.0	0.9149797570850202	-202.0	0.018218623481781375	5.872457562318398	-4564.0	19.778816943322948	-1356.0	69.07917531075593	-523.0	
1.9296838266079557	2144.0	2845.0	-9.412569720156801	-1.626785881438261	1912.0	0.0	2116.27197265625	3810.0	224.0	-0.7425	42.0	0.9149797570850202	-202.0	0.018218623481781375	14.635265331090382	-4117.0	21.357988672410197	-1477.0	62.23598283286497	-1096.0	
1.3322612252360027	2154.0	2864.0	-9.63102033354261	-1.7576110474305402	1962.0	0.0	2135.80322265625	4450.0	224.0	-0.7425	42.0	0.9149797570850202	-202.0	0.018218623481781375	26.303716164551158	-3981.0	22.880894703496438	-1605.0	60.16436211567085	-1859.0	
1.6625240859960853	2154.0	2791.0	-8.747591400391492	-1.7366398401599172	1935.0	0.0	2155.33447265625	5090.0	231.0	-0.725	39.0	0.9089068825910931	-176.0	-0.03441295546558704	18.183208441657747	-4071.0	21.06933578691092	-1467.0	61.52725005573623	-1328.0	
1.7992978552219507	2151.0	2743.0	-8.165452573043	-1.6874847476074355	1924.0	0.0	2174.86572265625	5730.0	231.0	-0.725	39.0	0.9089068825910931	-176.0	-0.03441295546558704	12.723658051689862	-3935.0	19.23216641777536	-1332.0	59.42202858453989	-971.0	
1.901902777144209	2146.0	2780.0	-8.6192460951029	-1.6352936049739892	1915.0	0.0	2194.39697265625	6370.0	231.0	-0.725	39.0	0.9089068825910931	-176.0	-0.03441295546558704	18.85609420400673	-4089.0	16.394686651066422	-1165.0	61.75670427022403	-1372.0	
1.8496935254046036	2173.0	2818.0	-9.078266507158673	-1.970297310551778	1919.0	0.0	2213.92822265625	7010.0	231.0	-0.725	39.0	0.9089068825910931	-176.0	-0.03441295546558704	19.345465667533265	-4049.0	17.19642860268716	-1218.0	61.150942343415245	-1404.0	
1.6578144553102676	2191.0	2830.0	-9.21855446897325	-2.191889330368531	1935.0	0.0	2233.45947265625	7650.0	232.0	-0.7225	42.0	0.9149797570850202	-162.0	-0.06275303643724696	21.073558648111334	-3900.0	19.488040833379188	-1370.0	58.88753040066156	-1517.0	
1.7470922164913603	2181.0	2781.0	-8.624111684197299	-2.058625769350358	1928.0	0.0	2252.99072265625	8290.0	232.0	-0.7225	42.0	0.9149797570850202	-162.0	-0.06275303643724696	24.483866034561864	-4005.0	18.335785878064517	-1305.0	60.48717863521153	-1740.0	
1.8681954823005693	2187.0	2764.0	-8.4185470080383	-2.1255925997955916	1918.0	0.0	2272.52197265625	8930.0	232.0	-0.7225	42.0	0.9149797570850202	-162.0	-0.06275303643724696	28.81174491512464	-3942.0	17.218750020275614	-1243.0	59.50930580617177	-2023.0	
1.8294384051907029	2185.0	2789.0	-8.722826147596388	-2.1079693678156834	1921.0	0.0	2292.05322265625	9570.0	241.0	-0.7000000000000001	43.0	0.917004048582996	-131.0	-0.12550607287449392	30.188102156293013	-3798.0	16.40137883109136	-1192.0	57.29152644750993	-2113.0	
1.9238233182695497	2201.0	2796.0	-8.80814436352125	-2.3015029673407414	1913.0	0.0	2311.58447265625	10210.0	241.0	-0.7000000000000001	43.0	0.917004048582996	-131.0	-0.12550607287449392	22.327573023398074	-3682.0	17.702551159959274	-1255.0	55.52457806645613	-1599.0	
2.259694187973807	2238.0	2775.0	-8.554390726428815	-2.738852318431971	1885.0	0.0	2331.11572265625	10850.0	241.0	-0.7000000000000001	43.0	0.917004048582996	-131.0	-0.12550607287449392	16.271601162257227	-3356.0	16.595139143816397	-1164.0	50.51120227374598	-1203.0	
1.5491208767486495	2266.0	2746.0	-8.183150420373131	-3.07588264301347	1945.0	0.0	2350.64697265625	11490.0	241.0	-0.7000000000000001	43.0	0.917004048582996	-131.0	-0.12550607287449392	31.38094509863894	-3133.0	16.48646191918482	-1194.0	47.08829564573781	-2191.0	
0.09058098528232172	2339.0	2702.0	-7.608568138434496	-3.9584944685785173	2068.0	0.0	2370.17822265625	12130.0	246.0	-0.6875	41.0	0.9129554655870445	-95.0	-0.19838056680161945	29.974002141000156	-2810.0	17.36132727740964	-1244.0	42.140776077745706	-2099.0	
1.531671654584441	2381.0	2695.0	-7.547120255841595	-4.44887870061918	1947.0	0.0	2389.70947265625	12770.0	246.0	-0.6875	41.0	0.9129554655870445	-95.0	-0.19838056680161945	-7.967579140541368	-2086.0	20.974033425878794	-1373.0	31.067496970747975	382.0	
2.463344265193728	2378.0	2668.0	-7.237002052055804	-4.397215032124119	1869.0	0.0	2409.24072265625	13410.0	246.0	-0.6875	41.0	0.9129554655870445	-95.0	-0.19838056680161945	2.875057348218382	-2054.0	20.9297988466766	-1398.0	30.576031147895957	-327.0	
2.089954611127767	2355.0	2704.0	-7.671205553889963	-4.132524564966522	1900.0	0.0	2428.77197265625	14050.0	252.0	-0.6725	44.0	0.9190283400809717	-100.0	-0.1882591093117409	13.85532956109497	-1841.0	22.815038268244443	-1547.0	27.32650852293103	-1045.0	
1.3962135199988994	2363.0	2732.0	-7.99769561915768	-4.2423773193518395	1958.0	0.0	2448.30322265625	14690.0	252.0	-0.6725	44.0	0.9190283400809717	-100.0	-0.1882591093117409	10.750879339348526	-1455.0	24.76720938867312	-1662.0	21.4230595420991	-842.0	
0.9558053560306541	2346.0	2732.0	-7.990892968363161	-4.041826070867198	1995.0	0.0	2467.83447265625	15330.0	252.0	-0.6725	44.0	0.9190283400809717	-100.0	-0.1882591093117409	-8.472243462303105	-1312.0	26.45007906072074	-1720.0	19.245627075707716	415.0	
1.7014670694147485	2375.0	2669.0	-7.234245439477514	-4.368634093517089	1933.0	0.0	2487.36572265625	15970.0	248.0	-0.6825	31.0	0.8927125506072875	-85.0	-0.21862348178137653	-20.370087169291942	-1021.0	26.247699796786844	-1673.0	14.778358538554029	1193.0	
1.544339160028733	2409.0	2689.0	-7.470845901888595	-4.784575936076038	1946.0	0.0	2506.89697265625	16610.0	248.0	-0.6825	31.0	0.8927125506072875	-85.0	-0.21862348178137653	-18.274965591068973	-927.0	25.37852872339498	-1621.0	13.32728536395637	1056.0	
0.8040556014944058	2392.0	2708.0	-7.689677945797529	-4.591536135431127	2008.0	0.0	2526.42822265625	17250.0	248.0	-0.6825	31.0	0.8927125506072875	-85.0	-0.21862348178137653	-26.487230463373606	-1043.0	23.812741931978874	-1499.0	15.091587600384697	1593.0	
1.160618618633059	2375.0	2712.0	-7.747661946217893	-4.384310908159714	1978.0	0.0	2545.95947265625	17890.0	248.0	-0.6825	31.0	0.8927125506072875	-85.0	-0.21862348178137653	-45.86328184737728	-1112.0	24.223363507107305	-1476.0	16.1544631885466	2860.0	
1.3401426351277335	2386.0	2704.0	-7.652403153893325	-4.513140612630203	1963.0	0.0	2565.49072265625	18530.0	232.0	-0.7225	14.0	0.8582995951417004	-60.0	-0.2692307692307692	-42.97293164092369	-1025.0	21.783241381356685	-1324.0	14.795091889032227	2671.0	
1.3742891014980312	2406.0	2717.0	-7.809185088292126	-4.756898642076163	1960.0	0.0	2585.02197265625	19170.0	232.0	-0.7225	14.0	0.8582995951417004	-60.0	-0.2692307692307692	-26.53310903807922	-946.0	18.36930721348796	-1144.0	13.548738338361673	1596.0	
1.2181002807152699	2410.0	2729.0	-7.951876690377766	-4.809507133410041	1973.0	0.0	2604.55322265625	19810.0	232.0	-0.7225	14.0	0.8582995951417004	-60.0	-0.2692307692307692	-12.463679461691392	-1045.0	14.515305379334695	-931.0	15.029302202174506	676.0	
1.2190718863996568	2407.0	2721.0	-7.854716121939086	-4.771409627671171	1973.0	0.0	2624.08447265625	20450.0	218.0	-0.7575000000000001	-11.0	0.8076923076923077	-35.0	-0.31983805668016196	-6.682979048784218	-886.0	10.878597261339138	-708.0	12.55316221935269	298.0	
1.2952378888979337	2405.0	2682.0	-7.380973014968556	-4.737076719964609	1967.0	0.0	2643.61572265625	21090.0	218.0	-0.7575000000000001	-11.0	0.8076923076923077	-35.0	-0.31983805668016196	-7.875821991130143	-813.0	8.26126287958865	-534.0	11.406841568492068	376.0	
1.4967381103560202	2416.0	2689.0	-7.4690461072551235	-4.8693533000776865	1950.0	0.0	2663.14697265625	21730.0	218.0	-0.7575000000000001	-11.0	0.8076923076923077	-35.0	-0.31983805668016196	-8.716929194066372	-564.0	7.902447844744279	-506.0	7.582476987270521	431.0	
1.6601921950065415	2408.0	2715.0	-7.790304308869671	-4.777758381094798	1936.0	0.0	2682.67822265625	22370.0	218.0	-0.7575000000000001	-11.0	0.8076923076923077	-35.0	-0.31983805668016196	-2.7068359076311364	-499.0	8.071939549498635	-532.0	6.586780466539947	38.0	
1.7216713431359305	2422.0	2699.0	-7.594770448311719	-4.941907611197525	1931.0	0.0	2702.20947265625	23010.0	212.0	-0.7725	-19.0	0.791497975708502	-29.0	-0.3319838056680162	10.94968649640618	-434.0	10.919462570065999	-752.0	5.617864258967501	-855.0	
1.7339514635161086	2432.0	2696.0	-7.5572346007701015	-5.061516020753734	1930.0	0.0	2721.74072265625	23650.0	212.0	-0.7725	-19.0	0.791497975708502	-29.0	-0.3319838056680162	31.365652240403733	-479.0	10.81889467703423	-799.0	6.307360344652804	-2190.0	
1.534888084455187	2420.0	2669.0	-7.225477268766982	-4.91229319465127	1947.0	0.0	2741.27197265625	24290.0	212.0	-0.7725	-19.0	0.791497975708502	-29.0	-0.3319838056680162	36.993424070958866	-442.0	10.245726855197615	-776.0	5.733882771083817	-2558.0	
1.2493386545933203	2408.0	2668.0	-7.208991683525117	-4.770240663992039	1971.0	0.0	2760.80322265625	24930.0	222.0	-0.7475	-19.0	0.791497975708502	-24.0	-0.34210526315789475	29.683437834531276	-302.0	11.928460459161736	-865.0	3.602482394985971	-2080.0	
1.3267133428884212	2434.0	2717.0	-7.804856187348357	-5.094637219233745	1964.0	0.0	2780.33447265625	25570.0	222.0	-0.7475	-19.0	0.791497975708502	-24.0	-0.34210526315789475	21.471172962226643	-108.0	11.486886567730904	-813.0	0.621236826395431	-1543.0	
1.596700923970586	2444.0	2748.0	-8.187050460084258	-5.220063156588485	1941.0	0.0	2799.86572265625	26210.0	222.0	-0.7475	-19.0	0.791497975708502	-24.0	-0.34210526315789475	12.157822296987309	-416.0	10.78161943610589	-746.0	5.340285121781651	-934.0	
1.490548790921365	2439.0	2740.0	-8.08797805072064	-5.158902265876284	1950.0	0.0	2819.39697265625	26850.0	224.0	-0.7425	-19.0	0.791497975708502	-31.0	-0.32793522267206476	-0.7952286282306164	-570.0	11.522152897091587	-762.0	7.710740939742744	-87.0	
1.1192977150774857	2471.0	2759.0	-8.308323730346677	-5.552563858901942	1981.0	0.0	2838.92822265625	27490.0	224.0	-0.7425	-19.0	0.791497975708502	-31.0	-0.32793522267206476	-9.818014987001071	-769.0	10.545135375508004	-677.0	10.754523012493765	503.0	
1.0627175428055307	2476.0	2735.0	-8.013960005161225	-5.607483349976373	1986.0	0.0	2858.45947265625	28130.0	224.0	-0.7425	-19.0	0.791497975708502	-31.0	-0.32793522267206476	-18.09145129224652	-1428.0	10.57498046040006	-664.0	20.866836194046996	1044.0	
1.4705579490985645	2468.0	2709.0	-7.706109852048317	-5.500862400682511	1952.0	0.0	2877.99072265625	28770.0	224.0	-0.7425	-19.0	0.791497975708502	-31.0	-0.32793522267206476	-21.486465820461845	-1893.0	12.115970986405339	-760.0	28.01743100033513	1266.0	
1.3623346806622036	2464.0	2718.0	-7.8141509813986945	-5.455912684869544	1961.0	0.0	2897.52197265625	29410.0	218.0	-0.7575000000000001	-30.0	0.7692307692307693	-21.0	-0.3481781376518219	-18.320844165774584	-2410.0	14.816990077021016	-949.0	35.977539242491865	1059.0	
1.3606605650298833	2491.0	2732.0	-7.98156254463072	-5.784578862109785	1961.0	0.0	2917.05322265625	30050.0	218.0	-0.7575000000000001	-30.0	0.7692307692307693	-21.0	-0.3481781376518219	-9.787429270530662	-2948.0	17.14628977953716	-1128.0	44.256164447588226	501.0	
1.6514397520054012	2493.0	2690.0	-7.475072418507511	-5.7956376532597345	1937.0	0.0	2936.58447265625	30690.0	218.0	-0.7575000000000001	-30.0	0.7692307692307693	-21.0	-0.3481781376518219	-0.8716929194066372	-3524.0	18.43934091848843	-1241.0	53.107517546057686	-82.0	
0.9995938859951607	2477.0	2667.0	-7.183468543341062	-5.603552950079158	1992.0	0.0	2956.11572265625	31330.0	219.0	-0.755	-38.0	0.7530364372469636	25.0	-0.44129554655870445	6.744150481725035	-3640.0	19.762675878575934	-1348.0	54.900711000001046	-580.0	
0.5767004168660973	2464.0	2621.0	-6.615672599104559	-5.439799459861622	2028.0	0.0	2975.64697265625	31970.0	219.0	-0.755	-38.0	0.7530364372469636	25.0	-0.44129554655870445	-0.6270071876433706	-3630.0	20.243595528368946	-1360.0	54.75207535991773	-98.0	
0.4144701729276809	2476.0	2585.0	-6.172030326279529	-5.577127230097519	2042.0	0.0	2995.17822265625	32610.0	219.0	-0.755	-38.0	0.7530364372469636	25.0	-0.44129554655870445	-8.900443492888822	-3364.0	20.292317208360853	-1339.0	50.67092992365642	443.0	
0.8702048113566457	2502.0	2557.0	-5.836661721478284	-5.879115523665396	2004.0	0.0	3014.70947265625	33250.0	219.0	-0.755	-38.0	0.7530364372469636	25.0	-0.44129554655870445	-7.784064841718918	-3271.0	19.785133435065045	-1308.0	49.23882110571785	370.0	
-0.05708654115036338	2499.0	2548.0	-5.708654115036338	-5.849683706748375	2082.0	0.0	3034.24072265625	33890.0	224.0	-0.7425	-45.0	0.7388663967611336	32.0	-0.45546558704453444	-8.885150634653618	-3206.0	20.054475331357605	-1322.0	48.244123086902654	442.0	
-0.4038074846423426	2526.0	2561.0	-5.856938940424733	-6.181417817510339	2111.0	0.0	3053.77197265625	34530.0	224.0	-0.7425	-45.0	0.7388663967611336	32.0	-0.45546558704453444	-18.167915583422545	-2795.0	18.950737242473444	-1222.0	41.92650292252448	1049.0	
0.2955512501214061	2563.0	2585.0	-6.1591607021451065	-6.62625179792723	2052.0	0.0	3073.30322265625	35170.0	224.0	-0.7425	-45.0	0.7388663967611336	32.0	-0.45546558704453444	-23.459244532803183	-2595.0	14.28660838640349	-903.0	38.810964902338796	1395.0	
0.2648337055504107	2556.0	2544.0	-5.659486587816072	-6.532228141688769	2055.0	0.0	3092.83447265625	35810.0	222.0	-0.7475	-61.0	0.7064777327935223	53.0	-0.4979757085020243	-14.681143905795995	-2794.0	11.121078343701367	-722.0	41.83286184987863	821.0	
-0.4807381840654325	2565.0	2509.0	-5.216675549400396	-6.639261374756373	2118.0	0.0	3112.36572265625	36450.0	222.0	-0.7475	-61.0	0.7064777327935223	53.0	-0.4979757085020243	-10.674415048172504	-2684.0	10.024098388559088	-660.0	40.133998847933476	559.0	
-0.06486737846711689	2581.0	2515.0	-5.296261656235498	-6.829465473174441	2083.0	0.0	3131.89697265625	37090.0	222.0	-0.7475	-61.0	0.7064777327935223	53.0	-0.4979757085020243	-13.365958097568436	-2503.0	8.436880472651582	-548.0	37.34077512665378	735.0	
-0.018719522143800342	2582.0	2527.0	-5.443380785808605	-6.843994569973755	2079.0	0.0	3151.42822265625	37730.0	225.0	-0.74	-68.0	0.6923076923076923	83.0	-0.5587044534412956	-3.792628842330632	-2511.0	7.422149012619157	-507.0	37.45338368131846	109.0	
-0.31381904752546186	2600.0	2507.0	-5.191428562069997	-7.058773990632317	2104.0	0.0	3170.95947265625	38370.0	225.0	-0.74	-68.0	0.6923076923076923	83.0	-0.5587044534412956	3.8690931335066527	-2477.0	8.474429931798763	-595.0	36.942194046134006	-392.0	
-0.02324392212413263	2635.0	2467.0	-4.705344593365645	-7.467833306992168	2080.0	0.0	3190.49072265625	39010.0	225.0	-0.74	-68.0	0.6923076923076923	83.0	-0.5587044534412956	9.863893561706684	-2358.0	7.391600195649476	-539.0	35.10537219345566	-784.0	
-0.4023309703898112	2602.0	2452.0	-4.518811324695404	-7.070303150655637	2112.0	0.0	3210.02197265625	39650.0	225.0	-0.74	-68.0	0.6923076923076923	83.0	-0.5587044534412956	7.01942192995871	-2236.0	5.8937307361408395	-433.0	33.21836649256933	-598.0	
-0.4169019441037149	2613.0	2474.0	-4.785432505609582	-7.208311404492988	2113.0	0.0	3229.55322265625	40290.0	235.0	-0.715	-70.0	0.688259109311741	103.0	-0.5991902834008097	-6.499464749961769	-1832.0	4.958346567254678	-333.0	27.009841252998005	286.0	
0.047064746532043865	2628.0	2476.0	-4.817334870605137	-7.385032676452806	2074.0	0.0	3249.08447265625	40930.0	235.0	-0.715	-70.0	0.688259109311741	103.0	-0.5991902834008097	-10.383850741703625	-1564.0	2.663150423407024	-171.0	22.874567671182056	540.0	
0.04696211357678047	2644.0	2477.0	-4.827598166131477	-7.578010053030234	2074.0	0.0	3268.61572265625	41570.0	235.0	-0.715	-70.0	0.688259109311741	103.0	-0.5991902834008097	-3.7467502676250195	-1473.0	1.8425687340045966	-134.0	21.470013841398664	106.0	
-0.14420722055159294	2644.0	2483.0	-4.89691253134977	-7.581308033675885	2090.0	0.0	3288.14697265625	42210.0	238.0	-0.7075	-79.0	0.6700404858299596	116.0	-0.6255060728744939	2.0339501452821533	-1409.0	1.4981376390607082	-126.0	20.48452257632923	-272.0	
-0.07059394110546574	2648.0	2465.0	-4.678441729594193	-7.624395255930649	2084.0	0.0	3307.67822265625	42850.0	238.0	-0.7075	-79.0	0.6700404858299596	116.0	-0.6255060728744939	1.422235815873987	-1302.0	1.477497878188168	-122.0	18.842456427301144	-232.0	
-0.23857527292170422	2642.0	2476.0	-4.809908244551376	-7.556415242921449	2098.0	0.0	3327.20947265625	43490.0	238.0	-0.7075	-79.0	0.6700404858299596	116.0	-0.6255060728744939	3.517357394096957	-1181.0	1.5199313391329947	-129.0	16.986198239277478	-369.0	
