Device	Device	Device	Device	Device	Device	Device	Device	Device	Device	Device	Device	Device	Device	Device	Device	Device	Device	Device	Device	Device	
Low Noise Accelerometer X	Low Noise Accelerometer X	Low Noise Accelerometer Z	Low Noise Accelerometer Z	Low Noise Accelerometer Y	Low Noise Accelerometer Y	Event_Marker	Timestamp	Timestamp	Magnetometer Z	Magnetometer Z	Magnetometer X	Magnetometer X	Magnetometer Y	Magnetometer Y	Gyroscope Y	Gyroscope Y	Gyroscope Z	Gyroscope Z	Gyroscope X	Gyroscope X	
UNCAL	CAL	CAL	UNCAL	CAL	UNCAL	CAL	CAL	UNCAL	CAL	UNCAL	CAL	UNCAL	CAL	UNCAL	CAL	UNCAL	UNCAL	CAL	CAL	UNCAL	
no units	m/(s^2)	m/(s^2)	no units	m/(s^2)	no units	no units	ms	no units	local_flux	no units	local_flux	no units	local_flux	no units	deg/s	no units	no units	deg/s	deg/s	no units	
1877.0	0.7406835282837316	9.782638542658889	1270.0	1.9620957507143282	2028.0	0.0	1606.8115234375	52652.0	0.63	773.0	0.1680161943319838	-327.0	0.7125506072874495	-545.0	0.5811286129377581	-223.0	-2.0	-0.16899607180265058	2.2692936206844596	-177.0	
1879.0	0.6562722258789405	9.6748416355131	1279.0	1.934999314005196	2035.0	0.0	1626.3427734375	53292.0	0.63	773.0	0.1680161943319838	-327.0	0.7125506072874495	-545.0	-0.48937146352653316	-265.0	-4.0	-0.1018629674213556	2.914433265369518	-107.0	
1876.0	0.6205615028496154	9.675197904009158	1279.0	1.970793910458077	2038.0	0.0	1645.8740234375	53932.0	0.6225	770.0	0.15587044534412955	-333.0	0.659919028340081	-519.0	-1.3151858082275578	-308.0	6.0	-0.22923827292362764	3.5729723096138666	-53.0	
1879.0	0.6070780154750826	9.51732535703206	1292.0	1.9313570463315366	2039.0	0.0	1665.4052734375	54572.0	0.6225	770.0	0.15587044534412955	-333.0	0.659919028340081	-519.0	-3.119743079981649	-332.0	0.0	-0.06846124252573202	3.942847687712843	65.0	
1881.0	0.5706419001073975	9.445142391692123	1298.0	1.9054526403288925	2042.0	0.0	1684.9365234375	55212.0	0.6225	770.0	0.15587044534412955	-333.0	0.659919028340081	-519.0	-4.052607432329102	-384.0	27.0	-0.45440792515504363	4.736901371109045	126.0	
1886.0	0.4040147416943066	9.44909321704971	1298.0	1.8436244213964914	2056.0	0.0	1704.4677734375	55852.0	0.63	773.0	0.1659919028340081	-328.0	0.7125506072874495	-545.0	-7.141764795840343	-355.0	83.0	-1.1877243362606968	4.284578180912367	328.0	
1876.0	0.4787082814617752	9.775590050939423	1271.0	1.9713832211828037	2050.0	0.0	1723.9990234375	56492.0	0.63	773.0	0.1659919028340081	-328.0	0.7125506072874495	-545.0	-12.540143752867412	-573.0	247.0	-3.5276949723957736	7.6062759120222445	681.0	
1861.0	0.8616383963568244	9.97336344520625	1254.0	2.159890881783356	2018.0	0.0	1743.5302734375	57132.0	0.63	773.0	0.1659919028340081	-328.0	0.7125506072874495	-545.0	-14.191772442269462	-663.0	349.0	-5.044277588098703	8.972113615096458	789.0	
1853.0	1.12250568312166	9.869615931213632	1262.0	2.2568101465398267	1996.0	0.0	1763.0615234375	57772.0	0.63	773.0	0.1659919028340081	-328.0	0.7125506072874495	-545.0	-9.175714941122497	-607.0	381.0	-5.728490520315993	8.105980400919291	461.0	
1847.0	1.2077654845378247	10.062262739496756	1246.0	2.333804837346157	1989.0	0.0	1782.5927734375	58412.0	0.61	765.0	0.18218623481781376	-320.0	0.728744939271255	-553.0	-1.2540143752867412	-553.0	392.0	-6.206229485610162	7.272600893727604	-57.0	
1839.0	1.09043878249287	10.234354439763193	1232.0	2.4324589464997106	1999.0	0.0	1802.1240234375	59052.0	0.61	765.0	0.18218623481781376	-320.0	0.728744939271255	-553.0	1.039914359993883	-411.0	354.0	-5.691723461207386	5.098829274517895	-207.0	
1839.0	1.0774392914560231	10.124881526554702	1241.0	2.4301394933251723	2000.0	0.0	1821.6552734375	59692.0	0.61	765.0	0.18218623481781376	-320.0	0.728744939271255	-553.0	-2.7068359076311364	-304.0	264.0	-4.14118750695279	3.4724748826410754	38.0	
1841.0	1.183953518506255	10.062018517292167	1246.0	2.405850989868255	1991.0	0.0	1841.1865234375	60332.0	0.605	763.0	0.17813765182186236	-322.0	0.728744939271255	-553.0	-4.129071723505123	-177.0	164.0	-2.5267471356304494	1.539869861772436	131.0	
1845.0	1.2429825765387579	10.012543368161506	1250.0	2.3572590063816294	1986.0	0.0	1860.7177734375	60972.0	0.605	763.0	0.17813765182186236	-322.0	0.728744939271255	-553.0	-1.6822144058724577	-44.0	100.0	-1.6198400271549325	-0.49187739367342137	-29.0	
1851.0	1.1113323184622645	9.942755655750274	1256.0	2.282257592926134	1997.0	0.0	1880.2490234375	61612.0	0.605	763.0	0.17813765182186236	-322.0	0.728744939271255	-553.0	1.3151858082275578	9.0	49.0	-0.9471760326554423	-1.2984083876090466	-225.0	
1850.0	0.9568441087112649	9.970125156840778	1254.0	2.2933082936215183	2010.0	0.0	1899.7802734375	62252.0	0.605	763.0	0.17813765182186236	-322.0	0.728744939271255	-553.0	1.6516286894020493	14.0	4.0	-0.26773326818055015	-1.368336378254922	-247.0	
1854.0	0.8847032919959459	9.898900628166018	1260.0	2.2429696237965326	2016.0	0.0	1919.3115234375	62892.0	0.61	765.0	0.17813765182186236	-322.0	0.7044534412955465	-541.0	0.13763572411683744	6.0	-20.0	0.16073001864441278	-1.2412958761216732	-148.0	
1854.0	0.9668008586765849	9.775323962896596	1270.0	2.2413190661579505	2009.0	0.0	1938.8427734375	63532.0	0.61	765.0	0.17813765182186236	-322.0	0.7044534412955465	-541.0	-0.6881786205841872	8.0	-40.0	0.5016803647667432	-1.2685753399766997	-94.0	
1855.0	0.9547777906694779	9.763493352662076	1271.0	2.228914030502105	2010.0	0.0	1958.3740234375	64172.0	0.61	765.0	0.17813765182186236	-322.0	0.7044534412955465	-541.0	0.5505428964673498	0.0	-80.0	1.066137455074479	-1.1401748998086232	-175.0	
1858.0	0.9185866843114815	9.715811288291002	1275.0	2.1914538998378505	2013.0	0.0	1977.9052734375	64812.0	0.605	763.0	0.17408906882591094	-324.0	0.6862348178137652	-532.0	1.5598715399908245	-13.0	-102.0	1.3621494007287314	-0.9377364927964569	-241.0	
1858.0	0.8712210089577513	9.741148514822743	1273.0	2.191486987614948	2017.0	0.0	1997.4365234375	65452.0	0.605	763.0	0.17408906882591094	-324.0	0.6862348178137652	-532.0	2.660957332925524	-64.0	-99.0	1.264143336297782	-0.15614788687639614	-313.0	
1851.0	0.8595540132699637	9.764925136520192	1271.0	2.2761831994896093	2018.0	0.0	2016.9677734375	556.0	0.605	763.0	0.17408906882591094	-324.0	0.6862348178137652	-532.0	2.7068359076311364	-54.0	-58.0	0.6332335283798967	-0.31590182153682406	-316.0	
1856.0	0.8352676855914141	9.717244749617588	1275.0	2.2147457646193502	2020.0	0.0	2036.4990234375	1196.0	0.605	763.0	0.16396761133603238	-329.0	0.688259109311741	-533.0	0.5505428964673498	-42.0	-20.0	0.13685076751960482	-0.5049994530429258	-175.0	
1855.0	0.895144038298952	9.75249906799044	1272.0	2.228097807284967	2015.0	0.0	2056.0302734375	1836.0	0.605	763.0	0.16396761133603238	-329.0	0.688259109311741	-533.0	-0.42820003058571654	-58.0	7.0	-0.24173749384668367	-0.26327359712659026	-111.0	
1855.0	0.919436387659193	9.800781623062162	1268.0	2.229306381880004	2013.0	0.0	2075.5615234375	2476.0	0.605	763.0	0.16396761133603238	-329.0	0.688259109311741	-533.0	-0.382321455880104	-79.0	15.0	-0.36984015921487323	0.05767953304035089	-114.0	
1857.0	0.907292621651749	9.776881212793947	1270.0	2.2046105504723963	2014.0	0.0	2095.0927734375	3116.0	0.605	763.0	0.16396761133603238	-329.0	0.688259109311741	-533.0	0.7034714788193914	-77.0	17.0	-0.44372209650553535	0.026251746351194455	-185.0	
1858.0	0.8476600736175612	9.766007361756133	1271.0	2.191748555200214	2019.0	0.0	2114.6240234375	3756.0	0.6125	766.0	0.15991902834008098	-331.0	0.7004048582995952	-539.0	0.2752714482336749	-71.0	25.0	-0.5487209174588196	-0.06686514380708782	-157.0	
1854.0	0.8947771269525883	9.715807933354059	1275.0	2.23940850824986	2015.0	0.0	2134.1552734375	4396.0	0.6125	766.0	0.15991902834008098	-331.0	0.7004048582995952	-539.0	-0.6270071876433706	-87.0	53.0	-0.9457481554592724	0.17467632234290614	-98.0	
1856.0	0.9199252013422321	9.849662991366062	1264.0	2.218240704611828	2013.0	0.0	2153.6865234375	5036.0	0.6125	766.0	0.15991902834008098	-331.0	0.7004048582995952	-539.0	0.1988071570576541	-102.0	58.0	-1.0579824227932335	0.40372123454144015	-152.0	
1843.0	0.9078852726263896	9.83614631025801	1265.0	2.374476477726605	2014.0	0.0	2173.2177734375	5676.0	0.6175	768.0	0.15587044534412955	-333.0	0.7145748987854251	-546.0	0.5505428964673498	-116.0	81.0	-1.4279548071934187	0.614844281911187	-175.0	
1852.0	0.9078961116534338	9.837230212962423	1265.0	2.2660645292312047	2014.0	0.0	2192.7490234375	6316.0	0.6175	768.0	0.15587044534412955	-333.0	0.7145748987854251	-546.0	0.36702859764489987	-71.0	52.0	-0.9676700284134209	-0.07105463491663383	-163.0	
1850.0	0.8838451582938666	9.813087257958092	1267.0	2.2894375461396907	2016.0	0.0	2212.2802734375	6956.0	0.6175	768.0	0.15587044534412955	-333.0	0.7145748987854251	-546.0	-0.7799357699954123	-45.0	26.0	-0.5179083931157649	-0.4655135936749048	-88.0	
1857.0	0.9555116133622055	9.836875621934837	1265.0	2.206292628572319	2010.0	0.0	2231.8115234375	7596.0	0.6175	768.0	0.15587044534412955	-333.0	0.7145748987854251	-546.0	-2.1257072946933784	-52.0	21.0	-0.3882533670625855	-0.3568056578074987	0.0	
1855.0	0.919436387659193	9.800781623062162	1268.0	2.229306381880004	2013.0	0.0	2251.3427734375	8236.0	0.61	765.0	0.17408906882591094	-324.0	0.7307692307692307	-554.0	-0.24468573176326658	-74.0	9.0	-0.2822936253413061	-0.018167419911537967	-123.0	
1858.0	0.8956352606546675	9.801621303561985	1268.0	2.192940585906702	2015.0	0.0	2270.8740234375	8876.0	0.61	765.0	0.17408906882591094	-324.0	0.7307692307692307	-554.0	1.5445786817556202	-84.0	17.0	-0.4784370269860052	0.1333159826532641	-240.0	
1856.0	0.8004138919278299	9.803293954687748	1268.0	2.2161182107841175	2023.0	0.0	2290.4052734375	9516.0	0.61	765.0	0.17408906882591094	-324.0	0.7307692307692307	-554.0	1.6822144058724577	-81.0	32.0	-0.7141922791875193	0.08492497915687425	-249.0	
1855.0	0.8717050052954373	9.789548148591349	1269.0	2.22860439856695	2017.0	0.0	2309.9365234375	10156.0	0.6025	762.0	0.1700404858299595	-326.0	0.7044534412955465	-541.0	-0.21410001529285827	-108.0	43.0	-0.8116777021189636	0.4982511836969323	-125.0	
1854.0	0.8962399549926905	9.862090737364285	1263.0	2.2423487926104655	2015.0	0.0	2329.4677734375	10796.0	0.6025	762.0	0.1700404858299595	-326.0	0.7044534412955465	-541.0	-0.474078605291329	-77.0	24.0	-0.5042897785664091	0.025646069530585718	-108.0	
1856.0	0.9438518436924476	9.861374845435229	1263.0	2.2187142081167135	2011.0	0.0	2348.9990234375	11436.0	0.6025	762.0	0.1700404858299595	-326.0	0.7044534412955465	-541.0	0.030585716470408322	-67.0	15.0	-0.384513640721768	-0.12660100567221694	-141.0	
1856.0	0.9568513347292944	9.970847758643721	1254.0	2.221033661291252	2010.0	0.0	2368.5302734375	12076.0	0.6075	764.0	0.18421052631578946	-319.0	0.7327935222672065	-555.0	1.0246215017586788	-87.0	-12.0	-0.012060494290319204	0.1840131989545957	-206.0	
1846.0	0.8868878993653934	10.117361365110767	1242.0	2.343746226777797	2016.0	0.0	2388.0615234375	12716.0	0.6075	764.0	0.18421052631578946	-319.0	0.7327935222672065	-555.0	1.6669215476372536	-172.0	-35.0	0.30296491457434516	1.4914445639838592	-248.0	
1836.0	0.9144595684524821	10.493575892867263	1211.0	2.472028161734641	2014.0	0.0	2407.5927734375	13356.0	0.6075	764.0	0.18421052631578946	-319.0	0.7327935222672065	-555.0	3.5479431105673656	-319.0	-135.0	1.7432485211977302	3.761486497794454	-371.0	
1835.0	0.821921255468837	10.763554118312264	1189.0	2.4885505358847886	2022.0	0.0	2427.1240234375	13996.0	0.6075	764.0	0.18421052631578946	-319.0	0.7327935222672065	-555.0	6.744150481725035	-387.0	-332.0	4.634979834635585	4.833828699681327	-580.0	
1830.0	0.49425638108464043	11.330400013225946	1143.0	2.556851768894642	2050.0	0.0	2446.6552734375	14636.0	0.6025	762.0	0.17206477732793524	-325.0	0.728744939271255	-553.0	8.67105061936076	-624.0	-717.0	10.443122409245918	8.528552752403032	-706.0	
1829.0	0.15384063768230039	11.812635196801468	1104.0	2.575140507903214	2079.0	0.0	2466.1865234375	15276.0	0.6025	762.0	0.17206477732793524	-325.0	0.728744939271255	-553.0	7.585257684661264	-781.0	-1227.0	18.306623868386072	11.016271701320044	-635.0	
1820.0	0.07758354413502619	12.52025917540738	1046.0	2.696964151479618	2086.0	0.0	2485.7177734375	15916.0	0.6025	762.0	0.17206477732793524	-325.0	0.728744939271255	-553.0	3.027985930570424	-985.0	-1824.0	27.639881250366745	14.239878941397333	-337.0	
1804.0	-0.11733997282429154	13.266002717570847	985.0	2.9027008714906435	2103.0	0.0	2505.2490234375	16556.0	0.5875	756.0	0.20242914979757085	-310.0	0.7226720647773279	-550.0	-14.910536779324056	-1110.0	-2258.0	35.01340021829061	16.231674588342184	836.0	
1783.0	0.6899235568494969	13.039974732568744	1002.0	3.1592649952801106	2035.0	0.0	2524.7802734375	17196.0	0.5875	756.0	0.20242914979757085	-310.0	0.7226720647773279	-550.0	-33.369016669215476	-1384.0	-2721.0	42.83089501283991	20.514238058613902	2043.0	
1784.0	1.246898104770528	12.78504857229091	1022.0	3.14768802478268	1988.0	0.0	2544.3115234375	17836.0	0.5875	756.0	0.20242914979757085	-310.0	0.7226720647773279	-550.0	-25.55436611102615	-1309.0	-3342.0	52.081268873322585	19.45590552285936	1532.0	
1778.0	1.198549984705367	12.712141327679559	1028.0	3.2180355553163076	1992.0	0.0	2563.8427734375	18476.0	0.5875	756.0	0.20242914979757085	-310.0	0.7226720647773279	-550.0	-8.8239792017128	-1092.0	-3806.0	58.582064329483714	16.191160523607866	438.0	
1785.0	1.3508511784142425	12.466070222376656	1048.0	3.130299795749748	1979.0	0.0	2583.3740234375	19116.0	0.5625	746.0	0.2692307692307692	-277.0	0.7145748987854251	-546.0	3.4714788193913444	-799.0	-4042.0	61.7650977792226	11.727057146274658	-366.0	
1792.0	1.172202156330383	12.458310871133547	1049.0	3.044020769106457	1994.0	0.0	2602.9052734375	19756.0	0.5625	746.0	0.2692307692307692	-277.0	0.7145748987854251	-546.0	17.41856552989754	-620.0	-4120.0	62.434429416400064	8.987087887842074	-1278.0	
1788.0	0.9453208948363463	12.389232340777488	1055.0	3.0885631569687324	2013.0	0.0	2622.4365234375	20396.0	0.5625	746.0	0.2692307692307692	-277.0	0.7145748987854251	-546.0	32.589080899220065	-572.0	-4068.0	61.03523713100268	8.236560749398105	-2270.0	
1795.0	0.6215272882744164	12.152728827441637	1075.0	2.9962578012388055	2040.0	0.0	2641.9677734375	21036.0	0.5650000000000001	747.0	0.27530364372469635	-274.0	0.6862348178137652	-532.0	41.076617219758376	-401.0	-3954.0	58.96860503558037	5.5919877229045225	-2825.0	
1798.0	0.7700446922010084	11.528278743910354	1126.0	2.949109395294193	2027.0	0.0	2661.4990234375	21676.0	0.5650000000000001	747.0	0.27530364372469635	-274.0	0.6862348178137652	-532.0	39.853188560942044	-304.0	-3670.0	54.664298078497616	4.060529738495579	-2745.0	
1802.0	1.162096305749725	11.44772581306772	1132.0	2.90322608172849	1994.0	0.0	2681.0302734375	22316.0	0.5650000000000001	747.0	0.27530364372469635	-274.0	0.6862348178137652	-532.0	40.08258143447011	-47.0	-3270.0	48.5422703354174	0.05577716092667662	-2760.0	
1806.0	0.9327866322128902	11.135806078431875	1158.0	2.846501819216068	2013.0	0.0	2700.5615234375	22956.0	0.5700000000000001	749.0	0.3259109311740891	-249.0	0.6700404858299596	-524.0	43.12586022327574	400.0	-2817.0	41.52167234080797	-6.873413014201251	-2959.0	
1826.0	0.9884216941998997	10.746931324751863	1190.0	2.5983168193406505	2008.0	0.0	2720.0927734375	23596.0	0.5700000000000001	749.0	0.3259109311740891	-249.0	0.6700404858299596	-524.0	38.2168527297752	814.0	-2414.0	35.58310635892167	-13.285414908483824	-2638.0	
1839.0	1.1426805513136076	10.696626559932206	1194.0	2.4422268065912984	1995.0	0.0	2739.6240234375	24236.0	0.5700000000000001	749.0	0.3259109311740891	-249.0	0.6700404858299596	-524.0	32.74200948157211	1010.0	-2109.0	31.14103357423816	-16.337354433323142	-2280.0	
1860.0	0.9990240859387426	10.616694308159985	1201.0	2.186179548709334	2007.0	0.0	2759.1552734375	24876.0	0.5700000000000001	749.0	0.3259109311740891	-249.0	0.6700404858299596	-524.0	26.823673344548098	1217.0	-1846.0	27.364376309918907	-19.55142912319819	-1893.0	
1877.0	1.3412876337726223	10.319239567738425	1225.0	1.978833812270808	1978.0	0.0	2778.6865234375	25516.0	0.595	759.0	0.32186234817813764	-251.0	0.6538461538461539	-516.0	18.657287046949076	1284.0	-1626.0	24.317522496602013	-20.609978066425725	-1359.0	
1878.0	1.4213140650661216	9.988549363755007	1252.0	1.9609720797329901	1971.0	0.0	2798.2177734375	26156.0	0.595	759.0	0.32186234817813764	-251.0	0.6538461538461539	-516.0	17.082122648723047	1221.0	-1336.0	19.910450578430037	-19.687346315145575	-1256.0	
1880.0	1.1705133872398985	9.908481581132722	1259.0	1.9327663317601136	1992.0	0.0	2817.7490234375	26796.0	0.595	759.0	0.32186234817813764	-251.0	0.6538461538461539	-516.0	21.761737268695523	1293.0	-1059.0	15.473874738363008	-20.836514896931238	-1562.0	
1876.0	1.3382388710194044	10.01436329241663	1250.0	1.9847539919079242	1978.0	0.0	2837.2802734375	27436.0	0.6175	768.0	0.32388663967611336	-250.0	0.6538461538461539	-516.0	27.909466279247596	1431.0	-947.0	13.526523825384295	-22.973527150882266	-1964.0	
1883.0	0.788422136665517	9.794594618932646	1269.0	1.8905231016971153	2024.0	0.0	2856.8115234375	28076.0	0.6175	768.0	0.32388663967611336	-250.0	0.6538461538461539	-516.0	31.212723658051694	1549.0	-798.0	11.120785510946906	-24.80823360568538	-2180.0	
1897.0	0.8330009189844532	9.490568088921501	1294.0	1.716213660124901	2020.0	0.0	2876.3427734375	28716.0	0.6175	768.0	0.32388663967611336	-250.0	0.6538461538461539	-516.0	21.547637253402662	1750.0	-527.0	7.370017008358692	-27.929982505994367	-1548.0	
1906.0	0.9513040440591475	9.41611869162904	1300.0	1.6074739684900394	2010.0	0.0	2895.8740234375	29356.0	0.6175	768.0	0.32388663967611336	-250.0	0.6538461538461539	-516.0	14.757608196972015	1967.0	-256.0	3.506712582819339	-31.29836850406286	-1104.0	
1903.0	0.6544725949009303	9.494878537712086	1294.0	1.6422254292333716	2035.0	0.0	2915.4052734375	29996.0	0.6575	784.0	0.3360323886639676	-244.0	0.6336032388663968	-506.0	16.883315491665392	2043.0	5.0	-0.5810120878505496	-32.50542650878705	-1243.0	
1909.0	0.36821342907310045	9.440390526357666	1299.0	1.5659839207214987	2059.0	0.0	2934.9365234375	30636.0	0.6575	784.0	0.3360323886639676	-244.0	0.6336032388663968	-506.0	14.6964367640312	2198.0	188.0	-3.2844341927806076	-34.910855696845715	-1100.0	
1923.0	0.6422286046108995	9.46095569918518	1297.0	1.4004606771382464	2036.0	0.0	2954.4677734375	31276.0	0.6575	784.0	0.3360323886639676	-244.0	0.6336032388663968	-506.0	10.276800734057197	2341.0	372.0	-5.915776800490558	-37.13143028603468	-811.0	
1931.0	0.7373352970190912	9.44781541619484	1298.0	1.3047633962338467	2028.0	0.0	2973.9990234375	31916.0	0.6900000000000001	797.0	0.3076923076923077	-258.0	0.5506072874493927	-465.0	12.356629454044961	2452.0	526.0	-8.350560422324557	-38.85901580830488	-947.0	
1938.0	0.3087365047930586	9.445079050734433	1299.0	1.216085331604788	2064.0	0.0	2993.5302734375	32556.0	0.6900000000000001	797.0	0.3076923076923077	-258.0	0.5506072874493927	-465.0	18.657287046949076	2456.0	661.0	-10.678343767806087	-38.9436715763922	-1359.0	
1948.0	0.24813957709251355	9.33776723306088	1308.0	1.092851198263468	2069.0	0.0	3013.0615234375	33196.0	0.6900000000000001	797.0	0.3076923076923077	-258.0	0.5506072874493927	-465.0	22.23581587398685	2496.0	737.0	-11.984267450299908	-39.57051015954213	-1593.0	
1957.0	0.3312232014935983	9.312796339836023	1310.0	0.9847488817032227	2062.0	0.0	3032.5927734375	33836.0	0.71	805.0	0.3076923076923077	-258.0	0.5688259109311741	-474.0	21.042972931640925	2485.0	823.0	-13.260987357909382	-39.414488038378856	-1515.0	
1966.0	0.3648688108174747	9.105928700795086	1327.0	0.8725142500758837	2059.0	0.0	3052.1240234375	34476.0	0.71	805.0	0.3076923076923077	-258.0	0.5688259109311741	-474.0	22.44991588927971	2506.0	964.0	-15.482717654372042	-39.758939498164104	-1607.0	
1979.0	-0.03772377331683488	9.322860763554608	1310.0	0.7162004594656347	2093.0	0.0	3071.6552734375	35116.0	0.71	805.0	0.3076923076923077	-258.0	0.5688259109311741	-474.0	22.954580211041446	2571.0	1022.0	-16.38501051889592	-40.76535386458747	-1640.0	
1991.0	-0.4887803581712896	9.455297516204377	1300.0	0.5697603154170734	2131.0	0.0	3091.1865234375	35756.0	0.71	805.0	0.3076923076923077	-258.0	0.5688259109311741	-474.0	21.302951521639397	2615.0	1031.0	-16.45062747677756	-41.44116731512377	-1532.0	
2009.0	-0.27415031298531317	9.489730606230587	1297.0	0.35572780778993934	2113.0	0.0	3110.7177734375	36396.0	0.7525000000000001	822.0	0.27530364372469635	-274.0	0.5303643724696356	-455.0	15.797522556965898	2756.0	1073.0	-16.854788633278066	-43.60878112248439	-1172.0	
2023.0	-0.22737728860622358	9.40512828223478	1304.0	0.1858287927586334	2109.0	0.0	3130.2490234375	37036.0	0.7525000000000001	822.0	0.27530364372469635	-274.0	0.5303643724696356	-455.0	11.83667227404802	2674.0	1043.0	-16.247530357844944	-42.344460879763815	-913.0	
2029.0	-0.3968069964265055	9.128824166873258	1327.0	0.10631925674669408	2123.0	0.0	3149.7802734375	37676.0	0.7525000000000001	822.0	0.27530364372469635	-274.0	0.5303643724696356	-455.0	9.970943569353112	2482.0	1033.0	-16.048560026466017	-39.396330314090044	-791.0	
2037.0	-0.0761647855730569	9.050188109360976	1333.0	0.011567415536308245	2096.0	0.0	3169.3115234375	38316.0	0.775	831.0	0.26720647773279355	-278.0	0.45951417004048584	-420.0	5.826578987612786	2505.0	1107.0	-17.017445740857834	-39.75894229537083	-520.0	
2054.0	-0.1458518991824751	9.2243338912763	1319.0	-0.1904658170699132	2102.0	0.0	3188.8427734375	38956.0	0.775	831.0	0.26720647773279355	-278.0	0.45951417004048584	-420.0	9.879186419941888	2519.0	1199.0	-18.592411211292216	-39.98951472128892	-785.0	
2055.0	-0.50219038102919	9.304771420890525	1313.0	-0.2044686440671802	2132.0	0.0	3208.3740234375	39596.0	0.775	831.0	0.26720647773279355	-278.0	0.45951417004048584	-420.0	15.812815415201102	2372.0	1283.0	-20.144266482874976	-37.749394176260395	-1173.0	
2063.0	-0.44254699396795816	9.31672917463275	1312.0	-0.30001859729039804	2127.0	0.0	3227.9052734375	40236.0	0.775	831.0	0.26720647773279355	-278.0	0.45951417004048584	-420.0	16.562165468726107	2328.0	1434.0	-22.503475718504816	-37.0978289876592	-1222.0	
2075.0	-0.19502081852323017	9.069346719105559	1332.0	-0.44706929789950667	2106.0	0.0	3247.4365234375	40876.0	0.8150000000000001	847.0	0.2388663967611336	-292.0	0.4251012145748988	-403.0	14.849365346383241	2286.0	1511.0	-23.625729335514407	-36.46458321018805	-1110.0	
2089.0	-0.4209051832697771	9.099957863498476	1330.0	-0.6173906174542945	2125.0	0.0	3266.9677734375	41516.0	0.8150000000000001	847.0	0.2388663967611336	-292.0	0.4251012145748988	-403.0	18.641994188713873	2283.0	1430.0	-22.53204203277991	-36.40761288618633	-1358.0	
2110.0	-0.572928850887832	9.373781577883479	1308.0	-0.866446428035546	2138.0	0.0	3286.4990234375	42156.0	0.8150000000000001	847.0	0.2388663967611336	-292.0	0.4251012145748988	-403.0	20.737115766936842	2251.0	1422.0	-22.497702573547055	-35.916246014534	-1495.0	
2127.0	-0.9388342889630765	9.687999675120915	1283.0	-1.0686403975799834	2169.0	0.0	3306.0302734375	42796.0	0.8375	856.0	0.20242914979757085	-310.0	0.38866396761133604	-385.0	18.427894173421013	2201.0	1282.0	-20.25971490653201	-35.126641954957606	-1344.0	
2129.0	-0.6071502504776135	9.523070190333883	1296.0	-1.0927185324330382	2141.0	0.0	3325.5615234375	43436.0	0.8375	856.0	0.20242914979757085	-310.0	0.38866396761133604	-385.0	13.794158128154153	2047.0	1242.0	-19.482783707283296	-32.755822159613885	-1041.0	
2134.0	-0.31104780666677107	9.371409809513368	1308.0	-1.1530316794667619	2116.0	0.0	3345.0927734375	44076.0	0.8375	856.0	0.20242914979757085	-310.0	0.38866396761133604	-385.0	13.029515216393944	1844.0	1121.0	-17.622281227827603	-29.62228695221997	-991.0	
2145.0	-0.7385446605173741	9.478867281595925	1300.0	-1.2876876190455442	2152.0	0.0	3364.6240234375	44716.0	0.855	863.0	0.1700404858299595	-326.0	0.354251012145749	-368.0	18.137329866952136	1708.0	1158.0	-18.41652609587529	-27.543379623395456	-1325.0	
2152.0	-1.04775404566568	9.51030971914631	1298.0	-1.37448821354361	2178.0	0.0	3384.1552734375	45356.0	0.855	863.0	0.1700404858299595	-326.0	0.354251012145749	-368.0	18.427894173421013	1574.0	1220.0	-19.402311128589457	-25.497076663533868	-1344.0	
2155.0	-1.1079936967105668	9.43872556703855	1304.0	-1.412666871409467	2183.0	0.0	3403.6865234375	45996.0	0.855	863.0	0.1700404858299595	-326.0	0.354251012145749	-368.0	17.52561553754397	1552.0	1229.0	-19.508025438091295	-25.160555166150132	-1285.0	
2146.0	-0.9162256899258615	9.567907197890023	1293.0	-1.2997318237848317	2167.0	0.0	3423.2177734375	46636.0	0.855	863.0	0.1700404858299595	-326.0	0.354251012145749	-368.0	13.85532956109497	1493.0	1258.0	-19.816321632431016	-24.258313592264166	-1045.0	
2149.0	-0.8418822007960216	9.85939896801689	1269.0	-1.3293031318042487	2161.0	0.0	3442.7490234375	47276.0	0.875	871.0	0.145748987854251	-338.0	0.3522267206477733	-367.0	13.870622419330175	1479.0	1276.0	-20.095934093152653	-24.04628694565763	-1046.0	
2164.0	-0.7200366819397173	10.139188948885415	1246.0	-1.5032117685645803	2151.0	0.0	3462.2802734375	47916.0	0.875	871.0	0.145748987854251	-338.0	0.3522267206477733	-367.0	16.86802263343019	1643.0	1247.0	-19.74461506276155	-26.559269075286206	-1242.0	
2166.0	-0.6372052925663506	10.088994552888755	1250.0	-1.5274837281329485	2144.0	0.0	3481.8115234375	48556.0	0.875	871.0	0.145748987854251	-338.0	0.3522267206477733	-367.0	23.581587398684817	1781.0	1225.0	-19.653581893775105	-28.675897488417576	-1681.0	
2173.0	-0.7477314576998194	9.75066375382758	1278.0	-1.6196929551630972	2153.0	0.0	3501.3427734375	49196.0	0.8875000000000001	876.0	0.11538461538461539	-353.0	0.3097165991902834	-346.0	35.54060253861447	1891.0	1129.0	-18.638469185679618	-30.35363956373036	-2463.0	
2206.0	-1.3218092286691538	9.485743799751285	1301.0	-2.0283224934000996	2201.0	0.0	3520.8740234375	49836.0	0.8875000000000001	876.0	0.11538461538461539	-353.0	0.3097165991902834	-346.0	48.31013916500994	2144.0	1093.0	-18.556676326513966	-34.2349760006443	-3298.0	
2230.0	-2.1927256748147346	9.2988610899551	1318.0	-2.3299259385635036	2274.0	0.0	3540.4052734375	50476.0	0.8875000000000001	876.0	0.11538461538461539	-353.0	0.3097165991902834	-346.0	59.81036855788347	2291.0	935.0	-16.563933061781597	-36.47068766574134	-4050.0	
2226.0	-2.8256284422423836	9.103822442428328	1335.0	-2.2919629681039773	2327.0	0.0	3559.9365234375	51116.0	0.8875000000000001	876.0	0.11538461538461539	-353.0	0.3097165991902834	-346.0	55.42131824437988	2182.0	885.0	-15.636076877807861	-34.78886038516599	-3763.0	
2229.0	-1.9347756137757355	8.903391003378797	1350.0	-2.323207646913555	2252.0	0.0	3579.4677734375	51756.0	0.9075	884.0	0.06477732793522267	-378.0	0.2692307692307692	-326.0	29.72931640923689	2062.0	1035.0	-16.93401772342537	-32.960501754647176	-2083.0	
2234.0	-1.7056989058852075	9.192014173384019	1326.0	-2.3753853802899667	2233.0	0.0	3598.9990234375	52396.0	0.9075	884.0	0.06477732793522267	-378.0	0.2692307692307692	-326.0	18.871387062241936	2135.0	1203.0	-19.072503040587637	-34.10203391486191	-1373.0	
2237.0	-1.9298898856180222	9.39196381915014	1310.0	-2.409772875485226	2252.0	0.0	3618.5302734375	53036.0	0.9075	884.0	0.06477732793522267	-378.0	0.2692307692307692	-326.0	22.480501605750117	2086.0	1220.0	-19.485843316334247	-33.35428761837126	-1609.0	
2248.0	-2.3109962828082966	9.376562195360801	1312.0	-2.5464220924148426	2284.0	0.0	3638.0615234375	53676.0	0.9125	886.0	0.03036437246963563	-395.0	0.22469635627530365	-304.0	26.334301881021567	2136.0	1165.0	-18.786369344249966	-34.11451706155667	-1861.0	
2249.0	-1.991825330349318	9.150800298401528	1330.0	-2.559793813600523	2257.0	0.0	3657.5927734375	54316.0	0.9125	886.0	0.03036437246963563	-395.0	0.22469635627530365	-304.0	18.44318703165622	2117.0	1129.0	-17.919965882664226	-33.81430783743644	-1345.0	
2259.0	-1.8021067808976645	9.075036195947831	1336.0	-2.679893837865923	2241.0	0.0	3677.1240234375	54956.0	0.9125	886.0	0.03036437246963563	-395.0	0.22469635627530365	-304.0	13.794158128154153	2137.0	1119.0	-17.57714762277064	-34.117769328	-1041.0	
2264.0	-1.8406116229798133	8.795980559161546	1359.0	-2.7461009628778923	2244.0	0.0	3696.6552734375	55596.0	0.9225	890.0	0.022267206477732795	-399.0	0.20040485829959515	-292.0	11.377886526991896	2120.0	1129.0	-17.636921832372938	-33.857510847907896	-883.0	
2263.0	-1.4508821755096164	8.483211020466934	1384.0	-2.7364108664059983	2211.0	0.0	3716.1865234375	56236.0	0.9225	890.0	0.022267206477732795	-399.0	0.20040485829959515	-292.0	8.869857776418414	2436.0	1247.0	-19.303050869491475	-38.72302897424655	-719.0	
2289.0	-1.4281432437813586	8.37615181234033	1393.0	-3.0515776732994406	2209.0	0.0	3735.7177734375	56876.0	0.9225	890.0	0.022267206477732795	-399.0	0.20040485829959515	-292.0	16.363358311668453	2648.0	1177.0	-18.493584110287085	-41.96796484217699	-1209.0	
