Device	Device	Device	Device	Device	Device	Device	Device	Device	Device	Device	Device	Device	Device	Device	Device	Device	Device	Device	Device	Device	
Low Noise Accelerometer X	Low Noise Accelerometer X	Low Noise Accelerometer Z	Low Noise Accelerometer Z	Low Noise Accelerometer Y	Low Noise Accelerometer Y	Event_Marker	Timestamp	Timestamp	Magnetometer Z	Magnetometer Z	Magnetometer X	Magnetometer X	Magnetometer Y	Magnetometer Y	Gyroscope Y	Gyroscope Y	Gyroscope Z	Gyroscope Z	Gyroscope X	Gyroscope X	
CAL	UNCAL	CAL	UNCAL	UNCAL	CAL	CAL	UNCAL	CAL	UNCAL	CAL	CAL	UNCAL	UNCAL	CAL	CAL	UNCAL	CAL	UNCAL	UNCAL	CAL	
m/(s^2)	no units	m/(s^2)	no units	no units	m/(s^2)	no units	no units	ms	no units	local_flux	local_flux	no units	no units	local_flux	deg/s	no units	deg/s	no units	no units	deg/s	
-0.1209751529576189	1938.0	-7.335610533857129	2676.0	2086.0	0.8761744233354499	0.0	53468.0	1631.7138671875	208.0	-0.7825	-0.5991902834008097	-706.0	90.0	-0.5728744939271255	39.05795993271143	-3767.0	-67.91192402179804	4267.0	-2693.0	55.97271442557917	
-0.030264170687763263	1940.0	-7.788321830681088	2713.0	2078.0	0.8439309216795006	0.0	54108.0	1651.2451171875	208.0	-0.7825	-0.5991902834008097	-706.0	90.0	-0.5728744939271255	28.398837742774127	-3441.0	-62.913654772272665	3973.0	-1996.0	51.02039544552571	
0.5950782431933472	1942.0	-8.349318537808129	2758.0	2025.0	0.8148680261336022	0.0	54748.0	1670.7763671875	207.0	-0.785	-0.52834008097166	-671.0	130.0	-0.6538461538461539	23.780394555742472	-2997.0	-58.15426455312866	3680.0	-1694.0	44.25503860350969	
0.41277696835458494	1953.0	-8.72230316454151	2789.0	2040.0	0.6730552003686192	0.0	55388.0	1690.3076171875	207.0	-0.785	-0.52834008097166	-671.0	130.0	-0.6538461538461539	24.499158892797066	-2441.0	-56.19049731248215	3556.0	-1741.0	35.743143361998705	
0.5093597365025997	1972.0	-8.587835873549562	2778.0	2032.0	0.4477947112193359	0.0	56028.0	1709.8388671875	207.0	-0.785	-0.52834008097166	-671.0	130.0	-0.6538461538461539	21.547637253402662	-1929.0	-54.609628377839414	3466.0	-1548.0	27.902576418385177	
0.13054900999140384	1966.0	-8.373670429431044	2761.0	2064.0	0.5205790694631003	0.0	56668.0	1729.3701171875	210.0	-0.7775	-0.4757085020242915	-645.0	162.0	-0.7186234817813765	18.90197277871234	-1654.0	-53.4464923559982	3400.0	-1375.0	23.694474772619245	
0.6495063251769873	1972.0	-8.858891291825092	2800.0	2020.0	0.44377506874056916	0.0	57308.0	1748.9013671875	210.0	-0.7775	-0.4757085020242915	-645.0	162.0	-0.7186234817813765	17.372686955191927	-1610.0	-53.886139598721506	3433.0	-1275.0	23.014921019234514	
0.632009695382879	1983.0	-9.41807808075972	2846.0	2021.0	0.2998862461820079	0.0	57948.0	1768.4326171875	210.0	-0.7775	-0.4757085020242915	-645.0	162.0	-0.7186234817813765	22.08288729163481	-1487.0	-55.086164570063325	3500.0	-1583.0	21.115549279571734	
1.0236218730384241	2027.0	-9.542574600919485	2856.0	1988.0	-0.22880804437234276	0.0	58588.0	1787.9638671875	210.0	-0.7775	-0.4757085020242915	-645.0	162.0	-0.7186234817813765	21.792322985165928	-1445.0	-56.72921588909325	3608.0	-1564.0	20.454650452740186	
0.788263550327905	2033.0	-9.268883062447603	2834.0	2008.0	-0.29797695345651637	0.0	59228.0	1807.4951171875	211.0	-0.775	-0.4230769230769231	-619.0	183.0	-0.7611336032388664	20.339501452821533	-1431.0	-56.69972224722109	3610.0	-1469.0	20.24012261794516	
0.8961355637902992	2049.0	-9.195967430493898	2828.0	1999.0	-0.48821100502016773	0.0	59868.0	1827.0263671875	211.0	-0.775	-0.4230769230769231	-619.0	183.0	-0.7611336032388664	16.08808686343478	-1452.0	-58.14787932240893	3715.0	-1191.0	20.547875204013906	
1.0417761879694378	2056.0	-8.917619298294312	2805.0	1987.0	-0.5655249855319749	0.0	60508.0	1846.5576171875	211.0	-0.775	-0.4230769230769231	-619.0	183.0	-0.7611336032388664	15.461079675791407	-1550.0	-58.44545184933121	3735.0	-1150.0	22.048658877240925	
1.2183938177653195	2083.0	-9.112999175849017	2821.0	1972.0	-0.8929676116043873	0.0	61148.0	1866.0888671875	215.0	-0.765	-0.3582995951417004	-587.0	217.0	-0.8299595141700405	14.237651016975073	-1461.0	-60.52078317437571	3874.0	-1070.0	20.662246518417362	
1.3849207518958233	2096.0	-9.126972429465297	2822.0	1958.0	-1.0482083133595044	0.0	61788.0	1885.6201171875	215.0	-0.765	-0.3582995951417004	-587.0	217.0	-0.8299595141700405	14.451751032267932	-1405.0	-60.99755630225448	3905.0	-1084.0	19.798187702283577	
1.2646178116444582	2046.0	-9.252504549839905	2832.0	1968.0	-0.4495123466152934	0.0	62428.0	1905.1513671875	215.0	-0.765	-0.3582995951417004	-587.0	217.0	-0.8299595141700405	10.750879339348526	-1107.0	-57.420057868426746	3685.0	-842.0	15.261306556500637	
0.8471791363781003	2044.0	-9.329705409809018	2839.0	2003.0	-0.43113436502517044	0.0	63068.0	1924.6826171875	215.0	-0.765	-0.3582995951417004	-587.0	217.0	-0.8299595141700405	9.63450068817862	-603.0	-53.606708127368236	3445.0	-769.0	7.565820290216269	
0.8565311920053973	2052.0	-9.5849760375555	2860.0	2002.0	-0.5325317991925018	0.0	63708.0	1944.2138671875	218.0	-0.7575000000000001	-0.2975708502024291	-557.0	238.0	-0.8724696356275303	9.909772136412297	-194.0	-51.97075200761477	3342.0	-787.0	1.306286035240716	
0.4129692236559943	2048.0	-9.893553824876763	2886.0	2039.0	-0.4949462035380838	0.0	64348.0	1963.7451171875	218.0	-0.7575000000000001	-0.2975708502024291	-557.0	238.0	-0.8724696356275303	11.729622266401591	407.0	-47.1986879670339	3033.0	-906.0	-7.868028002886543	
0.2813454609789422	2076.0	-9.960691997343876	2892.0	2050.0	-0.8349546022045579	0.0	64988.0	1983.2763671875	218.0	-0.7575000000000001	-0.2975708502024291	-557.0	238.0	-0.8724696356275303	10.246215017586788	677.0	-43.54498744887041	2802.0	-809.0	-11.974501585398635	
-0.392201492576566	2086.0	-9.458244495751838	2852.0	2107.0	-0.9521230494191156	0.0	92.0	2002.8076171875	212.0	-0.7725	-0.25303643724696356	-535.0	257.0	-0.9109311740890689	5.536014681143906	792.0	-39.724486841341665	2567.0	-501.0	-13.70091220000771	
-0.43417215237179374	2112.0	-8.893405713369852	2806.0	2111.0	-1.254498992417621	0.0	732.0	2022.3388671875	212.0	-0.7725	-0.25303643724696356	-535.0	257.0	-0.9109311740890689	-3.1044502217464447	476.0	-33.751904233360136	2198.0	64.0	-8.792329537960423	
-0.5026474686324894	2123.0	-8.598080196582282	2782.0	2117.0	-1.3818073557264043	0.0	1372.0	2041.8701171875	212.0	-0.7725	-0.25303643724696356	-535.0	257.0	-0.9109311740890689	-7.8299434164245305	105.0	-31.451145523060724	2057.0	373.0	-3.0765185136930904	
-0.7780821161022142	2145.0	-8.760592562602369	2796.0	2140.0	-1.6528721904853587	0.0	2012.0	2061.4013671875	211.0	-0.775	-0.22469635627530365	-521.0	258.0	-0.9129554655870445	-12.157822296987309	-231.0	-31.421884252365302	2063.0	656.0	2.079520608143832	
-0.5385622532360033	2153.0	-8.61813008550508	2784.0	2120.0	-1.7440132844834255	0.0	2652.0	2080.9326171875	211.0	-0.775	-0.22469635627530365	-521.0	258.0	-0.9129554655870445	-17.296222664015907	-521.0	-34.321624794311134	2262.0	992.0	6.500423463580597	
-0.5794972131544043	2128.0	-7.9497213154404305	2729.0	2124.0	-1.429849639404208	0.0	3292.0	2100.4638671875	211.0	-0.775	-0.22469635627530365	-521.0	258.0	-0.9129554655870445	-16.31747973696284	-471.0	-37.859901187656284	2490.0	928.0	5.6978165167409	
-0.5436730181427717	2124.0	-7.938730385705735	2728.0	2121.0	-1.3810788077750604	0.0	3932.0	2119.9951171875	211.0	-0.775	-0.22469635627530365	-521.0	258.0	-0.9129554655870445	-11.989600856400063	-109.0	-38.76187380789849	2541.0	645.0	0.13409370629726192	
-0.2487775543352987	2139.0	-8.2110887668632	2750.0	2096.0	-1.5642999123264	0.0	4572.0	2139.5263671875	213.0	-0.77	-0.20850202429149797	-513.0	263.0	-0.9230769230769231	-5.428964673497477	464.0	-40.10529193728441	2617.0	216.0	-8.671729611102169	
-0.2674014135679395	2125.0	-8.882998499651091	2805.0	2097.0	-1.4092496467793034	0.0	5212.0	2159.0576171875	213.0	-0.77	-0.20850202429149797	-513.0	263.0	-0.9230769230769231	-0.36702859764489987	980.0	-39.613351083336504	2577.0	-115.0	-16.58456377015514	
0.010054288619835677	2097.0	-9.708856852302146	2872.0	2073.0	-1.0856428592200855	0.0	5852.0	2178.5888671875	213.0	-0.77	-0.20850202429149797	-513.0	263.0	-0.9230769230769231	6.4382933170209515	1423.0	-38.07954715372968	2464.0	-560.0	-23.366831991408407	
-0.5153445810281209	2107.0	-9.867791436145419	2886.0	2117.0	-1.214557467304274	0.0	6492.0	2198.1201171875	205.0	-0.79	-0.17408906882591094	-496.0	246.0	-0.888663967611336	12.111943722281696	1946.0	-38.42617609301642	2477.0	-931.0	-31.395463234000594	
-0.6314329903249118	2115.0	-9.571870461062616	2862.0	2127.0	-1.3061854740642604	0.0	7132.0	2217.6513671875	205.0	-0.79	-0.17408906882591094	-496.0	246.0	-0.888663967611336	13.870622419330175	2009.0	-36.825733380907955	2369.0	-1046.0	-32.34616127734138	
-0.6300800212581024	2125.0	-9.436573554381672	2851.0	2127.0	-1.4239479339508168	0.0	7772.0	2237.1826171875	205.0	-0.79	-0.17408906882591094	-496.0	246.0	-0.888663967611336	11.3931793852271	1975.0	-35.34759819787507	2279.0	-884.0	-31.80966748113481	
-0.4602894237731479	2115.0	-9.124180472552885	2825.0	2113.0	-1.295520238628548	0.0	8412.0	2256.7138671875	205.0	-0.79	-0.17408906882591094	-496.0	246.0	-0.888663967611336	2.293928735280624	1779.0	-30.814802693850705	2006.0	-289.0	-28.75682072910208	
-0.2795439752390453	2128.0	-8.906778476285483	2807.0	2098.0	-1.4459912502419554	0.0	9052.0	2276.2451171875	196.0	-0.8125	-0.11133603238866396	-465.0	236.0	-0.868421052631579	-9.328643523474538	1740.0	-23.234660932646925	1543.0	471.0	-28.082584448823173	
-0.10260760755032945	2116.0	-9.070284564556756	2820.0	2083.0	-1.3029136950774816	0.0	9692.0	2295.7763671875	196.0	-0.8125	-0.11133603238866396	-465.0	236.0	-0.868421052631579	-17.372686955191927	1578.0	-15.401238647587292	1053.0	997.0	-25.518443873356343	
-0.10563950959481208	2129.0	-9.373474769005018	2845.0	2083.0	-1.465634324210988	0.0	10332.0	2315.3076171875	196.0	-0.8125	-0.11133603238866396	-465.0	236.0	-0.868421052631579	-11.469643676403122	1642.0	-11.213253277800767	766.0	611.0	-26.45861097377847	
-0.3287405943155798	2126.0	-9.06453562203417	2820.0	2102.0	-1.425541973805526	0.0	10972.0	2334.8388671875	184.0	-0.8425	-0.12348178137651822	-471.0	240.0	-0.8765182186234818	-11.699036549931183	1568.0	-6.708883994452415	473.0	626.0	-25.278075490243744	
-0.4926266244747296	2079.0	-8.786471971282483	2797.0	2116.0	-0.8553545008511199	0.0	11612.0	2354.3701171875	184.0	-0.8425	-0.12348178137651822	-471.0	240.0	-0.8765182186234818	-17.739715552836827	1526.0	-2.643928040756019	224.0	1021.0	-24.592957617065533	
-0.46332708313280846	2022.0	-9.42794640851894	2849.0	2113.0	-0.18114400623062255	0.0	12252.0	2373.9013671875	184.0	-0.8425	-0.12348178137651822	-471.0	240.0	-0.8765182186234818	-16.60804404343172	1785.0	-2.710974979302973	228.0	947.0	-28.567849353905352	
-0.42160263668360753	1994.0	-10.017406525503612	2897.0	2109.0	0.14483343348453742	0.0	12892.0	2393.4326171875	178.0	-0.8575	-0.12550607287449392	-472.0	219.0	-0.8340080971659919	-12.20370087169292	2064.0	-3.920974018797494	298.0	659.0	-32.861060284917144	
-0.48270523877592686	1989.0	-10.175285782354594	2910.0	2114.0	0.2013057861820163	0.0	13532.0	2412.9638671875	178.0	-0.8575	-0.12550607287449392	-472.0	219.0	-0.8340080971659919	-7.906407707600551	2265.0	-6.384496562556812	449.0	378.0	-35.96993672563785	
-0.09066687292693099	1982.0	-10.25716348316929	2916.0	2081.0	0.2879259652218027	0.0	14172.0	2432.4951171875	178.0	-0.8575	-0.12550607287449392	-472.0	219.0	-0.8340080971659919	-7.768771983483714	2252.0	-9.591183873701613	657.0	369.0	-35.802525311193676	
0.2505443786879	1935.0	-10.659847845495717	2948.0	2052.0	0.8495494507323864	0.0	14812.0	2452.0263671875	178.0	-0.8575	-0.12550607287449392	-472.0	219.0	-0.8340080971659919	-3.700871692919407	2095.0	-16.976144706664442	1125.0	103.0	-33.46729098519769	
0.3406518709560709	1942.0	-11.17290814248815	2990.0	2044.0	0.755851970317629	0.0	15452.0	2471.5576171875	167.0	-0.885	-0.12550607287449392	-472.0	217.0	-0.8299595141700405	-0.9328643523474538	2263.0	-23.182600678289713	1523.0	-78.0	-36.107228799478925	
0.5717580639190174	1948.0	-11.871812655717308	3047.0	2024.0	0.6718957853561693	0.0	16092.0	2491.0888671875	167.0	-0.885	-0.12550607287449392	-472.0	217.0	-0.8299595141700405	2.553907325279095	2274.0	-27.457781084159485	1792.0	-306.0	-36.318769923777	
0.5326220320994046	1935.0	-12.213987266250015	3075.0	2027.0	0.8212874388514155	0.0	16732.0	2510.6201171875	167.0	-0.885	-0.12550607287449392	-472.0	217.0	-0.8299595141700405	9.573329255237805	2191.0	-29.950706180808947	1935.0	-765.0	-35.07010703111912	
0.41424879115057917	1969.0	-12.146549456370652	3070.0	2037.0	0.41181390842264687	0.0	17372.0	2530.1513671875	154.0	-0.9175	-0.09919028340080972	-459.0	208.0	-0.8117408906882592	18.198501299892953	1877.0	-29.128779272074368	1856.0	-1329.0	-30.24371989338056	
0.35759007265012555	2010.0	-11.860040354035068	3047.0	2042.0	-0.07699840033010372	0.0	18012.0	2549.6826171875	154.0	-0.9175	-0.09919028340080972	-459.0	208.0	-0.8117408906882592	20.645358617525616	1247.0	-26.15487793169379	1650.0	-1489.0	-20.546956175358062	
0.48765078300448844	2000.0	-11.949207413836874	3054.0	2031.0	0.04300079328824716	0.0	18652.0	2569.2138671875	154.0	-0.9175	-0.09919028340080972	-459.0	208.0	-0.8117408906882592	6.545343324667381	315.0	-19.05870150931788	1216.0	-567.0	-6.174935641761892	
0.33268339426115556	2006.0	-11.96975581197968	3056.0	2044.0	-0.031249005188548312	0.0	19292.0	2588.7451171875	154.0	-0.9175	-0.09919028340080972	-459.0	208.0	-0.8117408906882592	-6.667686190549015	-331.0	-9.89310488624403	648.0	297.0	3.8292567676175353	
0.8215447199225018	2015.0	-11.89314705536886	3049.0	2003.0	-0.13326195173947747	0.0	19932.0	2608.2763671875	154.0	-0.9175	-0.08502024291497975	-452.0	213.0	-0.8218623481781376	-9.940357852882705	-749.0	-3.81248670930764	257.0	511.0	10.30405711848311	
0.788033056298683	2016.0	-11.67288484632217	3031.0	2006.0	-0.1412400169658662	0.0	20572.0	2627.8076171875	154.0	-0.9175	-0.08502024291497975	-452.0	213.0	-0.8218623481781376	-6.132436152316869	-901.0	-0.14293192677213798	7.0	262.0	12.673114182343449	
0.43535284888856207	2018.0	-11.226619873048557	2995.0	2036.0	-0.1599379051166638	0.0	21212.0	2647.3388671875	154.0	-0.9175	-0.08502024291497975	-452.0	213.0	-0.8218623481781376	-6.5759290411377895	-930.0	3.0849251197356655	-202.0	291.0	13.15038277889415	
0.15088006633902168	1989.0	-11.102469556574023	2985.0	2060.0	0.1890979637487772	0.0	21852.0	2666.8701171875	158.0	-0.9075	-0.10931174089068826	-464.0	219.0	-0.8340080971659919	-7.845236274659735	-1007.0	7.153624494536489	-464.0	374.0	14.372595014317778	
-0.038356895447622275	1974.0	-10.978546687619371	2975.0	2076.0	0.3704069430762688	0.0	22492.0	2686.4013671875	158.0	-0.9075	-0.10931174089068826	-464.0	219.0	-0.8340080971659919	-6.132436152316869	-993.0	9.563561794075659	-625.0	262.0	14.18187161609942	
-0.32132710685789856	1978.0	-10.704139257218433	2953.0	2100.0	0.32487261848584753	0.0	23132.0	2705.9326171875	158.0	-0.9075	-0.10931174089068826	-464.0	219.0	-0.8340080971659919	-6.331243309374523	-999.0	10.770288151716095	-703.0	275.0	14.286005781624574	
-0.46222437893374907	1962.0	-10.508152179089196	2937.0	2112.0	0.5201544716650232	0.0	23772.0	2725.4638671875	165.0	-0.89	-0.12550607287449392	-472.0	208.0	-0.8117408906882592	-4.618443187031657	-1015.0	9.40734841708844	-619.0	163.0	14.517888122808296	
-0.2133753428306675	1959.0	-10.623248568781037	2946.0	2091.0	0.5564856125454701	0.0	24412.0	2744.9951171875	165.0	-0.89	-0.12550607287449392	-472.0	208.0	-0.8117408906882592	-1.330478666462762	-986.0	4.9583127034727665	-338.0	-52.0	14.028407739586516	
-0.4640757963743034	1943.0	-10.693293923144626	2952.0	2112.0	0.7453487852601114	0.0	25052.0	2764.5263671875	165.0	-0.89	-0.12550607287449392	-472.0	208.0	-0.8117408906882592	2.660957332925524	-937.0	1.4685750262586685	-121.0	-313.0	13.241630663566255	
-0.7098712523788141	1951.0	-10.272839523595696	2918.0	2133.0	0.6549143765223702	0.0	25692.0	2784.0576171875	165.0	-0.89	-0.12550607287449392	-472.0	208.0	-0.8117408906882592	2.186878727634195	-811.0	-0.6771925450030625	21.0	-282.0	11.2867680469299	
0.011842140600976728	1962.0	-9.530071654188042	2856.0	2073.0	0.5444567473583934	0.0	26332.0	2803.5888671875	164.0	-0.8925000000000001	-0.12550607287449392	-472.0	224.0	-0.8441295546558705	-2.2480501605750116	-774.0	-0.67870476591654	33.0	8.0	10.719007029370143	
-0.5605819884537874	1951.0	-9.629627416807313	2865.0	2121.0	0.6692715112973882	0.0	26972.0	2823.1201171875	164.0	-0.8925000000000001	-0.12550607287449392	-472.0	224.0	-0.8441295546558705	-1.1010857929346995	-1059.0	-2.429422926788712	141.0	-67.0	15.07467769032702	
-0.13941321708325005	1949.0	-10.369893136896435	2925.0	2085.0	0.6827742701514797	0.0	27612.0	2842.6513671875	164.0	-0.8925000000000001	-0.12550607287449392	-472.0	224.0	-0.8441295546558705	-5.306621807615844	-1137.0	-4.426485321085548	281.0	208.0	16.251576791717795	
-0.15168852011807518	1943.0	-10.406947249902759	2928.0	2086.0	0.754199591487511	0.0	28252.0	2862.1826171875	171.0	-0.875	-0.10728744939271255	-463.0	216.0	-0.8279352226720648	2.82917877351277	-1046.0	-4.922491250226328	293.0	-324.0	14.850268719537018	
-0.7176144909025689	1963.0	-9.856687185494996	2884.0	2134.0	0.5185816776461346	0.0	28892.0	2881.7138671875	171.0	-0.875	-0.10728744939271255	-463.0	216.0	-0.8279352226720648	8.38048631289188	-852.0	-5.11475602702705	293.0	-687.0	11.871516242092781	
-0.2626016318029494	1997.0	-9.593496513628274	2862.0	2096.0	0.11875706545759782	0.0	29532.0	2901.2451171875	171.0	-0.875	-0.10728744939271255	-463.0	216.0	-0.8279352226720648	-0.5199571799969415	-736.0	-4.417981137176532	272.0	-105.0	10.098523886648797	
-0.21914405724085464	1991.0	-10.00964381932356	2896.0	2092.0	0.183157851715819	0.0	30172.0	2920.7763671875	171.0	-0.875	-0.10728744939271255	-463.0	216.0	-0.8279352226720648	-3.119743079981649	-664.0	-4.302953175739437	272.0	65.0	8.994871342878175	
-0.18489134490627884	1998.0	-10.15580115729455	2908.0	2089.0	0.09623988268215469	0.0	30812.0	2940.3076171875	180.0	-0.8525	-0.10526315789473684	-462.0	218.0	-0.8319838056680162	-3.8079217005658363	-560.0	-3.705766526724191	236.0	110.0	7.405016908923338	
-0.7873909897675301	2007.0	-9.69147992913395	2871.0	2140.0	-0.008932424143004936	0.0	31452.0	2959.8388671875	180.0	-0.8525	-0.10526315789473684	-462.0	218.0	-0.8319838056680162	-6.514757608196972	-519.0	0.5308171906320541	-32.0	287.0	6.818258916113778	
-0.7342826568903453	2018.0	-9.14255140332025	2826.0	2136.0	-0.12995289077988673	0.0	32092.0	2979.3701171875	180.0	-0.8525	-0.10526315789473684	-462.0	218.0	-0.8319838056680162	-18.15262272518734	-576.0	5.155712397883077	-303.0	1048.0	7.739143436699409	
-0.7812729905433441	2026.0	-9.079680006715359	2821.0	2140.0	-0.22555090835299363	0.0	32732.0	2998.9013671875	180.0	-0.8525	-0.12145748987854252	-470.0	235.0	-0.8663967611336032	-35.632359688025694	-820.0	9.1857708361953	-522.0	2191.0	11.523498033665009	
-0.594137272552296	2017.0	-9.4137272552296	2848.0	2124.0	-0.12192676120360897	0.0	33372.0	3018.4326171875	180.0	-0.8525	-0.12145748987854252	-470.0	235.0	-0.8663967611336032	-50.558189325584955	-994.0	11.078788722435586	-608.0	3167.0	14.212368369041144	
0.05129259442518734	1969.0	-10.346931033671744	2923.0	2069.0	0.4441767149093712	0.0	34012.0	3037.9638671875	180.0	-0.8525	-0.12145748987854252	-470.0	235.0	-0.8663967611336032	-46.23031044502218	-644.0	7.990914012723601	-415.0	2884.0	8.810920341600308	
-0.3783985014855691	1980.0	-10.458897767604526	2933.0	2105.0	0.3051103487896802	0.0	34652.0	3057.4951171875	185.0	-0.84	-0.15789473684210525	-488.0	212.0	-0.819838056680162	-17.877351276953664	-115.0	3.8157889534465173	-212.0	1030.0	0.6519372358594614	
-0.9814763452854021	2015.0	-10.052396433302107	2901.0	2156.0	-0.11447714995022146	0.0	35292.0	3077.0263671875	185.0	-0.84	-0.15789473684210525	-488.0	212.0	-0.819838056680162	1.039914359993883	285.0	0.09054575661776734	-15.0	-207.0	-5.523108659358789	
-1.2988151496852383	2017.0	-9.643419730428578	2868.0	2183.0	-0.13356738947891794	0.0	35932.0	3096.5576171875	185.0	-0.84	-0.15789473684210525	-488.0	212.0	-0.819838056680162	4.985471784676556	306.0	-2.5095717597308242	144.0	-465.0	-5.871343991342897	
-1.4057119444542308	2001.0	-9.618813493042135	2866.0	2192.0	0.058626851658470425	0.0	36572.0	3116.0888671875	185.0	-0.84	-0.15789473684210525	-488.0	212.0	-0.819838056680162	-1.0246215017586788	-62.0	-4.048293731034324	256.0	-72.0	-0.23996122486596702	
-0.8611490539407589	1984.0	-9.924429203599697	2890.0	2146.0	0.2627794434608876	0.0	37212.0	3135.6201171875	185.0	-0.84	-0.14777327935222673	-483.0	221.0	-0.8380566801619433	-8.931029209359231	-328.0	-7.341206199284662	488.0	445.0	3.808742303512754	
-0.6038085045851359	1983.0	-10.380850458513594	2927.0	2124.0	0.2682726166272502	0.0	37852.0	3155.1513671875	185.0	-0.84	-0.14777327935222673	-483.0	221.0	-0.8380566801619433	-12.907172350512312	-351.0	-10.169563152833222	682.0	705.0	4.1333818581141415	
-0.8175418773062095	2001.0	-10.325616302049522	2923.0	2142.0	0.05037249614980294	0.0	38492.0	3174.6826171875	185.0	-0.84	-0.14777327935222673	-483.0	221.0	-0.8380566801619433	-9.160422082887292	-204.0	-12.527067110459125	827.0	460.0	1.8541677207935217	
-1.2412730064196023	2001.0	-9.84158635624594	2884.0	2178.0	0.055815783774740585	0.0	39132.0	3194.2138671875	190.0	-0.8275	-0.14777327935222673	-483.0	226.0	-0.8481781376518218	-11.072029362287813	17.0	-9.55589033550577	641.0	585.0	-1.5072513999025492	
-1.5390929219709417	1987.0	-9.861673149475104	2886.0	2203.0	0.22111054754982462	0.0	39772.0	3213.7451171875	190.0	-0.8275	-0.14777327935222673	-483.0	226.0	-0.8481781376518218	-28.58235204159658	142.0	-3.760734207393879	311.0	1730.0	-3.3673602958870434	
-1.599093585687831	1986.0	-9.909358568783123	2890.0	2208.0	0.2316050252975797	0.0	40412.0	3233.2763671875	190.0	-0.8275	-0.14777327935222673	-483.0	226.0	-0.8481781376518218	-42.52943875210277	49.0	0.7510479252860791	53.0	2642.0	-1.8952054943546275	
-1.6666165656455518	1978.0	-9.51879942169805	2858.0	2214.0	0.33512652060837866	0.0	41052.0	3252.8076171875	190.0	-0.8275	-0.14777327935222673	-483.0	226.0	-0.8481781376518218	-44.54809603914972	-119.0	2.513268888337354	-58.0	2774.0	0.7002899698408694	
-1.511544135274279	1958.0	-9.48774686076126	2855.0	2201.0	0.5782621515525139	0.0	41692.0	3272.3388671875	198.0	-0.8075	-0.18016194331983806	-499.0	222.0	-0.840080971659919	-40.31197430799817	-138.0	2.2178801149952867	-50.0	2497.0	0.9888812716118219	
-1.5478655743233185	1954.0	-9.548462194236619	2860.0	2204.0	0.6248774015768537	0.0	42332.0	3291.8701171875	198.0	-0.8075	-0.18016194331983806	-499.0	222.0	-0.840080971659919	-28.842330631595047	42.0	-0.9202475524319744	126.0	1747.0	-1.8045070635249336	
-1.2983829398100963	1971.0	-9.600198742914394	2864.0	2183.0	0.42151821983999677	0.0	42972.0	3311.4013671875	198.0	-0.8075	-0.18016194331983806	-499.0	222.0	-0.840080971659919	-7.371157669368405	366.0	-6.512698501942507	437.0	343.0	-6.832044278252508	
-1.5824550895958025	1971.0	-9.43598515005642	2851.0	2207.0	0.42196177019929915	0.0	43612.0	3330.9326171875	193.0	-0.8200000000000001	-0.19230769230769232	-505.0	223.0	-0.8421052631578947	7.080593362899527	860.0	-9.275881061769788	584.0	-602.0	-14.439851030964485	
-1.7827483310505194	1950.0	-9.2272140574329	2834.0	2224.0	0.6771463078299935	0.0	44252.0	3350.4638671875	193.0	-0.8200000000000001	-0.19230769230769232	-505.0	223.0	-0.8421052631578947	6.83590763113626	1229.0	-8.302017189985524	525.0	-586.0	-20.09222686209473	
-1.6378403252277705	1956.0	-9.022127760872252	2817.0	2212.0	0.6104079571929278	0.0	44892.0	3369.9951171875	193.0	-0.8200000000000001	-0.19230769230769232	-505.0	223.0	-0.8421052631578947	5.428964673497477	1395.0	-6.820631118898981	434.0	-494.0	-22.6245972886326	
-1.7583256489992354	1957.0	-9.165898233256893	2829.0	2222.0	0.594279501736436	0.0	45532.0	3389.5263671875	189.0	-0.8300000000000001	-0.1862348178137652	-502.0	207.0	-0.8097165991902834	5.153693225263802	1268.0	-5.198751561383786	328.0	-476.0	-20.659629068475585	
-1.133990970892659	1932.0	-9.827668517837322	2882.0	2169.0	0.8884922621030016	0.0	46172.0	3409.0576171875	189.0	-0.8300000000000001	-0.1862348178137652	-502.0	207.0	-0.8097165991902834	6.10185043584646	1193.0	-2.848790382641796	172.0	-538.0	-19.4852931823288	
-1.2947639070155477	1976.0	-10.428771653935732	2932.0	2182.0	0.34474198809209367	0.0	46812.0	3428.5888671875	189.0	-0.8300000000000001	-0.1862348178137652	-502.0	207.0	-0.8097165991902834	17.923229851659276	950.0	-4.912333437621537	273.0	-1311.0	-15.777219083954245	
-1.9017462385980015	2008.0	-10.412719097895385	2932.0	2233.0	-0.046548952777622665	0.0	47452.0	3448.1201171875	189.0	-0.8300000000000001	-0.1862348178137652	-502.0	207.0	-0.8097165991902834	28.169444869246064	755.0	-6.828608046936968	369.0	-1981.0	-12.804207516713042	
-1.5429781403721508	2000.0	-10.250194989595999	2918.0	2203.0	0.05667475253929827	0.0	48092.0	3467.6513671875	183.0	-0.845	-0.1437246963562753	-481.0	193.0	-0.7813765182186235	22.08288729163481	428.0	-6.5584379779775475	364.0	-1583.0	-7.783859659816603	
-1.0653190834423174	1983.0	-10.103336915660305	2905.0	2163.0	0.2692077816957441	0.0	48732.0	3487.1826171875	183.0	-0.845	-0.1437246963562753	-481.0	193.0	-0.7813765182186235	14.864658204618445	-253.0	-7.758487142923055	454.0	-1111.0	2.6537332197170027	
-1.3609266918884295	1984.0	-9.902192998366775	2889.0	2188.0	0.25822639118606927	0.0	49372.0	3506.7138671875	183.0	-0.845	-0.1437246963562753	-481.0	193.0	-0.7813765182186235	18.137329866952136	-993.0	-11.986522846076033	713.0	-1325.0	13.966370769697903	
-1.4070757525480846	1982.0	-9.75519430242749	2877.0	2192.0	0.28480126004042716	0.0	50012.0	3526.2451171875	187.0	-0.835	-0.10931174089068826	-464.0	193.0	-0.7813765182186235	15.399908242850591	-1741.0	-14.514238764387976	877.0	-1146.0	25.41876738679221	
-1.4520081985136637	1978.0	-9.486534137080666	2855.0	2196.0	0.3379179099720452	0.0	50652.0	3545.7763671875	187.0	-0.835	-0.10931174089068826	-464.0	193.0	-0.7813765182186235	9.22159351582811	-2296.0	-14.690659892962126	899.0	-742.0	33.93319160576579	
-1.1799711600984473	1969.0	-9.663782676511397	2869.0	2173.0	0.44552704450734176	0.0	51292.0	3565.3076171875	187.0	-0.835	-0.10931174089068826	-464.0	193.0	-0.7813765182186235	-1.7433858388132744	-2504.0	-13.038180333073614	818.0	-25.0	37.141369002254656	
-0.7365371157674105	1968.0	-9.367997291026771	2844.0	2136.0	0.4679252854314289	0.0	51932.0	3584.8388671875	187.0	-0.835	-0.10931174089068826	-464.0	193.0	-0.7813765182186235	-2.186878727634195	-2337.0	-11.748982089968276	737.0	4.0	34.591732213778855	
-0.8765666194504759	1964.0	-9.085233373619017	2821.0	2148.0	0.5203730398270907	0.0	52572.0	3604.3701171875	198.0	-0.8075	-0.08906882591093118	-454.0	211.0	-0.8178137651821863	5.750114696436764	-2008.0	-12.323565995001118	757.0	-515.0	29.537651251205432	
-0.9008902815555111	1938.0	-9.136647203170156	2825.0	2150.0	0.8323545386632104	0.0	53212.0	3623.9013671875	198.0	-0.8075	-0.08906882591093118	-454.0	211.0	-0.8178137651821863	5.536014681143906	-923.0	-10.518176503860447	651.0	-501.0	12.906940377051317	
-0.36845981656532256	1969.0	-10.655505466056065	2949.0	2104.0	0.43380770215177966	0.0	53852.0	3643.4326171875	198.0	-0.8075	-0.08906882591093118	-454.0	211.0	-0.8178137651821863	5.826578987612786	-51.0	-10.719002322619003	672.0	-520.0	-0.47545763102118777	
0.6058373245449771	2050.0	-13.225791355026107	3159.0	2020.0	-0.5837586586743495	0.0	54492.0	3662.9638671875	202.0	-0.7975	-0.06275303643724696	-441.0	209.0	-0.8137651821862348	30.35632359688026	537.0	-18.37739021359709	1112.0	-2124.0	-9.574597900908413	
-0.20582893986307174	1986.0	-11.059084462497651	2982.0	2090.0	0.2225431538815367	0.0	55132.0	3682.4951171875	202.0	-0.7975	-0.06275303643724696	-441.0	209.0	-0.8137651821862348	38.99678849977061	620.0	-16.233945162330887	951.0	-2689.0	-10.826755594020119	
-0.9520628934484648	2016.0	-9.492003630560768	2855.0	2154.0	-0.11502335214810967	0.0	55772.0	3702.0263671875	202.0	-0.7975	-0.06275303643724696	-441.0	209.0	-0.8137651821862348	29.606973543355256	52.0	-15.114979688021357	897.0	-2075.0	-2.0998992214620764	
0.05662712880026467	2046.0	-9.81347759616401	2880.0	2069.0	-0.4728117143702173	0.0	56412.0	3721.5576171875	199.0	-0.805	-0.016194331983805668	-418.0	212.0	-0.819838056680162	15.797522556965898	-1041.0	-11.838781684409502	709.0	-1172.0	14.704383396904564	
-0.23863042900821915	2034.0	-9.57732861510763	2861.0	2094.0	-0.32646299707416254	0.0	57052.0	3741.0888671875	199.0	-0.805	-0.016194331983805668	-418.0	212.0	-0.819838056680162	15.58342254167304	-1932.0	-6.752863253092035	370.0	-1158.0	28.427177520607028	
0.13106843354001518	2029.0	-9.5122042650461	2855.0	2063.0	-0.26122255759202784	0.0	57692.0	3760.6201171875	199.0	-0.805	-0.016194331983805668	-418.0	212.0	-0.819838056680162	16.13396543814039	-2358.0	-4.5792792416718004	223.0	-1194.0	34.98566339908245	
0.2878800137058729	2036.0	-9.307236724650805	2838.0	2050.0	-0.33989244038005373	0.0	58332.0	3780.1513671875	199.0	-0.805	-0.016194331983805668	-418.0	212.0	-0.819838056680162	17.173879798134273	-2004.0	-6.73523784081684	364.0	-1262.0	29.532156598114774	
0.03878958160211743	2041.0	-9.216279935026353	2831.0	2071.0	-0.40080517276402394	0.0	58972.0	3799.6826171875	208.0	-0.7825	0.016194331983805668	-402.0	226.0	-0.8481781376518218	11.851965132283224	-1460.0	-10.822419477083255	649.0	-914.0	21.14388567173216	
-0.23519909853624033	2049.0	-9.234195567909747	2833.0	2094.0	-0.5002889143917502	0.0	59612.0	3819.2138671875	208.0	-0.7825	0.016194331983805668	-402.0	226.0	-0.8481781376518218	2.370393026456645	-1032.0	-11.192704365198313	702.0	-294.0	14.572743817173551	
-0.1272172261005533	2055.0	-9.150294038626761	2826.0	2085.0	-0.5698202217082395	0.0	60252.0	3838.7451171875	208.0	-0.7825	0.016194331983805668	-402.0	226.0	-0.8481781376518218	-4.786664627618903	-718.0	-11.335075858627832	733.0	174.0	9.753152233588036	
-0.01838805898983116	2056.0	-8.98166304184026	2812.0	2076.0	-0.5774075028724865	0.0	60892.0	3858.2763671875	211.0	-0.775	0.03441295546558704	-393.0	237.0	-0.8704453441295547	-8.181679155834226	274.0	-14.969168056011554	988.0	396.0	-5.5049164772457075	
-0.3151978300939601	2071.0	-8.900735390348386	2806.0	2101.0	-0.7594799391199555	0.0	61532.0	3877.8076171875	211.0	-0.775	0.03441295546558704	-393.0	237.0	-0.8704453441295547	9.986236427588317	617.0	-10.567551130113984	658.0	-792.0	-10.724058202723576	
-0.28965153161315826	2100.0	-8.727057923220586	2792.0	2099.0	-1.1051485171540374	0.0	62172.0	3897.3388671875	211.0	-0.775	0.03441295546558704	-393.0	237.0	-0.8704453441295547	16.39394402813886	259.0	-4.680335106665294	255.0	-1211.0	-5.171860892880371	
-0.5748015330475291	2116.0	-8.670629495229102	2788.0	2123.0	-1.2996425329459007	0.0	62812.0	3916.8701171875	211.0	-0.775	0.03441295546558704	-393.0	237.0	-0.8704453441295547	19.636029974002142	-808.0	2.5320720299303567	-233.0	-1423.0	11.27282724170486	
-1.125476401103496	2119.0	-8.976211538921014	2814.0	2169.0	-1.3474055008135515	0.0	63452.0	3936.4013671875	208.0	-0.7825	0.05263157894736842	-384.0	225.0	-0.8461538461538461	14.87995106285365	-1704.0	5.845534030174307	-445.0	-1112.0	25.054619219387217	
-1.0202028754741042	2103.0	-9.163144690267563	2829.0	2160.0	-1.1573203442468392	0.0	64092.0	3955.9326171875	208.0	-0.7825	0.05263157894736842	-384.0	225.0	-0.8461538461538461	6.514757608196972	-2106.0	5.703150462522429	-418.0	-565.0	31.221677814276905	
-0.5513769520800733	2104.0	-8.709123779435895	2791.0	2121.0	-1.15559985956735	0.0	64732.0	3975.4638671875	208.0	-0.7825	0.05263157894736842	-384.0	225.0	-0.8461538461538461	1.7892644135188869	-2584.0	2.0351571320991675	-172.0	-256.0	38.51966106955638	
-0.5205423225177556	2107.0	-9.197089394632707	2831.0	2118.0	-1.201195403888916	0.0	65372.0	3994.9951171875	220.0	-0.7525000000000001	0.048582995951417005	-386.0	236.0	-0.868421052631579	-4.205536014681145	-2854.0	-2.1346226619498587	112.0	136.0	42.620973859309615	
-0.566079462821358	2107.0	-8.988898663088182	2814.0	2122.0	-1.1974869606610616	0.0	476.0	4014.5263671875	220.0	-0.7525000000000001	0.048582995951417005	-386.0	236.0	-0.868421052631579	-10.720293622878117	-2842.0	-8.086024428860243	516.0	562.0	42.37732603774302	
-0.36660511342667473	2120.0	-8.0890827712389	2740.0	2106.0	-1.3341224053542253	0.0	1116.0	4034.0576171875	220.0	-0.7525000000000001	0.048582995951417005	-386.0	236.0	-0.868421052631579	-21.333537238109805	-2747.0	-12.876403007745434	856.0	1256.0	40.87169630443229	
-0.10328773656495285	2122.0	-7.947821275542903	2728.0	2084.0	-1.3527603872138572	0.0	1756.0	4053.5888671875	233.0	-0.72	0.06072874493927126	-380.0	237.0	-0.8704453441295547	-30.004587857470565	-2593.0	-15.397541154662745	1044.0	1823.0	38.48343443961189	
0.4648589716791356	2124.0	-8.276007593991206	2754.0	2036.0	-1.3777390320425507	0.0	2396.0	4073.1201171875	233.0	-0.72	0.06072874493927126	-380.0	237.0	-0.8704453441295547	-23.47453739103839	-2045.0	-15.666921958101886	1050.0	1396.0	30.071963586925044	
0.0831587191778824	2148.0	-8.35079474887843	2761.0	2068.0	-1.6722084041713319	0.0	3036.0	4092.6513671875	233.0	-0.72	0.06072874493927126	-380.0	237.0	-0.8704453441295547	-14.849365346383241	-1251.0	-11.39890376710389	758.0	832.0	17.93112374428385	
-0.11190787671508234	2151.0	-8.809835290555855	2799.0	2084.0	-1.719484459277063	0.0	3676.0	4112.1826171875	233.0	-0.72	0.06072874493927126	-380.0	237.0	-0.8704453441295547	-4.174950298210736	-502.0	-6.158482381161939	397.0	134.0	6.490509698207715	
0.005080818055626213	2182.0	-9.015727718246902	2816.0	2074.0	-2.0959263967867914	0.0	4316.0	4131.7138671875	239.0	-0.705	0.0708502024291498	-375.0	239.0	-0.8744939271255061	10.077993576999543	116.0	-3.7882922024954175	212.0	-798.0	-2.9686793007268113	
-0.31820109243283823	2209.0	-9.201061624236205	2832.0	2101.0	-2.428167098830739	0.0	4956.0	4151.2451171875	239.0	-0.705	0.0708502024291498	-375.0	239.0	-0.8744939271255061	14.635265331090382	320.0	-4.154595180085735	226.0	-1096.0	-6.1026169967601955	
-0.2639189995126383	2219.0	-9.725233284597161	2875.0	2096.0	-2.5585896388195994	0.0	5596.0	4170.7763671875	239.0	-0.705	0.0708502024291498	-375.0	239.0	-0.8744939271255061	14.941122495794465	-159.0	-6.086006268461913	346.0	-1116.0	1.228076564597873	
-0.3942331492310574	2221.0	-9.661410161200982	2870.0	2107.0	-2.582712703391029	0.0	6236.0	4190.3076171875	239.0	-0.705	0.0931174089068826	-364.0	234.0	-0.8643724696356275	8.778100627007188	-621.0	-8.64816099423046	524.0	-713.0	8.291606467393896	
-0.3965613369912684	2211.0	-9.894228937222076	2889.0	2107.0	-2.4669104330782092	0.0	6876.0	4209.8388671875	239.0	-0.705	0.0931174089068826	-364.0	234.0	-0.8643724696356275	-1.2693072335219453	-1140.0	-9.571772348527277	605.0	-56.0	16.246157372417752	
-0.3858852163692795	2205.0	-10.017093065499381	2899.0	2106.0	-2.3969717978110294	0.0	7516.0	4229.3701171875	239.0	-0.705	0.0931174089068826	-364.0	234.0	-0.8643724696356275	0.6270071876433706	-1339.0	-10.30875895346933	646.0	-180.0	19.292339754335188	
-0.22846653319272237	2210.0	-9.75141522403414	2877.0	2093.0	-2.450325018005381	0.0	8156.0	4248.9013671875	239.0	-0.705	0.0931174089068826	-364.0	234.0	-0.8643724696356275	2.2174644441046034	-1673.0	-11.361839693043963	707.0	-284.0	24.406866488753156	
-0.7154824630952055	2215.0	-9.643484404758645	2869.0	2134.0	-2.5132775247743178	0.0	8796.0	4268.4326171875	244.0	-0.6925	0.10526315789473684	-358.0	237.0	-0.8704453441295547	-1.513992965285212	-2184.0	-10.245110456919488	639.0	-40.0	32.25906493041623	
-0.8251613335536393	2217.0	-9.897085736316308	2890.0	2143.0	-2.5435427256522236	0.0	9436.0	4287.9638671875	244.0	-0.6925	0.10526315789473684	-358.0	237.0	-0.8704453441295547	-6.331243309374523	-2495.0	-8.239090274291726	518.0	275.0	37.05125954991936	
-0.8489757082578854	2209.0	-9.897570825788545	2890.0	2145.0	-2.4474050290200364	0.0	10076.0	4307.4951171875	244.0	-0.6925	0.10526315789473684	-358.0	237.0	-0.8704453441295547	-8.242850588775044	-2538.0	-7.123342761674446	450.0	400.0	37.72222982234489	
-0.7882665129113711	2191.0	-9.779032243518063	2880.0	2140.0	-2.2275596955416437	0.0	10716.0	4327.0263671875	250.0	-0.6775	0.11336032388663968	-354.0	244.0	-0.8846153846153846	-4.4196360299740025	-2259.0	-8.69461675127612	545.0	150.0	33.425406141832035	
-0.9672884680232857	2192.0	-9.824084897566673	2884.0	2155.0	-2.2422991609448193	0.0	11356.0	4346.5576171875	250.0	-0.6775	0.11336032388663968	-354.0	244.0	-0.8846153846153846	-2.844471631747974	-1932.0	-12.183486226657406	771.0	47.0	28.372871290871373	
-0.8453114121396004	2215.0	-9.531141213960037	2860.0	2145.0	-2.5123289504487896	0.0	11996.0	4366.0888671875	250.0	-0.6775	0.11336032388663968	-354.0	244.0	-0.8846153846153846	-3.1962073711576697	-1832.0	-14.753415382036351	940.0	70.0	26.812723633505094	
-0.7270916506387576	2256.0	-9.61392696863766	2867.0	2135.0	-3.0067783715417913	0.0	12636.0	4385.6201171875	260.0	-0.6525	0.13562753036437247	-343.0	259.0	-0.9149797570850202	-8.426364887597492	-1977.0	-14.151198084523543	913.0	412.0	29.043695936908335	
-0.8349383730380489	2261.0	-9.684313494281069	2873.0	2144.0	-3.0695055331340746	0.0	13276.0	4405.1513671875	260.0	-0.6525	0.13562753036437247	-343.0	259.0	-0.9149797570850202	-10.995565071111791	-1819.0	-12.747599495424726	830.0	580.0	26.633303504815586	
-0.49122163185477274	2270.0	-9.836448899762992	2885.0	2115.0	-3.177544808771639	0.0	13916.0	4424.6826171875	260.0	-0.6525	0.13562753036437247	-343.0	259.0	-0.9149797570850202	-7.677014834072489	-1256.0	-13.655267232685398	886.0	363.0	17.98528252791866	
-0.6702568346664081	2260.0	-9.88282632378366	2889.0	2130.0	-3.059780781569325	0.0	14556.0	4444.2138671875	260.0	-0.6525	0.13562753036437247	-343.0	259.0	-0.9149797570850202	-3.670285976448999	-800.0	-13.437942296307186	866.0	101.0	10.990371229177486	
