Device	Device	Device	Device	Device	Device	Device	Device	Device	Device	Device	Device	Device	Device	Device	Device	Device	Device	Device	Device	Device	
Low Noise Accelerometer X	Low Noise Accelerometer X	Low Noise Accelerometer Z	Low Noise Accelerometer Z	Low Noise Accelerometer Y	Low Noise Accelerometer Y	Event_Marker	Timestamp	Timestamp	Magnetometer Z	Magnetometer Z	Magnetometer X	Magnetometer X	Magnetometer Y	Magnetometer Y	Gyroscope Y	Gyroscope Y	Gyroscope Z	Gyroscope Z	Gyroscope X	Gyroscope X	
UNCAL	CAL	CAL	UNCAL	CAL	UNCAL	CAL	CAL	UNCAL	CAL	UNCAL	CAL	UNCAL	UNCAL	CAL	CAL	UNCAL	CAL	UNCAL	UNCAL	CAL	
no units	m/(s^2)	m/(s^2)	no units	m/(s^2)	no units	no units	ms	no units	local_flux	no units	local_flux	no units	no units	local_flux	deg/s	no units	deg/s	no units	no units	deg/s	
1883.0	1.0485500553352871	-10.621184942661761	2943.0	1.4848087896519249	1985.0	0.0	352.9052734375	11564.0	-0.9325	148.0	-0.09109311740890688	-455.0	113.0	-0.6194331983805668	-16.990365499311824	-265.0	3.8957250432077624	-221.0	972.0	2.9544091454758097	
1870.0	0.5460749096083652	-10.868699515353963	2964.0	1.6314602527649078	2027.0	0.0	372.4365234375	12204.0	-0.9325	148.0	-0.09109311740890688	-455.0	113.0	-0.6194331983805668	-5.9030432787888065	101.0	2.262594118000356	-140.0	247.0	-2.67800318264998	
1903.0	0.46218855097676004	-10.924002045181142	2969.0	1.231924977136265	2034.0	0.0	391.9677734375	12844.0	-0.9325	148.0	-0.10931174089068826	-464.0	105.0	-0.6032388663967612	-4.572564612326044	350.0	1.77078220141384	-109.0	160.0	-6.503697732688947	
1898.0	0.44179105470843383	-10.58279929106138	2941.0	1.2987860211113988	2036.0	0.0	411.4990234375	13484.0	-0.9325	148.0	-0.10931174089068826	-464.0	105.0	-0.6032388663967612	-3.899678849977061	0.0	0.8288493338551297	-53.0	116.0	-1.1425477810208167	
1893.0	0.1195677264872225	-10.662274970325372	2948.0	1.3542152380993286	2063.0	0.0	431.0302734375	14124.0	-0.9325	148.0	-0.10931174089068826	-464.0	105.0	-0.6032388663967612	-4.174950298210736	-21.0	2.005571093284136	-129.0	134.0	-0.8085464066059035	
1903.0	-0.0659820567907099	-10.169634250499561	2908.0	1.2417306269522221	2079.0	0.0	450.5615234375	14764.0	-0.93	149.0	-0.10526315789473684	-462.0	98.0	-0.5890688259109311	-6.65239333231381	331.0	3.2506965553985214	-200.0	296.0	-6.197353399644728	
1963.0	0.2326246722522394	-10.070866108109396	2900.0	0.5238004908253947	2054.0	0.0	470.0927734375	15404.0	-0.93	149.0	-0.10526315789473684	-462.0	98.0	-0.5890688259109311	-6.713564765254627	676.0	2.321710851280731	-136.0	300.0	-11.500490118738997	
1984.0	0.5186725504878513	-10.037506855976773	2897.0	0.27431610645763216	2030.0	0.0	489.6240234375	16044.0	-0.93	149.0	-0.10526315789473684	-462.0	98.0	-0.5890688259109311	-1.238721517051537	496.0	-1.5085839099112583	97.0	-58.0	-8.776786007888434	
1981.0	0.5197660585089133	-9.928156053870573	2888.0	0.31265863589321985	2030.0	0.0	509.1552734375	16684.0	-0.93	149.0	-0.10526315789473684	-462.0	98.0	-0.5890688259109311	6.958250497017893	587.0	-5.083178614449523	309.0	-594.0	-10.208879967823183	
1983.0	0.3515505567100303	-10.083039567092206	2901.0	0.28378242506862966	2044.0	0.0	528.6865234375	17324.0	-0.935	147.0	-0.10323886639676114	-461.0	96.0	-0.5850202429149798	12.433093745220983	558.0	-6.629341032488377	395.0	-952.0	-9.779351565917949	
1953.0	0.5941941155489433	-9.628207492724723	2863.0	0.6567512852768985	2024.0	0.0	548.2177734375	17964.0	-0.935	147.0	-0.10323886639676114	-461.0	96.0	-0.5850202429149798	9.420400672885764	708.0	-6.147455297215995	373.0	-755.0	-12.07620525728396	
1970.0	0.342801991084418	-9.767419939177246	2875.0	0.4466338379947691	2045.0	0.0	567.7490234375	18604.0	-0.935	147.0	-0.10323886639676114	-461.0	96.0	-0.5850202429149798	9.00749350053525	747.0	-5.617393454681589	340.0	-728.0	-12.669339501525489	
1955.0	0.44734530703009684	-10.027374058895083	2896.0	0.6232030803261341	2036.0	0.0	587.2802734375	19244.0	-0.9425	144.0	-0.0951417004048583	-457.0	90.0	-0.5728744939271255	3.4867716776265487	525.0	-3.861815507032774	238.0	-367.0	-9.24530834994527	
1968.0	0.6866273869046486	-9.908689880963712	2886.0	0.4713430786594108	2016.0	0.0	606.8115234375	19884.0	-0.9425	144.0	-0.0951417004048583	-457.0	90.0	-0.5728744939271255	3.5632359688025694	577.0	-5.225778701604172	327.0	-372.0	-10.05686113211348	
1984.0	1.0593990989328659	-9.536280582903911	2855.0	0.2897478974035395	1985.0	0.0	626.3427734375	20524.0	-0.9425	144.0	-0.0951417004048583	-457.0	90.0	-0.5728744939271255	6.530050466432177	449.0	-5.8870225582888445	361.0	-566.0	-8.099379662440338	
1979.0	0.9386627444700204	-9.705154124426532	2869.0	0.34540402688388044	1995.0	0.0	645.8740234375	21164.0	-0.9425	144.0	-0.0951417004048583	-457.0	90.0	-0.5728744939271255	14.92582963755926	54.0	-7.144744600927326	417.0	-1115.0	-2.050885837907386	
1938.0	0.3906167370220254	-9.747850107321272	2873.0	0.8330455507659635	2041.0	0.0	665.4052734375	21804.0	-0.9525	140.0	-0.09919028340080972	-459.0	92.0	-0.576923076923077	12.540143752867412	1.0	-6.442230037943279	377.0	-959.0	-1.2306030583969259	
1950.0	0.7019213442842358	-9.569770333481186	2858.0	0.6951418790623752	2015.0	0.0	684.9365234375	22444.0	-0.9525	140.0	-0.09919028340080972	-459.0	92.0	-0.576923076923077	2.4315644593974617	326.0	-3.4194840051594317	210.0	-298.0	-6.187332786959682	
1958.0	0.8573932030830046	-9.498774929794775	2852.0	0.6017309635554164	2002.0	0.0	704.4677734375	23084.0	-0.9525	140.0	-0.09919028340080972	-459.0	92.0	-0.576923076923077	3.0126930723352197	253.0	-1.3006276645112642	70.0	-336.0	-5.045996916510083	
1929.0	0.7764797340153086	-9.25678850323105	2832.0	0.9551591477574597	2009.0	0.0	723.9990234375	23724.0	-0.9550000000000001	139.0	-0.0728744939271255	-446.0	98.0	-0.5890688259109311	3.4561859611561405	319.0	0.5989688812092716	-54.0	-365.0	-6.03973687248912	
1953.0	0.8731904261816896	-9.109528810402468	2820.0	0.6699148220296711	2001.0	0.0	743.5302734375	24364.0	-0.9550000000000001	139.0	-0.0728744939271255	-446.0	98.0	-0.5890688259109311	1.8351429882244994	617.0	2.8320641979966705	-192.0	-259.0	-10.59006204944247	
1923.0	0.6470092659629099	-9.108597213232828	2820.0	1.0291174255034063	2020.0	0.0	763.0615234375	25004.0	-0.9550000000000001	139.0	-0.0728744939271255	-446.0	98.0	-0.5890688259109311	1.1622572258755162	307.0	1.9500939886233104	-136.0	-215.0	-5.84209181751748	
1909.0	0.5624567918400316	-9.230511292187314	2830.0	1.1945083179782685	2027.0	0.0	782.5927734375	25644.0	-0.9550000000000001	139.0	-0.07894736842105263	-449.0	101.0	-0.5951417004048583	-2.6303716164551156	597.0	2.3154663454220747	-147.0	33.0	-10.288338354805717	
1919.0	0.5373231694864467	-9.362921146593433	2841.0	1.0711268569557668	2029.0	0.0	802.1240234375	26284.0	-0.9550000000000001	139.0	-0.07894736842105263	-449.0	101.0	-0.5951417004048583	-2.966814497629607	727.0	3.671609679182919	-233.0	55.0	-12.269559797024344	
1920.0	0.5688868043961389	-9.777986227052779	2875.0	1.0510929989245925	2026.0	0.0	821.6552734375	26924.0	-0.9550000000000001	139.0	-0.07894736842105263	-449.0	101.0	-0.5951417004048583	-3.6855788346842027	610.0	4.328395981315935	-275.0	102.0	-10.467687346002402	
1914.0	0.5801724367015038	-9.83989918699249	2880.0	1.1222567526753577	2025.0	0.0	841.1865234375	27564.0	-0.9550000000000001	139.0	-0.07894736842105263	-449.0	101.0	-0.5951417004048583	-3.7161645511546113	524.0	3.562769521320203	-226.0	104.0	-9.155718016003618	
1918.0	0.546298679076674	-9.655846378046885	2865.0	1.0774063001936844	2028.0	0.0	860.7177734375	28204.0	-0.96	137.0	-0.08906882591093118	-454.0	95.0	-0.582995951417004	-2.5997858999847074	489.0	2.682190424124287	-172.0	31.0	-8.627466878941204	
1918.0	0.47561587305610425	-9.581269837246715	2859.0	1.0781910029494821	2034.0	0.0	880.2490234375	28844.0	-0.96	137.0	-0.08906882591093118	-454.0	95.0	-0.582995951417004	-2.3092215935158285	375.0	1.976326775929463	-128.0	12.0	-6.885254378396913	
1918.0	0.6178348014539701	-9.645091283174423	2864.0	1.0783367633149066	2022.0	0.0	899.7802734375	29484.0	-0.96	137.0	-0.08906882591093118	-454.0	95.0	-0.582995951417004	-1.5598715399908245	271.0	2.9609067280695247	-195.0	-37.0	-5.279582278430523	
1926.0	0.6193072641847782	-9.497845010093608	2852.0	0.9849108712351562	2022.0	0.0	919.3115234375	30124.0	-0.965	135.0	-0.10526315789473684	-462.0	83.0	-0.5587044534412956	0.1988071570576541	419.0	3.543883322618421	-236.0	-152.0	-7.544736093887519	
1920.0	0.42752119235499947	-9.628833145452436	2863.0	1.052662404436188	2038.0	0.0	938.8427734375	30764.0	-0.965	135.0	-0.10526315789473684	-462.0	83.0	-0.5587044534412956	2.1562930111637866	337.0	2.76087851252011	-191.0	-280.0	-6.29431848202226	
1891.0	0.26158450052645976	-9.555835661639742	2857.0	1.4018605775556021	2052.0	0.0	958.3740234375	31404.0	-0.965	135.0	-0.10526315789473684	-462.0	83.0	-0.5587044534412956	0.18351429882244993	484.0	2.939239460320362	-196.0	-151.0	-8.548173970288618	
1905.0	0.5380377227977625	-9.291465815461851	2835.0	1.2412378079066921	2029.0	0.0	977.9052734375	32044.0	-0.965	135.0	-0.10526315789473684	-462.0	83.0	-0.5587044534412956	-2.9821073558648115	874.0	3.356399830009375	-211.0	56.0	-14.528350993260442	
1915.0	0.595245471798167	-9.523071867802354	2854.0	1.1166958366390431	2024.0	0.0	997.4365234375	32684.0	-0.9675	134.0	-0.10728744939271255	-463.0	75.0	-0.5425101214574899	-0.0764642911760208	874.0	3.6554649208019914	-238.0	-134.0	-14.525360342352515	
1894.0	0.5457821656578555	-9.707497719928728	2869.0	1.3655247347278834	2028.0	0.0	1016.9677734375	33324.0	-0.9675	134.0	-0.10728744939271255	-463.0	75.0	-0.5425101214574899	3.4561859611561405	702.0	1.4882907612103855	-108.0	-365.0	-11.907780894750948	
1901.0	0.60591195772945	-9.64689946515025	2864.0	1.2830006483465786	2023.0	0.0	1036.4990234375	33964.0	-0.9675	134.0	-0.10728744939271255	-463.0	75.0	-0.5425101214574899	5.153693225263802	816.0	-1.6690153620982926	94.0	-476.0	-13.688625093010273	
1913.0	0.7582191731200167	-9.892368402284035	2884.0	1.1350360285047965	2010.0	0.0	1056.0302734375	34604.0	-0.9875	126.0	-0.10526315789473684	-462.0	81.0	-0.5546558704453441	10.03211500229393	611.0	-5.0486314844477445	299.0	-795.0	-10.576802104318164	
1874.0	0.7238060196859423	-9.762255174262922	2873.0	1.607173679603167	2013.0	0.0	1075.5615234375	35244.0	-0.9875	126.0	-0.10526315789473684	-462.0	81.0	-0.5546558704453441	14.161186725799054	206.0	-8.029064019326732	478.0	-1065.0	-4.392090548126366	
1892.0	0.35461042285680566	-9.77705295241467	2875.0	1.386318298192323	2044.0	0.0	1095.0927734375	35884.0	-0.9875	126.0	-0.10526315789473684	-462.0	81.0	-0.5546558704453441	15.017586786970487	397.0	-6.649747589998678	388.0	-1121.0	-7.309093762534942	
1873.0	0.19961292570501699	-9.800612191403065	2877.0	1.6132128010916393	2057.0	0.0	1114.6240234375	36524.0	-0.98	129.0	-0.08097165991902834	-450.0	62.0	-0.5161943319838057	10.781465055818934	245.0	-3.7043515784828913	206.0	-844.0	-4.947278286384799	
1859.0	0.3483536605872093	-10.402729179374312	2926.0	1.771332567476217	2044.0	0.0	1134.1552734375	37164.0	-0.98	129.0	-0.08097165991902834	-450.0	62.0	-0.5161943319838057	4.00672885762349	293.0	-1.9033342405390599	107.0	-401.0	-5.665803328595357	
1862.0	0.34482210583264356	-10.755884654830886	2955.0	1.728089564106287	2044.0	0.0	1153.6865234375	37804.0	-0.98	129.0	-0.08097165991902834	-450.0	62.0	-0.5161943319838057	-2.997400214100016	464.0	-0.4895494693871804	35.0	57.0	-8.275572186423197	
1875.0	0.4237658681321248	-11.194841758216091	2991.0	1.5634733536374812	2037.0	0.0	1173.2177734375	38444.0	-0.98	129.0	-0.08097165991902834	-450.0	62.0	-0.5161943319838057	-6.988836213488302	434.0	1.172798781374959	-63.0	318.0	-7.798614194171828	
1867.0	0.1586127302022457	-11.51967936072781	3018.0	1.6507106123766229	2059.0	0.0	1192.7490234375	39084.0	-0.985	127.0	-0.07894736842105263	-449.0	55.0	-0.5020242914979757	-6.10185043584646	133.0	1.8601761609597185	-113.0	260.0	-3.1730508392803833	
1905.0	0.4809977038592941	-11.424039137880118	3010.0	1.1980159412689422	2032.0	0.0	1212.2802734375	39724.0	-0.985	127.0	-0.07894736842105263	-449.0	55.0	-0.5020242914979757	-10.506193607585258	231.0	2.7588810600245264	-159.0	548.0	-4.6678231887859765	
1933.0	0.7529574003823502	-11.609021866526893	3025.0	0.8596864860708759	2009.0	0.0	1231.8115234375	40364.0	-0.985	127.0	-0.07894736842105263	-449.0	55.0	-0.5020242914979757	-9.802722128765867	-184.0	2.8670210151972455	-172.0	502.0	1.701218928887587	
1929.0	0.46473575380433485	-11.859757952899852	3046.0	0.899982318961974	2033.0	0.0	1251.3427734375	41004.0	-0.985	127.0	-0.10121457489878542	-460.0	63.0	-0.5182186234817814	-3.899678849977061	-804.0	1.8129031995618954	-125.0	116.0	11.204257618768676	
1963.0	0.6213360463779746	-11.675919171726356	3031.0	0.49558654329431284	2020.0	0.0	1270.8740234375	41644.0	-0.985	127.0	-0.10121457489878542	-460.0	63.0	-0.5182186234817814	-3.9302645664474696	-821.0	1.5346654098516364	-107.0	118.0	11.462331463059694	
1954.0	0.8987367876068992	-11.316797429786257	3001.0	0.6139767204851632	1997.0	0.0	1290.4052734375	42284.0	-0.985	127.0	-0.10121457489878542	-460.0	63.0	-0.5182186234817814	-0.6423000458785748	-1233.0	0.6785764632062314	-64.0	-97.0	17.7756978407407	
1925.0	0.5915563860738953	-11.082456630705703	2982.0	0.9649893228128898	2023.0	0.0	1309.9365234375	42924.0	-0.985	127.0	-0.10121457489878542	-460.0	63.0	-0.5182186234817814	5.750114696436764	-1493.0	2.1825569374751397	-181.0	-515.0	21.78030339659587	
1911.0	0.36953917468348374	-10.665130150699248	2948.0	1.1397903790942958	2042.0	0.0	1329.4677734375	43564.0	-0.98	129.0	-0.08097165991902834	-450.0	71.0	-0.5344129554655871	3.3338430952745073	-1428.0	4.27328274945573	-310.0	-357.0	20.80381921693755	
1938.0	0.9542506501364554	-10.527315938735418	2936.0	0.8230925732688248	1993.0	0.0	1348.9990234375	44204.0	-0.98	129.0	-0.08097165991902834	-450.0	71.0	-0.5344129554655871	-8.135800581128613	-1058.0	4.542700162149057	-294.0	393.0	15.129054437558274	
1906.0	1.01226113336738	-10.678648568023883	2948.0	1.2061881941900636	1988.0	0.0	1368.5302734375	44844.0	-0.98	129.0	-0.08097165991902834	-450.0	71.0	-0.5344129554655871	-5.245450374675027	-1322.0	4.217404508866136	-283.0	204.0	19.176745166770417	
1882.0	0.5001865143307961	-10.695634281206111	2950.0	1.489884360242077	2031.0	0.0	1388.0615234375	45484.0	-0.9725	132.0	-0.08704453441295547	-453.0	81.0	-0.5546558704453441	4.19024315644594	-1245.0	4.497818431806811	-325.0	-413.0	17.99802406432421	
1927.0	0.5501663338899259	-10.459557087197892	2931.0	0.9529370276190379	2027.0	0.0	1407.5927734375	46124.0	-0.9725	132.0	-0.08704453441295547	-453.0	81.0	-0.5546558704453441	-1.5598715399908245	-510.0	6.4863067563912455	-432.0	-37.0	6.739713458848246	
1935.0	0.535957454177033	-10.689968868010984	2950.0	0.8518011610369723	2028.0	0.0	1427.1240234375	46764.0	-0.9725	132.0	-0.08704453441295547	-453.0	81.0	-0.5546558704453441	-7.264107661721977	-324.0	9.173143580978484	-590.0	336.0	3.9125078666828865	
1916.0	0.7650052579954437	-10.404236105217532	2926.0	1.088721956981628	2009.0	0.0	1446.6552734375	47404.0	-0.96	137.0	-0.10931174089068826	-464.0	91.0	-0.5748987854251012	-11.882550848753633	-461.0	8.644711009289875	-545.0	638.0	6.0094178021291125	
1912.0	0.8105375809536931	-10.61290857129735	2943.0	1.1331966019739514	2005.0	0.0	1466.1865234375	48044.0	-0.96	137.0	-0.10931174089068826	-464.0	91.0	-0.5748987854251012	-7.38645052760361	-511.0	9.964523164108453	-643.0	344.0	6.789840106583543	
1917.0	0.6281071777602262	-10.998806033501191	2975.0	1.063413384842518	2020.0	0.0	1485.7177734375	48684.0	-0.96	137.0	-0.10931174089068826	-464.0	91.0	-0.5748987854251012	-1.881021562930112	-700.0	10.530507523865388	-696.0	-16.0	9.69560736156672	
1955.0	0.8802969547434056	-10.779828335183252	2957.0	0.6124835112775039	1999.0	0.0	1505.2490234375	49324.0	-0.96	137.0	-0.10931174089068826	-464.0	91.0	-0.5748987854251012	-1.9421929958709285	-616.0	9.253862505635565	-612.0	-12.0	8.39390428410193	
1958.0	0.8638099679393914	-10.0475746346323	2897.0	0.5908191371072299	2001.0	0.0	1524.7802734375	49964.0	-0.9475	142.0	-0.1194331983805668	-469.0	89.0	-0.5708502024291499	-0.09175714941122497	-748.0	7.6369094090642005	-513.0	-133.0	10.403206596008703	
1969.0	1.1601634424416136	-10.174131946314832	2907.0	0.4587214051366737	1976.0	0.0	1544.3115234375	50604.0	-0.9475	142.0	-0.1194331983805668	-469.0	89.0	-0.5708502024291499	0.7187643370545955	-866.0	6.2790266919538	-428.0	-186.0	12.200276840496338	
1939.0	0.9640818847560856	-10.73466866724859	2953.0	0.8069956382736734	1992.0	0.0	1563.8427734375	51244.0	-0.9475	142.0	-0.1194331983805668	-469.0	89.0	-0.5708502024291499	9.863893561706684	-1336.0	6.5640396460641055	-475.0	-784.0	19.415034289356147	
1915.0	0.3911544899822236	-10.884551001777643	2966.0	1.0874253441413777	2040.0	0.0	1583.3740234375	51884.0	-0.9375	146.0	-0.10728744939271255	-463.0	84.0	-0.5607287449392713	17.479736962838356	-1532.0	7.459821054691008	-555.0	-1282.0	22.431510900434894	
1938.0	0.7202260271113338	-10.12025443172377	2903.0	0.8288935571788065	2013.0	0.0	1602.9052734375	52524.0	-0.9375	146.0	-0.10728744939271255	-463.0	84.0	-0.5607287449392713	12.295458021104146	-1233.0	5.913503730710493	-438.0	-943.0	17.828047113415742	
1932.0	1.1992392574443145	-9.837979017473309	2879.0	0.9116183543936515	1973.0	0.0	1622.4365234375	53164.0	-0.9375	146.0	-0.10728744939271255	-463.0	84.0	-0.5607287449392713	6.83590763113626	-1268.0	5.4805040238385	-396.0	-586.0	18.360774044381397	
1888.0	0.09453794142523912	-10.784301095571326	2958.0	1.4117653815992115	2065.0	0.0	1641.9677734375	53804.0	-0.9375	146.0	-0.10728744939271255	-463.0	84.0	-0.5607287449392713	18.12203700871693	-1791.0	2.5956116090723524	-243.0	-1324.0	26.35709007343306	
1890.0	0.2755139469329715	-10.543843401940945	2938.0	1.3942879099847276	2050.0	0.0	1661.4990234375	54444.0	-0.9325	148.0	-0.08906882591093118	-454.0	96.0	-0.5850202429149798	23.91803027985931	-2002.0	2.608274231371949	-261.0	-1703.0	29.594902751520415	
1941.0	1.65544103150223	-9.455896849776991	2847.0	0.8153882805483981	1935.0	0.0	1681.0302734375	55084.0	-0.9325	148.0	-0.08906882591093118	-454.0	96.0	-0.5850202429149798	15.32344395167457	-1435.0	0.27048988601379087	-81.0	-1141.0	20.87120267391001	
1947.0	0.7955519609526047	-9.730518190453811	2871.0	0.7290078064028593	2007.0	0.0	1700.5615234375	55724.0	-0.9325	148.0	-0.08906882591093118	-454.0	96.0	-0.5850202429149798	30.72335219452516	-1716.0	-1.9881524625625495	23.0	-2148.0	25.160416158357343	
1916.0	-0.21655253105936828	-9.750491201174922	2874.0	1.0919812771719322	2092.0	0.0	1720.0927734375	56364.0	-0.91	157.0	-0.07489878542510121	-447.0	123.0	-0.6396761133603239	36.213488300963455	-1930.0	-1.2869657896589677	-39.0	-2507.0	28.451147527925112	
1957.0	0.7443415131760491	-8.899182015728414	2803.0	0.6246404977087584	2012.0	0.0	1739.6240234375	57004.0	-0.91	157.0	-0.07489878542510121	-447.0	123.0	-0.6396761133603239	14.58938675638477	-1376.0	2.462201091933258	-221.0	-1093.0	19.987795250139836	
1966.0	1.686224313114712	-8.75852106948118	2790.0	0.5284388096933307	1933.0	0.0	1759.1552734375	57644.0	-0.91	157.0	-0.07489878542510121	-447.0	123.0	-0.6396761133603239	0.7187643370545955	-1027.0	5.331481894656732	-368.0	-186.0	14.661263261481476	
1937.0	1.2596104455165826	-9.753241162627441	2872.0	0.85367585951587	1968.0	0.0	1778.6865234375	58284.0	-0.895	163.0	-0.04453441295546559	-432.0	120.0	-0.6336032388663968	8.30402202171586	-1513.0	3.0924691829037476	-247.0	-682.0	22.09629219221265	
1990.0	1.258333349639082	-9.880950750377494	2883.0	0.21255467993462404	1968.0	0.0	1798.2177734375	58924.0	-0.895	163.0	-0.04453441295546559	-432.0	120.0	-0.6336032388663968	11.286129377580671	-894.0	1.3916721937700833	-138.0	-877.0	12.581048837941998	
2012.0	1.8424292917269867	-9.804689874920378	2876.0	-0.04513938409920995	1919.0	0.0	1817.7490234375	59564.0	-0.895	163.0	-0.04453441295546559	-432.0	120.0	-0.6336032388663968	10.643829331702095	-484.0	1.3879834541687768	-132.0	-835.0	6.289773650714774	
1981.0	1.512904569547868	-9.423828759498893	2845.0	0.33267656689104297	1947.0	0.0	1837.2802734375	60204.0	-0.895	163.0	-0.04453441295546559	-432.0	120.0	-0.6336032388663968	15.32344395167457	-827.0	0.010018669426749005	-58.0	-1141.0	11.539151897604198	
1994.0	0.9480232304516852	-9.959581716736249	2890.0	0.15968618833123766	1994.0	0.0	1856.8115234375	60844.0	-0.895	163.0	-0.01417004048582996	-417.0	110.0	-0.6133603238866396	20.446551460467962	-976.0	4.058091471115012	-336.0	-1476.0	13.86596069068169	
2016.0	0.8819551496368154	-10.614008845842264	2944.0	-0.11912327602288676	1999.0	0.0	1876.3427734375	61484.0	-0.895	163.0	-0.01417004048582996	-417.0	110.0	-0.6133603238866396	15.736351124025083	-721.0	10.330224516317697	-729.0	-1168.0	10.015838688311865	
2003.0	1.8717087978638665	-9.257691642184795	2831.0	0.0745271105566295	1917.0	0.0	1895.8740234375	62124.0	-0.895	163.0	-0.01417004048582996	-417.0	110.0	-0.6133603238866396	0.24468573176326658	-898.0	12.691453894745948	-844.0	-155.0	12.755424589584257	
2026.0	1.7529566022052947	-9.22814930328005	2829.0	-0.20317799835680106	1927.0	0.0	1915.4052734375	62764.0	-0.89	165.0	-0.04048582995951417	-430.0	127.0	-0.6477732793522267	0.061171432940816645	-923.0	10.557039192269174	-705.0	-143.0	13.117692534012612	
2046.0	1.1763032257933845	-9.750629801613947	2873.0	-0.46035799750928486	1975.0	0.0	1934.9365234375	63404.0	-0.89	165.0	-0.04048582995951417	-430.0	127.0	-0.6477732793522267	12.631900902278637	-833.0	7.114972469581148	-513.0	-965.0	11.70226833755449	
2048.0	1.4136216205814125	-9.828314132334935	2879.0	-0.48363488571799307	1955.0	0.0	1954.4677734375	64044.0	-0.89	165.0	-0.04048582995951417	-430.0	127.0	-0.6477732793522267	11.515522251108733	-1230.0	8.72906698784078	-619.0	-892.0	17.810169295012674	
2032.0	1.6670872891057542	-9.48174727990077	2850.0	-0.2813978076467169	1934.0	0.0	1973.9990234375	64684.0	-0.89	165.0	-0.04048582995951417	-430.0	127.0	-0.6477732793522267	5.10781465055819	-1504.0	10.819756701612171	-741.0	-473.0	22.035464714476614	
2040.0	2.06328839944678	-9.147350531512469	2822.0	-0.3671334037442153	1901.0	0.0	1993.5302734375	65324.0	-0.865	175.0	-0.006072874493927126	-413.0	136.0	-0.6659919028340081	1.2081358005811287	-1360.0	10.597923624382215	-715.0	-218.0	19.823640736934326	
2025.0	1.8853442959835303	-9.084618020694586	2817.0	-0.1869353029962251	1916.0	0.0	2013.0615234375	428.0	-0.865	175.0	-0.006072874493927126	-413.0	136.0	-0.6659919028340081	6.514757608196972	-1415.0	8.516175345834245	-594.0	-565.0	20.646769855345717	
2048.0	1.7864959655648929	-9.445641538748797	2847.0	-0.47225269039643547	1924.0	0.0	2032.5927734375	1068.0	-0.865	175.0	-0.006072874493927126	-413.0	136.0	-0.6659919028340081	12.081358005811287	-1489.0	4.806139167678625	-368.0	-929.0	21.7451612842654	
2075.0	1.3734366411852525	-10.275383500522365	2916.0	-0.8182793276949802	1958.0	0.0	2052.1240234375	1708.0	-0.8475	182.0	0.0	-410.0	157.0	-0.708502024291498	14.55880103991436	-1308.0	4.934771334021304	-381.0	-1091.0	18.96909606380822	
2073.0	1.3159947222022037	-10.06719444644631	2899.0	-0.790593580261121	1963.0	0.0	2071.6552734375	2348.0	-0.8475	182.0	0.0	-410.0	157.0	-0.708502024291498	7.784064841718918	-1507.0	6.574845900528414	-472.0	-648.0	22.03904905744015	
2093.0	1.42338394366325	-10.042558014627385	2897.0	-1.0299908148318186	1954.0	0.0	2091.1865234375	2988.0	-0.8475	182.0	0.0	-410.0	157.0	-0.708502024291498	-5.627771830555131	-1491.0	9.636157170782711	-636.0	229.0	21.824150431612694	
2117.0	2.0996536960611123	-10.272725631984002	2915.0	-1.3169880961609965	1897.0	0.0	2110.7177734375	3628.0	-0.8300000000000001	189.0	-0.01417004048582996	-417.0	169.0	-0.7327935222672065	-16.653922618137333	-1536.0	12.06974718066116	-766.0	950.0	22.5389880963271	
2142.0	1.914565528187556	-10.924399562196784	2969.0	-1.6330772757210963	1912.0	0.0	2130.2490234375	4268.0	-0.8300000000000001	189.0	-0.01417004048582996	-417.0	169.0	-0.7327935222672065	-11.882550848753633	-1768.0	12.197072099657163	-789.0	638.0	26.100181554202038	
2152.0	1.1036316807137911	-11.065403357192308	2982.0	-1.7644886178065875	1980.0	0.0	2149.7802734375	4908.0	-0.8300000000000001	189.0	-0.01417004048582996	-417.0	169.0	-0.7327935222672065	-2.385685884691849	-2013.0	12.640965064383883	-845.0	17.0	29.864018980089906	
2110.0	0.9487724451502967	-9.884660246875107	2885.0	-1.2363982515703364	1994.0	0.0	2169.3115234375	5548.0	-0.8300000000000001	189.0	-0.01417004048582996	-417.0	169.0	-0.7327935222672065	-18.82550848753632	-2879.0	13.227145117552132	-849.0	1092.0	43.15820362855776	
2065.0	1.8996109838406585	-8.848425425457958	2798.0	-0.6639964950562948	1915.0	0.0	2188.8427734375	6188.0	-0.8025	200.0	-0.038461538461538464	-429.0	167.0	-0.728744939271255	-36.47346689096192	-3607.0	12.021753032346453	-732.0	2246.0	54.316933810820636	
2124.0	1.7993431814900953	-9.351396136704743	2840.0	-1.3859019607987118	1923.0	0.0	2208.3740234375	6828.0	-0.8025	200.0	-0.038461538461538464	-429.0	167.0	-0.728744939271255	-29.010552072182293	-3357.0	14.053349572919778	-881.0	1758.0	50.501128861695136	
2126.0	1.0706191683429394	-9.60474983237276	2862.0	-1.4223526603857126	1984.0	0.0	2227.9052734375	7468.0	-0.8025	200.0	-0.038461538461538464	-429.0	167.0	-0.728744939271255	-11.57669368404955	-3359.0	16.647230221000907	-1095.0	618.0	50.557756635492204	
2121.0	0.9611756722034882	-9.834813732032147	2881.0	-1.3678074094848731	1993.0	0.0	2247.4365234375	8108.0	-0.76	217.0	-0.05060728744939271	-435.0	188.0	-0.771255060728745	-10.888515063465363	-3635.0	14.285633377132244	-946.0	573.0	54.769218156695985	
2160.0	1.1166848654287422	-9.760084885697202	2875.0	-1.8346372586982107	1980.0	0.0	2266.9677734375	8748.0	-0.76	217.0	-0.05060728744939271	-435.0	188.0	-0.771255060728745	-14.069429576387828	-3104.0	15.694023739850897	-1024.0	781.0	46.63538123785885	
2172.0	1.2035510752757725	-9.406797234327504	2846.0	-1.9712811568253585	1973.0	0.0	2286.4990234375	9388.0	-0.76	217.0	-0.05060728744939271	-435.0	188.0	-0.771255060728745	-12.647193760513842	-2818.0	15.86558936053355	-1036.0	688.0	42.24857456784195	
2182.0	0.7602497723084551	-9.6893084834402	2870.0	-2.101846322548129	2010.0	0.0	2306.0302734375	10028.0	-0.76	217.0	-0.05060728744939271	-435.0	188.0	-0.771255060728745	-4.052607432329102	-2735.0	14.780920100413855	-987.0	126.0	40.96413573161639	
2190.0	0.8404065362929971	-10.006965418319334	2896.0	-2.2037834357745414	2003.0	0.0	2325.5615234375	10668.0	-0.715	235.0	-0.05263157894736842	-436.0	200.0	-0.7955465587044535	-4.55727175409084	-2741.0	12.462316034183845	-835.0	159.0	41.03301659290284	
2219.0	1.1608302335361984	-10.107452836856355	2904.0	-2.551986537534295	1976.0	0.0	2345.0927734375	11308.0	-0.715	235.0	-0.05263157894736842	-436.0	200.0	-0.7955465587044535	1.1622572258755162	-2734.0	14.341789138746615	-972.0	-215.0	40.94439993834159	
2207.0	1.0381790703195808	-9.277331063280021	2836.0	-2.392032300441923	1987.0	0.0	2364.6240234375	11948.0	-0.715	235.0	-0.05263157894736842	-436.0	200.0	-0.7955465587044535	13.044808074629149	-3198.0	12.841739274752378	-910.0	-992.0	48.049239857071605	
2201.0	0.812270618846269	-9.249128591563577	2834.0	-2.321438178895821	2006.0	0.0	2384.1552734375	12588.0	-0.685	247.0	-0.05263157894736842	-436.0	218.0	-0.8319838056680162	19.819544272824594	-3045.0	11.486840456998605	-838.0	-1435.0	45.68798486920095	
2242.0	0.36685646723268184	-8.552448514827054	2778.0	-2.805934622491684	2044.0	0.0	2403.6865234375	13228.0	-0.685	247.0	-0.05263157894736842	-436.0	218.0	-0.8319838056680162	9.695672121119438	-3771.0	10.811380257987148	-775.0	-773.0	56.821325403009524	
2211.0	0.5493774600180299	-8.15749209343511	2745.0	-2.4227163082323773	2029.0	0.0	2423.2177734375	13868.0	-0.685	247.0	-0.05263157894736842	-436.0	218.0	-0.8319838056680162	0.4434928888209207	-3472.0	11.38111294899565	-785.0	-168.0	52.23902211614026	
2270.0	0.5225962174315658	-8.454663971129131	2770.0	-3.139770931706098	2031.0	0.0	2442.7490234375	14508.0	-0.6375000000000001	266.0	-0.058704453441295545	-439.0	223.0	-0.8421052631578947	-9.756843554060255	-3198.0	13.353815661256842	-884.0	499.0	48.05436062093665	
2292.0	1.1110365846523789	-9.134436772857358	2825.0	-3.4125422250323103	1981.0	0.0	2462.2802734375	15148.0	-0.6375000000000001	266.0	-0.058704453441295545	-439.0	223.0	-0.8421052631578947	-3.8538002752714484	-3035.0	15.296026061298203	-1024.0	113.0	45.5726318886627	
2296.0	1.2694292821859994	-8.77135749568579	2795.0	-3.45188948359788	1968.0	0.0	2481.8115234375	15788.0	-0.6375000000000001	266.0	-0.058704453441295545	-439.0	223.0	-0.8421052631578947	3.63970025997859	-3259.0	16.023216850465385	-1093.0	-377.0	49.017068135974355	
2282.0	1.0957529648427193	-8.281846372870923	2755.0	-3.2751613255198344	1983.0	0.0	2501.3427734375	16428.0	-0.6375000000000001	266.0	-0.058704453441295545	-439.0	223.0	-0.8421052631578947	9.726257837589847	-2996.0	17.142871977960734	-1179.0	-775.0	44.992665485162455	
2321.0	0.918971016571811	-8.102898342818893	2741.0	-3.743229702473792	1998.0	0.0	2520.8740234375	17068.0	-0.605	279.0	-0.06072874493927126	-440.0	241.0	-0.8785425101214575	6.682979048784218	-2999.0	15.664536744508716	-1075.0	-576.0	45.023915583802314	
2337.0	0.9876007522503143	-8.382781917825705	2764.0	-3.940912160954493	1992.0	0.0	2540.4052734375	17708.0	-0.605	279.0	-0.06072874493927126	-440.0	241.0	-0.8785425101214575	3.2420859458632822	-2964.0	15.284584571040487	-1041.0	-351.0	44.483059134033255	
2334.0	0.6929635451522507	-8.084597865727318	2740.0	-3.9017502736702525	2017.0	0.0	2559.9365234375	18348.0	-0.605	279.0	-0.06072874493927126	-440.0	241.0	-0.8785425101214575	2.186878727634195	-3380.0	14.309357899562206	-979.0	-282.0	50.85661206909844	
2342.0	0.5999484618489487	-7.862296672247979	2722.0	-3.994619942802373	2025.0	0.0	2579.4677734375	18988.0	-0.5475	302.0	-0.0728744939271255	-446.0	265.0	-0.9271255060728745	1.422235815873987	-3006.0	15.535495788599333	-1053.0	-232.0	45.13003655985009	
2365.0	1.1498013262929832	-7.638914989749284	2703.0	-4.261762214242899	1979.0	0.0	2598.9990234375	19628.0	-0.5475	302.0	-0.0728744939271255	-446.0	265.0	-0.9271255060728745	3.609114543508182	-3232.0	17.19751677496325	-1169.0	-375.0	48.61451007644996	
2359.0	1.074279259774775	-6.8577883082367865	2639.0	-4.174605744651325	1986.0	0.0	2618.5302734375	20268.0	-0.5475	302.0	-0.0728744939271255	-446.0	265.0	-0.9271255060728745	10.414436458174034	-3269.0	18.4577253070486	-1269.0	-820.0	49.194858057121436	
2387.0	0.7285347393125357	-6.908430830651207	2644.0	-4.516425437894597	2015.0	0.0	2638.0615234375	20908.0	-0.5475	302.0	-0.0728744939271255	-446.0	265.0	-0.9271255060728745	14.069429576387828	-3246.0	17.346084297920754	-1206.0	-1059.0	48.83081852289328	
2413.0	0.6177876518961428	-7.26885385800477	2674.0	-4.837994381364025	2024.0	0.0	2657.5927734375	21548.0	-0.495	323.0	-0.08502024291497975	-452.0	281.0	-0.9595141700404859	7.340571952897998	-3161.0	17.382161824060546	-1190.0	-619.0	47.526898187214066	
2434.0	0.8786898644147874	-7.3691087966165005	2682.0	-5.090402506203844	2002.0	0.0	2677.1240234375	22188.0	-0.495	323.0	-0.08502024291497975	-452.0	281.0	-0.9595141700404859	9.66508640464903	-3033.0	16.89355032633343	-1163.0	-771.0	45.55791816399681	
2429.0	0.8670252773996764	-7.345091307651406	2680.0	-5.029797838439272	2003.0	0.0	2696.6552734375	22828.0	-0.495	323.0	-0.08502024291497975	-452.0	281.0	-0.9595141700404859	10.139165009940358	-3037.0	16.889356071085764	-1164.0	-802.0	45.61925415607683	
2448.0	0.4764641916268416	-7.115485599220601	2662.0	-5.258026997778987	2036.0	0.0	2716.1865234375	23468.0	-0.4525	340.0	-0.10121457489878542	-460.0	291.0	-0.979757085020243	10.139165009940358	-2837.0	17.458366848291835	-1199.0	-802.0	42.55604753222391	
2441.0	0.6460145974474606	-6.827111683825382	2638.0	-5.166226666015286	2022.0	0.0	2735.7177734375	24108.0	-0.4525	340.0	-0.10121457489878542	-460.0	291.0	-0.979757085020243	3.593821685272978	-2738.0	17.350826152050026	-1174.0	-374.0	41.035868243107124	
2478.0	0.7756443022630197	-6.959379297507551	2649.0	-5.613358853770894	2011.0	0.0	2755.2490234375	24748.0	-0.4525	340.0	-0.10121457489878542	-460.0	291.0	-0.979757085020243	6.453586175256156	-2608.0	17.994666963594877	-1222.0	-561.0	39.04752377566634	
2468.0	0.6839484666090567	-6.605153339094332	2620.0	-5.486709365248327	2019.0	0.0	2774.7802734375	25388.0	-0.40750000000000003	358.0	-0.12753036437246965	-473.0	288.0	-0.9736842105263158	12.218993729928124	-2688.0	17.597992253104678	-1212.0	-938.0	40.27111572121142	
2468.0	0.5999004625416147	-6.676620412505211	2626.0	-5.488979186757218	2026.0	0.0	2794.3115234375	26028.0	-0.40750000000000003	358.0	-0.12753036437246965	-473.0	288.0	-0.9736842105263158	3.4867716776265487	-2487.0	16.301588059327173	-1103.0	-367.0	37.173910463990545	
2481.0	0.17264982203703838	-6.54454160581997	2616.0	-5.647236623052655	2062.0	0.0	2813.8427734375	26668.0	-0.40750000000000003	358.0	-0.12753036437246965	-473.0	288.0	-0.9736842105263158	-6.086557577611256	-2102.0	15.928375621970496	-1050.0	259.0	31.26255213123889	
2496.0	0.5253505031649094	-6.988759207318581	2652.0	-5.8333168598376135	2032.0	0.0	2833.3740234375	27308.0	-0.40750000000000003	358.0	-0.12753036437246965	-473.0	288.0	-0.9736842105263158	-11.13320079522863	-1777.0	15.687903005512558	-1018.0	589.0	26.273190216183718	
2520.0	0.7601354442821998	-7.319788905113346	2679.0	-6.12674623088836	2012.0	0.0	2852.9052734375	27948.0	-0.3775	370.0	-0.13562753036437247	-477.0	287.0	-0.9716599190283401	-4.679614619972473	-1627.0	14.468434302233463	-954.0	167.0	23.959322980432187	
2511.0	0.2657106701211933	-6.762266321214009	2634.0	-6.012106292012224	2054.0	0.0	2872.4365234375	28588.0	-0.3775	370.0	-0.13562753036437247	-477.0	287.0	-0.9716599190283401	-5.016057501146965	-1685.0	14.088473990870192	-929.0	189.0	24.8455034294898	
2500.0	0.052551883329686785	-6.649573571793228	2625.0	-5.879453904409797	2072.0	0.0	2891.9677734375	29228.0	-0.3775	370.0	-0.13562753036437247	-477.0	287.0	-0.9716599190283401	-8.089922006423	-1703.0	13.208908343076398	-864.0	390.0	25.112908478858113	
2532.0	0.9044411644396027	-7.17493117508735	2667.0	-6.266984332339279	2000.0	0.0	2911.4990234375	29868.0	-0.34	385.0	-0.1396761133603239	-479.0	285.0	-0.9676113360323887	-6.239486159963298	-1719.0	13.963001822263287	-918.0	269.0	25.365961152179977	
2534.0	0.5004944069021454	-7.0934164526425985	2661.0	-6.293489891007927	2034.0	0.0	2931.0302734375	30508.0	-0.34	385.0	-0.1396761133603239	-479.0	285.0	-0.9676113360323887	6.46887903349136	-2035.0	14.69821403126663	-1002.0	-562.0	30.22217011023748	
2523.0	0.2266047467100364	-7.101430090901124	2662.0	-6.163858939893091	2057.0	0.0	2950.5615234375	31148.0	-0.34	385.0	-0.1396761133603239	-479.0	285.0	-0.9676113360323887	16.39394402813886	-2198.0	15.552841117846647	-1085.0	-1211.0	32.73186721737764	
2538.0	-0.010205565013541022	-6.972937453735055	2652.0	-6.34438008183327	2077.0	0.0	2970.0927734375	31788.0	-0.34	385.0	-0.1396761133603239	-479.0	285.0	-0.9676113360323887	17.082122648723047	-2289.0	15.94201454432577	-1113.0	-1256.0	34.13210696453179	
2566.0	0.22946028691610987	-6.815876070293772	2639.0	-6.676191593235509	2057.0	0.0	2989.6240234375	32428.0	-0.3225	392.0	-0.15991902834008098	-489.0	299.0	-0.9959514170040485	13.411836672274049	-2237.0	14.620241399260914	-1017.0	-1016.0	33.32097608285866	
2566.0	-0.14824609254697976	-6.491275921364642	2613.0	-6.673476654051558	2089.0	0.0	3009.1552734375	33068.0	-0.3225	392.0	-0.15991902834008098	-489.0	299.0	-0.9959514170040485	5.1384003670285985	-2147.0	12.596324950150766	-863.0	-475.0	31.91973338913631	
2573.0	-0.1954814352096671	-6.4529054257286145	2610.0	-6.757518946963054	2093.0	0.0	3028.6865234375	33708.0	-0.3225	392.0	-0.15991902834008098	-489.0	299.0	-0.9959514170040485	-5.306621807615844	-2009.0	9.836069482095875	-655.0	208.0	29.774592089634528	
2582.0	-0.00369175037087361	-6.321555989468314	2599.0	-6.861407796329219	2077.0	0.0	3048.2177734375	34348.0	-0.28500000000000003	407.0	-0.15587044534412955	-487.0	289.0	-0.9757085020242915	-14.29882244991589	-1918.0	8.271714063975425	-529.0	796.0	28.362600522563955	
2567.0	-0.3346600312086826	-6.085050739915877	2580.0	-6.679264482580283	2105.0	0.0	3067.7490234375	34988.0	-0.28500000000000003	407.0	-0.15587044534412955	-487.0	289.0	-0.9757085020242915	-20.538308609879188	-1897.0	6.61728243339164	-405.0	1204.0	28.02382204943749	
2587.0	0.08267841977508826	-6.017872308205459	2574.0	-6.914711384857924	2070.0	0.0	3087.2802734375	35628.0	-0.28500000000000003	407.0	-0.15587044534412955	-487.0	289.0	-0.9757085020242915	-19.972472855176633	-1861.0	4.8621544061422615	-292.0	1167.0	27.453869357472506	
2602.0	0.31842774055873607	-6.252464039364487	2593.0	-7.097768617839533	2050.0	0.0	3106.8115234375	36268.0	-0.2525	420.0	-0.17408906882591094	-496.0	288.0	-0.9736842105263158	-11.20966508640465	-1830.0	3.409022278833471	-220.0	594.0	26.96365904279754	
2584.0	-0.28410442138364744	-5.7913945193171275	2556.0	-6.877705079178492	2101.0	0.0	3126.3427734375	36908.0	-0.2525	420.0	-0.17408906882591094	-496.0	288.0	-0.9736842105263158	-8.992200642300046	-1882.0	4.681237498791106	-309.0	449.0	27.774294345219616	
2588.0	-0.27256294104154993	-5.827722675583566	2559.0	-6.926508998584737	2100.0	0.0	3145.8740234375	37548.0	-0.2525	420.0	-0.17408906882591094	-496.0	288.0	-0.9736842105263158	-12.876586634041903	-1635.0	5.028301595534543	-319.0	703.0	23.9876775226302	
2592.0	-0.09707013201152456	-6.135584629723885	2584.0	-6.979104080661581	2085.0	0.0	3165.4052734375	38188.0	-0.2525	420.0	-0.17408906882591094	-496.0	288.0	-0.9736842105263158	-8.27343630524545	-1589.0	3.7284598604494836	-246.0	402.0	23.268832857005602	
2607.0	-0.2844424286578936	-5.825195246741739	2559.0	-7.155492907534667	2101.0	0.0	3184.9365234375	38828.0	-0.225	431.0	-0.16194331983805668	-490.0	300.0	-0.9979757085020243	4.541978895855636	-1693.0	2.9846078902109965	-232.0	-436.0	24.857220637748206	
2625.0	0.015942253308977576	-5.548631811959386	2536.0	-7.363825261898868	2076.0	0.0	3204.4677734375	39468.0	-0.225	431.0	-0.16194331983805668	-490.0	300.0	-0.9979757085020243	3.4714788193913444	-1628.0	2.560594493558619	-201.0	-366.0	23.855589066003567	
2643.0	0.13389051040069058	-5.658568007549992	2545.0	-7.581711973119282	2066.0	0.0	3223.9990234375	40108.0	-0.225	431.0	-0.16194331983805668	-490.0	300.0	-0.9979757085020243	-1.819850129989295	-1544.0	0.9855714005958919	-84.0	-20.0	22.550902207791445	
2639.0	-0.04221181031271075	-5.411657221747266	2525.0	-7.5303420095260245	2081.0	0.0	3243.5302734375	40748.0	-0.2	441.0	-0.18218623481781376	-500.0	312.0	-1.0222672064777327	-8.885150634653618	-1503.0	1.9358163366345313	-127.0	442.0	21.93128082716871	
2653.0	0.337339964909242	-5.551717794790082	2536.0	-7.698022402029841	2049.0	0.0	3263.0615234375	41388.0	-0.2	441.0	-0.18218623481781376	-500.0	312.0	-1.0222672064777327	-6.055971861140848	-1402.0	2.4687660234963054	-168.0	257.0	20.386817474566712	
2650.0	0.07450899305788271	-5.644338789449826	2544.0	-7.666358553328297	2071.0	0.0	3282.5927734375	42028.0	-0.2	441.0	-0.18218623481781376	-500.0	312.0	-1.0222672064777327	5.5818932558495185	-1437.0	3.2283847984418093	-248.0	-504.0	20.93147059035054	
2645.0	0.018160582095895703	-5.326798933267574	2518.0	-7.600330276458849	2076.0	0.0	3302.1240234375	42668.0	-0.2	441.0	-0.18218623481781376	-500.0	312.0	-1.0222672064777327	2.997400214100016	-1322.0	5.579601642928292	-393.0	-335.0	19.19036713811104	
2649.0	-0.020711171332616678	-5.64254570469024	2544.0	-7.655226700505926	2079.0	0.0	3321.6552734375	43308.0	-0.17500000000000002	451.0	-0.19230769230769232	-505.0	318.0	-1.034412955465587	-0.749350053525004	-1045.0	6.648657154248024	-450.0	-90.0	14.950635719923639	
