Device	Device	Device	Device	Device	Device	Device	Device	Device	Device	Device	Device	Device	Device	Device	Device	Device	Device	Device	Device	Device	
Low Noise Accelerometer X	Low Noise Accelerometer X	Low Noise Accelerometer Z	Low Noise Accelerometer Z	Low Noise Accelerometer Y	Low Noise Accelerometer Y	Event_Marker	Timestamp	Timestamp	Magnetometer Z	Magnetometer Z	Magnetometer X	Magnetometer X	Magnetometer Y	Magnetometer Y	Gyroscope Y	Gyroscope Y	Gyroscope Z	Gyroscope Z	Gyroscope X	Gyroscope X	
CAL	UNCAL	CAL	UNCAL	UNCAL	CAL	CAL	UNCAL	CAL	CAL	UNCAL	CAL	UNCAL	UNCAL	CAL	CAL	UNCAL	CAL	UNCAL	UNCAL	CAL	
m/(s^2)	no units	m/(s^2)	no units	no units	m/(s^2)	no units	no units	ms	local_flux	no units	local_flux	no units	no units	local_flux	deg/s	no units	deg/s	no units	no units	deg/s	
-0.9391118150538975	2099.0	9.660247066038815	1285.0	2169.0	-0.7318488274321723	0.0	1689.0	51.544189453125	0.4925	718.0	-0.49190283400809715	-653.0	-357.0	0.3319838056680162	-7.615843401131673	439.0	-6.783945203742318	456.0	359.0	-7.9549040523136245	
-0.4394452404158578	2108.0	9.626904529842786	1287.0	2127.0	-0.8359527473494714	0.0	2329.0	71.075439453125	0.4925	718.0	-0.49190283400809715	-653.0	-357.0	0.3319838056680162	-0.18351429882244993	305.0	-6.624966158412712	425.0	-127.0	-5.89715345167159	
-0.5956424915529868	2105.0	9.483369892320383	1299.0	2140.0	-0.8042408342980378	0.0	2969.0	90.606689453125	0.5075000000000001	724.0	-0.4858299595141701	-650.0	-377.0	0.3724696356275304	9.328643523474538	165.0	-4.8428336200400555	283.0	-749.0	-3.7311044141503777	
-0.9052308314110386	2101.0	9.47691685889615	1300.0	2166.0	-0.7592730072807656	0.0	3609.0	110.137939453125	0.5075000000000001	724.0	-0.4858299595141701	-650.0	-377.0	0.3724696356275304	10.995565071111791	135.0	-2.0071523559446582	94.0	-858.0	-3.242413091765677	
-1.1908877115735217	2101.0	9.48265741407638	1300.0	2190.0	-0.7620147649787858	0.0	4249.0	129.669189453125	0.5075000000000001	724.0	-0.4858299595141701	-650.0	-377.0	0.3724696356275304	7.417036244074018	60.0	-1.1218778976980048	45.0	-624.0	-2.0827240728238423	
-1.0707801381754645	2090.0	9.588652849120228	1291.0	2180.0	-0.6261636600620006	0.0	4889.0	149.200439453125	0.495	719.0	-0.4858299595141701	-650.0	-367.0	0.3522267206477733	3.8538002752714484	67.0	-1.132095812146258	55.0	-391.0	-2.190237637575199	
-1.1168990904266634	2113.0	9.738662385905101	1279.0	2184.0	-0.9007330925837549	0.0	5529.0	168.731689453125	0.495	719.0	-0.4858299595141701	-650.0	-367.0	0.3522267206477733	8.64046490289035	22.0	-1.699584639249347	79.0	-704.0	-1.5054107612306091	
-1.331888820940974	2100.0	9.668260763045454	1285.0	2202.0	-0.7476645163219946	0.0	6169.0	188.262939453125	0.495	719.0	-0.4858299595141701	-650.0	-367.0	0.3522267206477733	10.6591221899373	-204.0	-0.9536781169027524	23.0	-836.0	1.9699016107290854	
-1.5457645697164728	2101.0	9.709257314067006	1282.0	2220.0	-0.7610315355604028	0.0	6809.0	207.794189453125	0.495	719.0	-0.4858299595141701	-650.0	-367.0	0.3522267206477733	10.123872151705156	-113.0	-0.5491711127101053	-1.0	-801.0	0.5775986678816454	
-1.4491962536045169	2108.0	9.84227940145307	1271.0	2212.0	-0.8417427600491524	0.0	7449.0	227.325439453125	0.485	715.0	-0.4858299595141701	-650.0	-378.0	0.37449392712550605	6.560636182902585	-213.0	-2.759866918523163	151.0	-568.0	2.0899400756360054	
-1.2598819499257126	2086.0	9.72609072171446	1280.0	2196.0	-0.5771131496432811	0.0	8089.0	246.856689453125	0.485	715.0	-0.4858299595141701	-650.0	-378.0	0.37449392712550605	8.151093439363818	-243.0	-4.058538597494109	231.0	-672.0	2.537287868590043	
-1.6537560768428659	2087.0	9.624392315713429	1289.0	2229.0	-0.5951340518035577	0.0	8729.0	266.387939453125	0.485	715.0	-0.4858299595141701	-650.0	-378.0	0.37449392712550605	9.099250649946477	-214.0	-2.123280654198159	103.0	-734.0	2.11165042193738	
-1.5488386235327938	2079.0	9.401851932434914	1307.0	2220.0	-0.5021501427673525	0.0	9369.0	285.919189453125	0.4825	714.0	-0.5020242914979757	-658.0	-379.0	0.3765182186234818	-0.3211500229392874	-217.0	-1.7315818827848264	102.0	-118.0	2.1616008606258883	
-1.2662401408142343	2070.0	9.0902716328623	1332.0	2196.0	-0.3971220289918601	0.0	10009.0	305.450439453125	0.4825	714.0	-0.5020242914979757	-658.0	-379.0	0.3765182186234818	-4.434928888209207	-267.0	-1.9130942942272606	124.0	151.0	2.927009919417709	
-1.9326545718657018	2067.0	9.115495194382218	1331.0	2252.0	-0.3671371237587235	0.0	10649.0	324.981689453125	0.4825	714.0	-0.5020242914979757	-658.0	-379.0	0.3765182186234818	-5.857164704083194	-153.0	1.5296560805088306	-95.0	244.0	1.212166286138831	
-1.5870647351877831	2113.0	9.150669338364553	1328.0	2223.0	-0.9171946099821771	0.0	11289.0	344.512939453125	0.4825	714.0	-0.5020242914979757	-658.0	-379.0	0.3765182186234818	-14.95641535402967	-7.0	2.561980273389316	-137.0	839.0	-1.0178050860186005	
-1.24095330337918	2086.0	9.238002995415354	1320.0	2194.0	-0.5866856177037979	0.0	11929.0	364.044189453125	0.485	715.0	-0.4858299595141701	-650.0	-366.0	0.3502024291497976	-9.695672121119438	-516.0	-0.6334783711072338	52.0	495.0	6.760582509522012	
-1.647087076958761	2094.0	9.10081611364771	1332.0	2228.0	-0.6898762352436214	0.0	12569.0	383.575439453125	0.485	715.0	-0.4858299595141701	-650.0	-366.0	0.3502024291497976	-2.079828719987766	-312.0	-0.3069343083895064	13.0	-3.0	3.6335732838917076	
-1.4330785868195428	2102.0	9.073093698998088	1334.0	2210.0	-0.7846761408038964	0.0	13209.0	403.106689453125	0.485	715.0	-0.4858299595141701	-650.0	-366.0	0.3502024291497976	-5.413671815262273	-595.0	-0.293918019383855	18.0	215.0	7.976192322031112	
-1.112123659754951	2066.0	9.02572926260012	1337.0	2183.0	-0.3486789405021735	0.0	13849.0	422.637939453125	0.4825	714.0	-0.5	-657.0	-360.0	0.33805668016194335	-5.29132894938064	-773.0	-1.38739074070875	87.0	207.0	10.696575685964097	
-1.107834195580893	2085.0	9.45467568000593	1302.0	2183.0	-0.5689727801629192	0.0	14489.0	442.169189453125	0.4825	714.0	-0.5	-657.0	-360.0	0.33805668016194335	-6.805321914665852	-664.0	-0.04889497593393255	5.0	306.0	9.037411924876231	
-1.0065237317019873	2082.0	10.061912544086992	1252.0	2175.0	-0.5196703599292559	0.0	15129.0	461.700439453125	0.4825	714.0	-0.5	-657.0	-360.0	0.33805668016194335	-8.579293469949535	-949.0	0.9934562991201923	-61.0	422.0	13.42101328019237	
-0.7431181739210608	2056.0	10.211992131703443	1239.0	2153.0	-0.20078170055092487	0.0	15769.0	481.231689453125	0.4875	716.0	-0.4979757085020243	-656.0	-369.0	0.35627530364372473	-6.774736198195443	-1042.0	2.260514834455691	-149.0	304.0	14.86072084575134	
-1.1566499527321215	2059.0	10.525480917264053	1214.0	2188.0	-0.23479182094107628	0.0	16409.0	500.762939453125	0.4875	716.0	-0.4979757085020243	-656.0	-369.0	0.35627530364372473	-1.1775500841107205	-956.0	4.03395640781847	-278.0	-62.0	13.558829666886226	
-0.9855015688350046	2063.0	10.973652640309078	1177.0	2174.0	-0.272309673725542	0.0	17049.0	520.294189453125	0.4875	716.0	-0.4979757085020243	-656.0	-369.0	0.35627530364372473	2.5692001835142992	-958.0	3.8991752344424317	-279.0	-307.0	13.588170822468715	
-1.031049548165651	2054.0	11.180759469149189	1160.0	2178.0	-0.16018928200228716	0.0	17689.0	539.825439453125	0.4875	716.0	-0.4979757085020243	-656.0	-369.0	0.35627530364372473	8.931029209359231	-825.0	3.711275773274418	-282.0	-723.0	11.545475501326424	
-1.4849436081811056	2038.0	11.029448705698963	1173.0	2216.0	0.025016646465903153	0.0	18329.0	559.356689453125	0.47500000000000003	711.0	-0.5080971659919028	-661.0	-377.0	0.3724696356275304	11.408472243462304	-619.0	4.289784290555357	-324.0	-885.0	8.390296952925503	
-1.8675152420841588	2047.0	10.867523410631751	1187.0	2248.0	-0.09048131071423066	0.0	18969.0	578.887939453125	0.47500000000000003	711.0	-0.5080971659919028	-661.0	-377.0	0.3724696356275304	3.6549931182137945	-235.0	5.904646946214674	-405.0	-378.0	2.5141638547621317	
-1.5950956359501813	2052.0	10.72853164307711	1198.0	2225.0	-0.1507779138594054	0.0	19609.0	598.419189453125	0.47500000000000003	711.0	-0.5080971659919028	-661.0	-377.0	0.3724696356275304	-9.986236427588317	-52.0	5.555476517096822	-345.0	514.0	-0.29736835896590463	
-1.0711487553152828	2051.0	10.742267325614568	1196.0	2181.0	-0.13321553863122287	0.0	20249.0	617.950439453125	0.47750000000000004	712.0	-0.5080971659919028	-661.0	-386.0	0.39068825910931176	-9.619207829943416	33.0	3.8004373153548934	-231.0	490.0	-1.619199861923941	
-1.3949507922315805	2051.0	10.504920776841951	1216.0	2208.0	-0.14120048997583826	0.0	20889.0	637.481689453125	0.47750000000000004	712.0	-0.5080971659919028	-661.0	-386.0	0.39068825910931176	0.0	64.0	4.097215065246812	-275.0	-139.0	-2.0919110778268935	
-1.7322182514773374	2069.0	10.111508185599591	1249.0	2236.0	-0.36930888627266106	0.0	21529.0	657.012939453125	0.47750000000000004	712.0	-0.5080971659919028	-661.0	-386.0	0.39068825910931176	-2.9209359229239946	161.0	4.674964094068092	-304.0	52.0	-3.5745485023767967	
-1.3160070299320992	2064.0	10.065963673456748	1252.0	2201.0	-0.30581670044464393	0.0	22169.0	676.544189453125	0.47750000000000004	712.0	-0.5080971659919028	-661.0	-386.0	0.39068825910931176	-7.20293622878116	79.0	3.0033411747050054	-185.0	332.0	-2.333017071604185	
-1.0780971885057686	2051.0	10.047424006565995	1253.0	2181.0	-0.1471818893440992	0.0	22809.0	696.075439453125	0.485	715.0	-0.4898785425101215	-652.0	-397.0	0.41295546558704455	-3.6549931182137945	28.0	1.1617345469528773	-75.0	100.0	-1.5688644713173363	
-1.113923792190078	2053.0	10.036192209563652	1254.0	2184.0	-0.17186117686315783	0.0	23449.0	715.606689453125	0.485	715.0	-0.4898785425101215	-652.0	-397.0	0.41295546558704455	-0.2752714482336749	26.0	0.918587363005396	-68.0	-121.0	-1.5406069758405614	
-0.7668094419522935	2049.0	10.223817709532549	1238.0	2155.0	-0.11644475227706474	0.0	24089.0	735.137939453125	0.485	715.0	-0.4898785425101215	-652.0	-397.0	0.41295546558704455	-2.8903502064535864	-69.0	1.1777920711208187	-79.0	50.0	-0.08028898123754125	
-0.39868808376280723	2050.0	10.131191623719277	1245.0	2124.0	-0.12666425318251964	0.0	24729.0	754.669189453125	0.47750000000000004	712.0	-0.4939271255060729	-654.0	-384.0	0.3866396761133603	0.015292858235204161	-47.0	-0.07321918141092687	-5.0	-140.0	-0.43037773424160664	
-0.23143455295760523	2059.0	10.189878037572816	1240.0	2110.0	-0.23225172453715584	0.0	25369.0	774.200439453125	0.47750000000000004	712.0	-0.4939271255060729	-654.0	-384.0	0.3866396761133603	0.2752714482336749	54.0	1.3776659101446587	-99.0	-157.0	-1.9656617327966663	
-0.2295999962257862	2064.0	10.373333710754718	1225.0	2110.0	-0.28880522936162134	0.0	26009.0	793.731689453125	0.47750000000000004	712.0	-0.4939271255060729	-654.0	-384.0	0.3866396761133603	-4.572564612326044	123.0	5.304278615139097	-341.0	160.0	-2.98516497815734	
-0.07583236146779346	2074.0	10.273906710363512	1233.0	2097.0	-0.4097380207327088	0.0	26649.0	813.262939453125	0.485	715.0	-0.4979757085020243	-656.0	-390.0	0.39878542510121456	-6.377121884080135	319.0	8.774901537455298	-560.0	278.0	-5.957977545926659	
0.1737384539646334	2063.0	10.230988253606194	1236.0	2076.0	-0.2755705612316033	0.0	27289.0	832.794189453125	0.485	715.0	-0.4979757085020243	-656.0	-390.0	0.39878542510121456	-6.897079064077077	254.0	10.339176620132609	-661.0	312.0	-4.944943357321768	
0.3989022437181734	2058.0	10.128319609912577	1244.0	2057.0	-0.21513133235251852	0.0	27929.0	852.325439453125	0.485	715.0	-0.4979757085020243	-656.0	-390.0	0.39878542510121456	-7.340571952897998	229.0	10.937545835471283	-699.0	341.0	-4.55534757371526	
0.14909605396676384	2076.0	10.147700634771622	1243.0	2078.0	-0.4341092436323697	0.0	28569.0	871.856689453125	0.485	715.0	-0.4979757085020243	-656.0	-390.0	0.39878542510121456	-4.083193148799511	355.0	13.533600930929541	-875.0	128.0	-6.462791963684414	
0.23119723365641767	2079.0	10.024485270403671	1253.0	2071.0	-0.4718971174360853	0.0	29209.0	891.387939453125	0.5	721.0	-0.45951417004048584	-637.0	-398.0	0.4149797570850203	-0.41290717235051233	347.0	16.600145295662934	-1084.0	-112.0	-6.309370650772081	
0.01621713783281277	2074.0	9.955047116614612	1259.0	2089.0	-0.4151947176146808	0.0	29849.0	910.919189453125	0.5	721.0	-0.45951417004048584	-637.0	-398.0	0.4149797570850203	3.257378804098486	379.0	19.857395369906065	-1305.0	-352.0	-6.7678216270896465	
-0.18771149566807177	2071.0	9.800279004621393	1272.0	2106.0	-0.38418478787630106	0.0	30489.0	930.450439453125	0.5	721.0	-0.45951417004048584	-637.0	-398.0	0.4149797570850203	1.3916500994035788	415.0	21.644799418017328	-1416.0	-230.0	-7.302348998301031	
0.05071124616806252	2079.0	9.833029378711014	1269.0	2086.0	-0.477531095144822	0.0	31129.0	949.981689453125	0.5125	726.0	-0.4392712550607287	-627.0	-392.0	0.402834008097166	-7.233521945251568	360.0	22.119759577738673	-1425.0	334.0	-6.453652795506947	
0.5410173348244375	2073.0	10.054114434824704	1250.0	2045.0	-0.39591717650947844	0.0	31769.0	969.512939453125	0.5125	726.0	-0.4392712550607287	-627.0	-392.0	0.402834008097166	-7.784064841718918	194.0	22.147071217330495	-1427.0	370.0	-3.9061953918622945	
0.5902199755826631	2080.0	10.212473748742509	1237.0	2041.0	-0.4765953132211303	0.0	32409.0	989.044189453125	0.5125	726.0	-0.4392712550607287	-627.0	-392.0	0.402834008097166	-2.6915430493959325	161.0	23.56868288665088	-1533.0	37.0	-3.3856113144509687	
0.6866639806852675	2085.0	10.333064735193407	1227.0	2033.0	-0.533460017296508	0.0	33049.0	1008.575439453125	0.5125	726.0	-0.4392712550607287	-627.0	-392.0	0.402834008097166	0.9634500688178621	134.0	26.540639479287123	-1736.0	-202.0	-2.941590689755234	
0.7108259973544656	2078.0	10.368314021160845	1224.0	2031.0	-0.44817606201287685	0.0	33689.0	1028.106689453125	0.5325	734.0	-0.4230769230769231	-619.0	-390.0	0.39878542510121456	7.722893408778101	147.0	31.286395089443797	-2062.0	-644.0	-3.0936114212092907	
0.5563450136214954	2083.0	10.396406124054291	1222.0	2044.0	-0.5093999936477593	0.0	34329.0	1047.637939453125	0.5325	734.0	-0.4230769230769231	-619.0	-390.0	0.39878542510121456	10.001529285823521	231.0	35.607030138179006	-2348.0	-793.0	-4.339341698004431	
0.5689800019846548	2084.0	10.469428769894053	1216.0	2043.0	-0.5198613836184169	0.0	34969.0	1067.169189453125	0.5325	734.0	-0.4230769230769231	-619.0	-390.0	0.39878542510121456	0.948157210582658	325.0	39.07507405727755	-2549.0	-201.0	-5.747042722677187	
0.8796498065003864	2075.0	10.584028269086245	1206.0	2017.0	-0.40602896064965677	0.0	35609.0	1086.700439453125	0.5475	740.0	-0.41295546558704455	-614.0	-400.0	0.4190283400809717	-3.6549931182137945	342.0	41.81498795613603	-2715.0	100.0	-5.980499805876725	
0.21068867407846043	2083.0	10.354581693560327	1226.0	2073.0	-0.5136930456530691	0.0	36249.0	1106.231689453125	0.5475	740.0	-0.41295546558704455	-614.0	-400.0	0.4190283400809717	1.7892644135188869	560.0	46.02957035205091	-3001.0	-256.0	-9.283451419388806	
0.2363376055145256	2096.0	10.538522456214466	1211.0	2071.0	-0.6663842471097221	0.0	36889.0	1125.762939453125	0.5475	740.0	-0.41295546558704455	-614.0	-400.0	0.4190283400809717	-0.8564000611714331	709.0	51.74144536936507	-3364.0	-83.0	-11.512660734276276	
0.4515073108762602	2056.0	10.626921563816497	1203.0	2053.0	-0.18053685706069061	0.0	37529.0	1145.294189453125	0.5825	754.0	-0.3582995951417004	-587.0	-428.0	0.4757085020242915	-3.058571647040832	519.0	53.907529202681886	-3501.0	61.0	-8.575548000899376	
0.11458508492277879	2057.0	10.26803230180169	1233.0	2081.0	-0.2031320573316059	0.0	38169.0	1164.825439453125	0.5825	754.0	-0.3582995951417004	-587.0	-428.0	0.4757085020242915	-1.5598715399908245	684.0	55.30330916472478	-3594.0	-37.0	-11.093430004869557	
0.09065001221819567	2050.0	10.255477412295757	1234.0	2083.0	-0.11928515645117999	0.0	38809.0	1184.356689453125	0.5825	754.0	-0.3582995951417004	-587.0	-428.0	0.4757085020242915	-10.76617219758373	861.0	56.94451896579101	-3675.0	565.0	-13.792991514347	
0.4010820337422679	2046.0	10.34629861232203	1226.0	2057.0	-0.06617164115107646	0.0	39449.0	1203.887939453125	0.5825	754.0	-0.3582995951417004	-587.0	-428.0	0.4757085020242915	-19.009022786358774	968.0	58.79792663679822	-3773.0	1104.0	-15.416317189056294	
0.3154348472619895	2034.0	10.114913297627522	1245.0	2064.0	0.07292249394324266	0.0	40089.0	1223.419189453125	0.6075	764.0	-0.2975708502024291	-557.0	-433.0	0.4858299595141701	-24.208594586328186	1000.0	62.13308275156788	-3976.0	1444.0	-15.873989104968594	
0.29078883425510527	2044.0	10.03126437789148	1252.0	2066.0	-0.049478872292390425	0.0	40729.0	1242.950439453125	0.6075	764.0	-0.2975708502024291	-557.0	-433.0	0.4858299595141701	-27.221287658663407	1099.0	65.66790503459244	-4197.0	1641.0	-17.357744764292715	
0.4919088966671076	2043.0	9.905175380996472	1262.0	2049.0	-0.03794125883508623	0.0	41369.0	1262.481689453125	0.6075	764.0	-0.2975708502024291	-557.0	-433.0	0.4858299595141701	-31.212723658051694	1072.0	69.20716029310756	-4417.0	1902.0	-16.90805115293819	
0.7548352754557008	2024.0	10.007337069379615	1253.0	2027.0	0.19564690137106497	0.0	42009.0	1282.012939453125	0.6375000000000001	776.0	-0.2165991902834008	-517.0	-428.0	0.4757085020242915	-27.267166233369018	865.0	69.77124870146166	-4466.0	1644.0	-13.726102151622795	
0.32647426622132747	2026.0	10.028379003085126	1252.0	2063.0	0.16768774441066275	0.0	42649.0	1301.544189453125	0.6375000000000001	776.0	-0.2165991902834008	-517.0	-428.0	0.4757085020242915	-18.978437069888365	837.0	69.89685798511341	-4496.0	1102.0	-13.29520051635878	
-0.029468400206905984	2052.0	10.148398074547497	1243.0	2093.0	-0.14672431287256488	0.0	43289.0	1321.075439453125	0.6375000000000001	776.0	-0.2165991902834008	-517.0	-428.0	0.4757085020242915	-9.022786358770455	928.0	70.63542574861067	-4569.0	451.0	-14.684162851613173	
0.0786112878386915	2038.0	10.24208116482153	1235.0	2084.0	0.024904844608552495	0.0	43929.0	1340.606689453125	0.6375000000000001	776.0	-0.2165991902834008	-517.0	-428.0	0.4757085020242915	-6.239486159963298	717.0	72.26051299316579	-4684.0	269.0	-11.430225927303265	
-0.3145531031124988	2021.0	10.211356355416788	1238.0	2117.0	0.22517798161937944	0.0	44569.0	1360.137939453125	0.6725	790.0	-0.13562753036437247	-477.0	-449.0	0.5182186234817814	-0.25997858999847073	616.0	73.00560643003996	-4749.0	-122.0	-9.87298214346391	
-0.7581162757982401	2016.0	9.902658134461701	1264.0	2154.0	0.274809349328842	0.0	45209.0	1379.669189453125	0.6725	790.0	-0.13562753036437247	-477.0	-449.0	0.5182186234817814	0.5505428964673498	661.0	71.50354490144079	-4653.0	-175.0	-10.578504523365524	
-0.4237311165245113	2034.0	10.007840728501263	1255.0	2126.0	0.0633893829228524	0.0	45849.0	1399.200439453125	0.6725	790.0	-0.13562753036437247	-477.0	-449.0	0.5182186234817814	-6.545343324667381	884.0	71.29862257899329	-4619.0	289.0	-14.00237360235185	
-0.4929522988413169	2033.0	10.228579639677834	1237.0	2132.0	0.07916014209430017	0.0	46489.0	1418.731689453125	0.7025	802.0	-0.0728744939271255	-446.0	-447.0	0.5141700404858299	-6.407707600550544	766.0	70.79821098504303	-4588.0	280.0	-12.196728646632614	
-0.708049479656244	2032.0	10.147432986756552	1244.0	2150.0	0.08743442999880954	0.0	47129.0	1438.262939453125	0.7025	802.0	-0.0728744939271255	-446.0	-447.0	0.5141700404858299	-0.48937146352653316	726.0	72.46257217169374	-4712.0	-107.0	-11.566305688441112	
-0.7700367108500838	2001.0	9.901090819753522	1264.0	2155.0	0.455381690250425	0.0	47769.0	1457.794189453125	0.7025	802.0	-0.0728744939271255	-446.0	-447.0	0.5141700404858299	-1.2234286588163328	650.0	73.43387495250386	-4774.0	-59.0	-10.390411902615519	
-0.9865786546600397	2015.0	9.675467867329369	1283.0	2173.0	0.2800291129686616	0.0	48409.0	1477.325439453125	0.7175	808.0	-0.0020242914979757085	-411.0	-437.0	0.4939271255060729	-7.891114849365347	778.0	72.35131144481295	-4685.0	377.0	-12.365331445932416	
-0.9251876874498551	2057.0	9.862183635966863	1268.0	2168.0	-0.22164675837202877	0.0	49049.0	1496.856689453125	0.7175	808.0	-0.0020242914979757085	-411.0	-437.0	0.4939271255060729	-14.55880103991436	1151.0	72.73674426873647	-4689.0	813.0	-18.08496952217377	
-0.88962295348397	2040.0	9.847228461126814	1269.0	2165.0	-0.016770937420737153	0.0	49689.0	1516.387939453125	0.7175	808.0	-0.0020242914979757085	-411.0	-437.0	0.4939271255060729	-24.453280318091455	960.0	73.68764584354096	-4727.0	1460.0	-15.144664127723868	
-0.4837510496228127	2017.0	9.958228371052064	1259.0	2131.0	0.2666162135513192	0.0	50329.0	1535.919189453125	0.7175	808.0	-0.0020242914979757085	-411.0	-437.0	0.4939271255060729	-19.605444257531733	718.0	72.68758631237968	-4677.0	1143.0	-11.441299677769253	
-0.5088931023307655	2020.0	9.824975481209181	1270.0	2133.0	0.22755515691412898	0.0	50969.0	1555.450439453125	0.7375	816.0	0.07489878542510121	-373.0	-419.0	0.4574898785425101	-11.515522251108733	536.0	68.6447270254448	-4437.0	614.0	-8.689032244859868	
-0.8173758908043728	2023.0	9.929077586229385	1262.0	2159.0	0.19040779281654396	0.0	51609.0	1574.981689453125	0.7375	816.0	0.07489878542510121	-373.0	-419.0	0.4574898785425101	-5.520721822908702	526.0	66.4500744168439	-4310.0	222.0	-8.55753393436463	
-0.5195656099437395	2029.0	9.94820091038796	1260.0	2134.0	0.12147920548181575	0.0	52249.0	1594.512939453125	0.7375	816.0	0.07489878542510121	-373.0	-419.0	0.4574898785425101	-10.139165009940358	585.0	65.98247544753455	-4267.0	524.0	-9.467534459887093	
-0.3647237365460966	2020.0	9.956197773961772	1259.0	2121.0	0.2316212964270275	0.0	52889.0	1614.044189453125	0.755	823.0	0.11740890688259109	-352.0	-403.0	0.4251012145748988	-13.411836672274049	641.0	66.92175823860626	-4319.0	738.0	-10.31743271683137	
-0.4249609789183073	2025.0	9.88485448912166	1265.0	2126.0	0.16935109445108146	0.0	53529.0	1633.575439453125	0.755	823.0	0.11740890688259109	-352.0	-403.0	0.4251012145748988	-12.784829484630679	639.0	68.51134823533033	-4424.0	697.0	-10.270847849547879	
-0.22208249733030805	2067.0	9.934607409826334	1261.0	2109.0	-0.3336491587044872	0.0	54169.0	1653.106689453125	0.755	823.0	0.11740890688259109	-352.0	-403.0	0.4251012145748988	-15.904572564612328	674.0	69.81042953492378	-4500.0	901.0	-10.794913964586316	
-0.2214753943196086	2065.0	9.99531771089628	1256.0	2109.0	-0.3083324961108126	0.0	54809.0	1672.637939453125	0.755	823.0	0.11740890688259109	-352.0	-403.0	0.4251012145748988	-16.332772595198044	526.0	69.85099039090196	-4503.0	929.0	-8.523524774624049	
-0.42235887807629	2060.0	10.145064573323385	1244.0	2126.0	-0.2471054298444157	0.0	55449.0	1692.169189453125	0.765	827.0	0.17611336032388664	-323.0	-390.0	0.39878542510121456	-11.806086557577613	342.0	68.50353742728831	-4429.0	633.0	-5.713614311165203	
-0.37403123172887887	2049.0	10.215924446159732	1238.0	2122.0	-0.1126748354422869	0.0	56089.0	1711.700439453125	0.765	827.0	0.17611336032388664	-323.0	-390.0	0.39878542510121456	-11.408472243462304	308.0	67.40576808527905	-4359.0	607.0	-5.202879560209048	
-0.2693515614104661	2046.0	9.969605763715299	1258.0	2113.0	-0.08040983407473845	0.0	56729.0	1731.231689453125	0.765	827.0	0.17611336032388664	-323.0	-390.0	0.39878542510121456	-10.39914359993883	396.0	68.13255560176017	-4408.0	541.0	-6.545926246959229	
-0.30458671845647284	2033.0	10.017518630543194	1254.0	2116.0	0.0768225777154558	0.0	57369.0	1750.762939453125	0.785	835.0	0.23076923076923078	-296.0	-395.0	0.40890688259109315	-6.958250497017893	401.0	69.88752821739347	-4531.0	316.0	-6.605098939093519	
-0.3526850121665924	2032.0	9.969594021436	1258.0	2120.0	0.08743129536729506	0.0	58009.0	1770.294189453125	0.785	835.0	0.23076923076923078	-296.0	-395.0	0.40890688259109315	-6.912371922312281	446.0	71.70752146113189	-4649.0	313.0	-7.277400771271758	
-0.8064258571005778	2042.0	9.833604766132709	1270.0	2158.0	-0.040307825898954014	0.0	58649.0	1789.825439453125	0.785	835.0	0.23076923076923078	-296.0	-395.0	0.40890688259109315	-6.667686190549015	417.0	72.43155967424897	-4697.0	297.0	-6.825170363054964	
-0.3757282297516256	2057.0	10.046224643885058	1252.0	2122.0	-0.21247134363668255	0.0	59289.0	1809.356689453125	0.785	835.0	0.2793522267206478	-272.0	-375.0	0.3684210526315789	-12.096650864046492	496.0	72.32244183959695	-4675.0	652.0	-8.038475750393353	
-0.1251821956257973	2046.0	10.10082805646789	1247.0	2101.0	-0.07634369456183995	0.0	59929.0	1828.887939453125	0.785	835.0	0.2793522267206478	-272.0	-375.0	0.3684210526315789	-11.31671509405108	256.0	71.88528739022767	-4651.0	601.0	-4.360171216937067	
-0.5705618599982842	2051.0	9.610480666838258	1288.0	2138.0	-0.15084540285357914	0.0	60569.0	1848.419189453125	0.785	835.0	0.2793522267206478	-272.0	-375.0	0.3684210526315789	-0.8258143447010247	215.0	71.75163621588223	-4670.0	-85.0	-3.732383898697401	
-0.21289690448420096	2038.0	9.662690503960857	1283.0	2108.0	0.010401949468110072	0.0	61209.0	1867.950439453125	0.785	835.0	0.2793522267206478	-272.0	-375.0	0.3684210526315789	-2.6915430493959325	267.0	73.97215503867535	-4809.0	37.0	-4.508091860691963	
0.09556179726264179	2015.0	9.55617972626418	1291.0	2082.0	0.28846475466658467	0.0	61849.0	1887.481689453125	0.795	839.0	0.340080971659919	-242.0	-371.0	0.3603238866396761	-7.38645052760361	47.0	73.41866537402205	-4763.0	344.0	-1.137840352551018	
-0.3927830149798861	2030.0	9.531222311535204	1294.0	2123.0	0.10235926668331484	0.0	62489.0	1907.012939453125	0.795	839.0	0.340080971659919	-242.0	-371.0	0.3603238866396761	-5.627771830555131	173.0	74.16745433866181	-4815.0	229.0	-3.0637574038283586	
-0.7006538830974411	2035.0	9.69651645216065	1281.0	2149.0	0.0423454769592265	0.0	63129.0	1926.544189453125	0.795	839.0	0.340080971659919	-242.0	-371.0	0.3603238866396761	-7.447621960544426	145.0	77.51203644268632	-5028.0	348.0	-2.6006660403606157	
-0.6150247616622363	2032.0	9.926095262347802	1262.0	2142.0	0.08393792269057465	0.0	63769.0	1946.075439453125	0.7925	838.0	0.3785425101214575	-223.0	-344.0	0.305668016194332	-15.384615384615387	38.0	79.85870201725417	-5161.0	867.0	-0.9353396331955726	
-0.8884039301172181	2040.0	9.969130797802002	1259.0	2165.0	-0.014320700453565871	0.0	64409.0	1965.606689453125	0.7925	838.0	0.3785425101214575	-223.0	-344.0	0.305668016194332	-17.770301269307236	-50.0	78.64863840706161	-5077.0	1023.0	0.4028742926174935	
-0.7095086946873315	2035.0	10.001511483647796	1256.0	2150.0	0.04835682947307057	0.0	65049.0	1985.137939453125	0.7925	838.0	0.3785425101214575	-223.0	-344.0	0.305668016194332	-22.00642300045879	63.0	77.9433226391005	-5019.0	1300.0	-1.3381055184302317	
-0.7328282340268476	2033.0	10.050509930648577	1252.0	2152.0	0.07319998856185969	0.0	153.0	2004.669189453125	0.7925	838.0	0.3785425101214575	-223.0	-344.0	0.305668016194332	-24.346230310445023	-112.0	77.67167977391945	-4997.0	1453.0	1.344462693089816	
-0.6011671369233101	2036.0	10.121381545764221	1246.0	2141.0	0.039789453521954954	0.0	793.0	2024.200439453125	0.78	833.0	0.42105263157894735	-202.0	-303.0	0.22267206477732793	-21.21119437222817	-8.0	77.23925261553053	-4976.0	1248.0	-0.2556878789390633	
-0.827564402079661	2029.0	10.100702649176768	1248.0	2160.0	0.12144925233623272	0.0	1433.0	2043.731689453125	0.78	833.0	0.42105263157894735	-202.0	-303.0	0.22267206477732793	-13.228322373451599	-142.0	72.26981615680259	-4675.0	726.0	1.7507785666623943	
-0.9214328017396889	2037.0	10.237672206983474	1237.0	2168.0	0.026864417327091883	0.0	2073.0	2063.262939453125	0.78	833.0	0.42105263157894735	-202.0	-303.0	0.22267206477732793	-16.990365499311824	-250.0	71.12711345231935	-4592.0	972.0	3.396555774695052	
-0.9582490761534588	2027.0	10.127473337035095	1246.0	2171.0	0.14477420489483	0.0	2713.0	2082.794189453125	0.7725	830.0	0.4817813765182186	-172.0	-318.0	0.25303643724696356	-23.642758831625635	-268.0	70.77519241526566	-4552.0	1407.0	3.6692372701707634	
-0.8029256150908061	2013.0	10.183628967109868	1241.0	2158.0	0.31612525090213267	0.0	3353.0	2102.325439453125	0.7725	830.0	0.4817813765182186	-172.0	-318.0	0.25303643724696356	-27.11423765101698	-262.0	70.51505977931994	-4526.0	1634.0	3.5745690418625564	
-0.48204200823668364	2019.0	10.129132509664975	1245.0	2131.0	0.24595500119527003	0.0	3993.0	2121.856689453125	0.7725	830.0	0.4817813765182186	-172.0	-318.0	0.25303643724696356	-20.568894326349596	-175.0	69.620630736859	-4484.0	1206.0	2.230654673181081	
-0.3982354001699153	2021.0	10.176459983008465	1241.0	2124.0	0.2236432312006388	0.0	4633.0	2141.387939453125	0.7625000000000001	826.0	0.5344129554655871	-146.0	-284.0	0.18421052631578946	-9.619207829943416	-378.0	66.24458654037169	-4295.0	490.0	5.311824413815563	
-0.48093886552491577	2024.0	10.239446780841764	1236.0	2131.0	0.18793135419050178	0.0	5273.0	2160.919189453125	0.7625000000000001	826.0	0.5344129554655871	-146.0	-284.0	0.18421052631578946	-1.6975072641076618	-387.0	62.54261295691424	-4075.0	-28.0	5.412905030904113	
-0.7902737660189113	2028.0	10.258337683823159	1235.0	2157.0	0.13702305216085242	0.0	5913.0	2180.450439453125	0.7625000000000001	826.0	0.5344129554655871	-146.0	-284.0	0.18421052631578946	-1.422235815873987	-460.0	59.690352057203626	-3891.0	-46.0	6.504529728950125	
-0.24120771506648675	2005.0	10.403038017160853	1222.0	2111.0	0.42251615307207024	0.0	6553.0	2199.981689453125	0.7625000000000001	826.0	0.5344129554655871	-146.0	-284.0	0.18421052631578946	-0.8105214864658206	-546.0	57.79162498572924	-3770.0	-86.0	7.805168052834124	
-0.48084104991500526	2004.0	10.249228341832808	1235.0	2131.0	0.42909181898810855	0.0	7193.0	2219.512939453125	0.76	825.0	0.5465587044534413	-140.0	-261.0	0.13765182186234817	0.749350053525004	-237.0	58.08426029279825	-3790.0	-188.0	3.0666489555442173	
-0.3388370221183722	2028.0	10.16391683578183	1242.0	2119.0	0.13964900263903118	0.0	7833.0	2239.044189453125	0.76	825.0	0.5465587044534413	-140.0	-261.0	0.13765182186234817	-4.756078911148494	-175.0	58.867673649769856	-3826.0	172.0	2.123125102310189	
-0.20558999030171907	2032.0	10.393381922209045	1223.0	2108.0	0.09737800360140467	0.0	8473.0	2258.575439453125	0.76	825.0	0.5465587044534413	-140.0	-261.0	0.13765182186234817	-0.25997858999847073	-211.0	56.790496727670345	-3703.0	-122.0	2.654754744781691	
-0.5285411195339669	2030.0	10.241126141841411	1236.0	2135.0	0.11519976224389819	0.0	9113.0	2278.106689453125	0.76	825.0	0.5546558704453441	-136.0	-244.0	0.10323886639676114	0.6728857623489831	-150.0	55.562849640303256	-3625.0	-183.0	1.7064647707624006	
-0.7203103306550104	2038.0	10.111824077356113	1247.0	2151.0	0.014310486674307094	0.0	9753.0	2297.637939453125	0.76	825.0	0.5546558704453441	-136.0	-244.0	0.10323886639676114	-5.061936075852578	-165.0	55.620730315482426	-3614.0	192.0	1.9372108323860657	
-0.5191890639066697	2038.0	9.985855514094927	1257.0	2134.0	0.013802328076566811	0.0	10393.0	2317.169189453125	0.76	825.0	0.5546558704453441	-136.0	-244.0	0.10323886639676114	-11.729622266401591	-168.0	54.9641081577232	-3554.0	628.0	1.976678061782848	
-0.22162860940107798	2039.0	9.979996202749346	1257.0	2109.0	0.004612553623626753	0.0	11033.0	2336.700439453125	0.76	825.0	0.5546558704453441	-136.0	-244.0	0.10323886639676114	-8.27343630524545	-170.0	53.61049152936846	-3475.0	402.0	1.9938308628155506	
-0.2080171980081787	2041.0	10.15066115156308	1243.0	2108.0	-0.01593441882833821	0.0	11673.0	2356.231689453125	0.755	823.0	0.5587044534412956	-134.0	-231.0	0.07692307692307693	-0.13763572411683744	-132.0	51.41447564755757	-3353.0	-130.0	1.3887803249886954	
-0.7816471027299742	2041.0	9.930527822240682	1262.0	2156.0	-0.026073384462004162	0.0	12313.0	2375.762939453125	0.755	823.0	0.5587044534412956	-134.0	-231.0	0.07692307692307693	0.8716929194066372	-34.0	49.851071547732886	-3253.0	-196.0	-0.13061311450579227	
-0.7589334620648194	2046.0	9.820939507803779	1271.0	2154.0	-0.08827897819951239	0.0	12953.0	2395.294189453125	0.755	823.0	0.5587044534412956	-134.0	-231.0	0.07692307692307693	-5.597186114084723	-36.0	49.77111833925492	-3231.0	227.0	-0.10072367927432224	
-0.05525609468838166	2025.0	9.950581007352309	1259.0	2095.0	0.1743626736579937	0.0	13593.0	2414.825439453125	0.7625000000000001	826.0	0.5668016194331984	-130.0	-219.0	0.05263157894736842	-5.47484324820309	-241.0	46.90472127802582	-3047.0	219.0	3.0162315000289928	
-0.19798069747802174	2010.0	9.963835014102589	1258.0	2107.0	0.35392339933136796	0.0	14233.0	2434.356689453125	0.7625000000000001	826.0	0.5668016194331984	-130.0	-219.0	0.05263157894736842	0.8564000611714331	-231.0	45.007295105961646	-2940.0	-195.0	2.843812401727102	
-0.580049065661977	2032.0	9.852236290945159	1268.0	2139.0	0.0828105002225244	0.0	14873.0	2453.887939453125	0.7625000000000001	826.0	0.5668016194331984	-130.0	-219.0	0.05263157894736842	-1.6210429729316411	-145.0	45.334907806388735	-2954.0	-33.0	1.527462934132631	
-0.19931560149975763	2015.0	9.830344611929	1269.0	2107.0	0.29099927839225714	0.0	15513.0	2473.419189453125	0.7575000000000001	824.0	0.597165991902834	-115.0	-219.0	0.05263157894736842	-6.621807615843402	-306.0	46.048541121051706	-2989.0	294.0	4.00506113623737	
-0.019935165395846832	2008.0	9.911245365177221	1262.0	2092.0	0.378748447215851	0.0	16153.0	2492.950439453125	0.7575000000000001	824.0	0.597165991902834	-115.0	-219.0	0.05263157894736842	-5.734821838201561	-272.0	46.97188591076761	-3051.0	236.0	3.492582139758283	
0.17078028080329644	2036.0	9.935170937472503	1260.0	2076.0	0.043784715533386614	0.0	16793.0	2512.481689453125	0.7575000000000001	824.0	0.597165991902834	-115.0	-219.0	0.05263157894736842	-2.936228781159199	-257.0	46.72382842681994	-3042.0	53.0	3.259934310046932	
0.36195924962237574	2044.0	10.005448771761385	1254.0	2060.0	-0.04928348026131962	0.0	17433.0	2532.012939453125	0.7575000000000001	824.0	0.597165991902834	-115.0	-219.0	0.05263157894736842	4.037314574093899	-416.0	46.758894932408154	-3064.0	-403.0	5.700057876744674	
0.06547062508375767	2022.0	10.11849107980434	1245.0	2085.0	0.21507272061800872	0.0	18073.0	2551.544189453125	0.7525000000000001	822.0	0.597165991902834	-115.0	-198.0	0.010121457489878543	9.787429270530662	-636.0	48.06399135710861	-3166.0	-779.0	9.088895245779158	
0.23271090818923912	2020.0	10.175852723685818	1240.0	2071.0	0.2419887418688618	0.0	18713.0	2571.075439453125	0.7525000000000001	822.0	0.597165991902834	-115.0	-198.0	0.010121457489878543	7.325279094662793	-518.0	50.61072450534143	-3324.0	-618.0	7.303713505602747	
-0.08721554501655543	1999.0	10.326064545963506	1228.0	2098.0	0.49480576197512866	0.0	19353.0	2590.606689453125	0.7525000000000001	822.0	0.597165991902834	-115.0	-198.0	0.010121457489878543	5.444257531732681	-477.0	51.9996088729286	-3409.0	-495.0	6.688478519295498	
-0.3246341640871705	2015.0	10.393726448425804	1223.0	2118.0	0.3010137294963191	0.0	19993.0	2610.137939453125	0.76	825.0	0.6052631578947368	-111.0	-190.0	-0.006072874493927126	-1.5445786817556202	-104.0	52.98235342421886	-3451.0	-38.0	0.9748135603278107	
-0.39971870192776765	2004.0	10.028129807223236	1253.0	2124.0	0.4254810717757894	0.0	20633.0	2629.669189453125	0.76	825.0	0.6052631578947368	-111.0	-190.0	-0.006072874493927126	-10.735586481113321	-69.0	54.92415951111309	-3553.0	563.0	0.45717469316238146	
-0.17344213477175385	2012.0	10.036738903776996	1252.0	2105.0	0.3315304772097501	0.0	21273.0	2649.200439453125	0.76	825.0	0.6052631578947368	-111.0	-190.0	-0.006072874493927126	-13.947086710506195	7.0	57.0329983012427	-3681.0	773.0	-0.6879176769538153	
-0.614444154050978	2008.0	9.984156023473627	1257.0	2142.0	0.3742615704952278	0.0	21913.0	2668.731689453125	0.76	825.0	0.6052631578947368	-111.0	-190.0	-0.006072874493927126	-11.20966508640465	-82.0	55.37178607856648	-3581.0	594.0	0.6611292463925391	
-0.9114880951377513	2031.0	10.041666676701054	1253.0	2167.0	0.09533291041396888	0.0	22553.0	2688.262939453125	0.7425	818.0	0.5870445344129555	-120.0	-169.0	-0.048582995951417005	-11.072029362287813	-52.0	54.863320628046324	-3548.0	585.0	0.19571008214359037	
-0.9700548348866564	2006.0	10.137373654191494	1245.0	2172.0	0.39786620184339705	0.0	23193.0	2707.794189453125	0.7425	818.0	0.5870445344129555	-120.0	-169.0	-0.048582995951417005	-11.041443645817404	-301.0	53.178157320737306	-3441.0	583.0	3.9996348799436015	
-1.3405973791009114	2019.0	9.987881137527921	1258.0	2203.0	0.23454442004388665	0.0	23833.0	2727.325439453125	0.7425	818.0	0.5870445344129555	-120.0	-169.0	-0.048582995951417005	-15.155222511087324	-32.0	51.676705655343646	-3330.0	852.0	-0.14304574074593457	
-0.6858656001096283	2002.0	9.984868560465744	1257.0	2148.0	0.44585076340098967	0.0	24473.0	2746.856689453125	0.7325	814.0	0.6234817813765182	-102.0	-141.0	-0.10526315789473684	-19.77366569811898	-147.0	48.99834901859616	-3145.0	1154.0	1.5947863135709548	
-0.9348449689037528	1998.0	10.0869316810533	1249.0	2169.0	0.4935950032091369	0.0	25113.0	2766.387939453125	0.7325	814.0	0.6234817813765182	-102.0	-141.0	-0.10526315789473684	-12.4942651781618	-145.0	46.831062252203665	-3023.0	678.0	1.54242447859078	
-1.209429913025766	2017.0	10.009389649804373	1256.0	2192.0	0.26038265049233583	0.0	25753.0	2785.919189453125	0.7325	814.0	0.6234817813765182	-102.0	-141.0	-0.10526315789473684	-4.434928888209207	-120.0	44.14392730675744	-2869.0	151.0	1.131941037683195	
-1.4719216732665408	1992.0	9.950689816203063	1261.0	2214.0	0.5577885554950103	0.0	26393.0	2805.450439453125	0.7325	814.0	0.6214574898785425	-103.0	-123.0	-0.1417004048582996	2.936228781159199	-323.0	39.20375105034627	-2569.0	-331.0	4.197469457718439	
-1.7938891534510193	1997.0	9.896798940612348	1266.0	2241.0	0.49325009932592956	0.0	27033.0	2824.981689453125	0.7325	814.0	0.6214574898785425	-103.0	-123.0	-0.1417004048582996	3.410307386450528	-221.0	35.03226698009566	-2298.0	-362.0	2.590617283887193	
-1.5432248299975306	1983.0	9.963231285961228	1260.0	2220.0	0.6657600882626227	0.0	27673.0	2844.512939453125	0.7325	814.0	0.6214574898785425	-103.0	-123.0	-0.1417004048582996	-0.061171432940816645	-352.0	31.92106371380054	-2088.0	-135.0	4.569632610438604	
-1.4124182535870577	1985.0	9.948650831770417	1261.0	2209.0	0.6426801594007425	0.0	28313.0	2864.044189453125	0.7325	814.0	0.6214574898785425	-103.0	-123.0	-0.1417004048582996	0.015292858235204161	-338.0	28.5363970818757	-1868.0	-140.0	4.320963172905606	
-1.4239669599471847	1975.0	9.984256386233913	1258.0	2210.0	0.7637587111372546	0.0	28953.0	2883.575439453125	0.735	815.0	0.611336032388664	-108.0	-116.0	-0.15587044534412955	5.0466432176173734	-418.0	24.00090909274769	-1587.0	-469.0	5.50316698566432	
-1.5201695690491148	1968.0	9.887804999850406	1266.0	2218.0	0.8452050067161555	0.0	29593.0	2903.106689453125	0.735	815.0	0.611336032388664	-108.0	-116.0	-0.15587044534412955	8.808686343477596	-430.0	20.634032700393067	-1378.0	-715.0	5.653632025638273	
-1.577213263941006	1993.0	10.135816463042255	1246.0	2223.0	0.5483899797539652	0.0	30233.0	2922.637939453125	0.735	815.0	0.611336032388664	-108.0	-116.0	-0.15587044534412955	9.053372075240864	-272.0	17.7876758984122	-1192.0	-731.0	3.200740039634728	
-1.2788127407784085	1983.0	10.213964017397245	1239.0	2198.0	0.6734188637835343	0.0	30873.0	2942.169189453125	0.74	817.0	0.582995951417004	-122.0	-119.0	-0.14979757085020243	11.194372228169446	-363.0	14.258183860062505	-969.0	-871.0	4.561793132140599	
-1.3730516647938151	1987.0	10.3138811396661	1231.0	2206.0	0.6262820459044199	0.0	31513.0	2961.700439453125	0.74	817.0	0.582995951417004	-122.0	-119.0	-0.14979757085020243	17.143294081663864	-321.0	10.96593336603594	-770.0	-1260.0	3.884402313559086	
-1.4693713588870676	1984.0	10.205721254150369	1240.0	2214.0	0.6593002295664259	0.0	32153.0	2981.231689453125	0.74	817.0	0.582995951417004	-122.0	-119.0	-0.14979757085020243	15.797522556965898	-318.0	9.605193738095997	-678.0	-1172.0	3.824761466305312	
-1.3502281651553676	1982.0	10.215278722558478	1239.0	2204.0	0.6847791964140737	0.0	32793.0	3000.762939453125	0.74	817.0	0.582995951417004	-122.0	-119.0	-0.14979757085020243	12.142529438752105	-225.0	9.258084330369408	-645.0	-933.0	2.39425339202243	
-1.360785996449696	1985.0	10.349971783601834	1228.0	2205.0	0.6512229010087445	0.0	33433.0	3020.294189453125	0.75	821.0	0.5647773279352227	-131.0	-122.0	-0.1437246963562753	5.444257531732681	-130.0	8.06401598002089	-549.0	-495.0	0.9245867609970788	
-1.2310584760242262	2002.0	10.22748573091071	1238.0	2194.0	0.445251178050743	0.0	34073.0	3039.825439453125	0.75	821.0	0.5647773279352227	-131.0	-122.0	-0.1437246963562753	-3.4561859611561405	-28.0	8.158795135226045	-531.0	87.0	-0.6396027805796102	
-1.0019540683979185	2030.0	10.518878874493875	1214.0	2175.0	0.11602068740830797	0.0	34713.0	3059.356689453125	0.75	821.0	0.5647773279352227	-131.0	-122.0	-0.1437246963562753	-4.389050313503594	24.0	7.6196173009836885	-493.0	148.0	-1.4429077091445288	
-0.9677230341174307	2019.0	10.37055373111406	1226.0	2172.0	0.24592661536544425	0.0	35353.0	3078.887939453125	0.7375	816.0	0.582995951417004	-122.0	-115.0	-0.15789473684210525	-0.6728857623489831	-74.0	4.995035761540573	-333.0	-95.0	0.03460587395728082	
-0.992031039850069	2006.0	10.32070553880263	1230.0	2174.0	0.40131307748598566	0.0	35993.0	3098.419189453125	0.7375	816.0	0.582995951417004	-122.0	-115.0	-0.15789473684210525	4.29729316409237	-32.0	1.142083348281362	-95.0	-420.0	-0.6483919638165574	
-0.7416950889801204	2023.0	10.354300625797489	1227.0	2153.0	0.19966906162614856	0.0	36633.0	3117.950439453125	0.7375	816.0	0.582995951417004	-122.0	-115.0	-0.15789473684210525	7.967579140541368	169.0	-2.1269197996902953	110.0	-660.0	-3.76532321057938	
-0.7284481802609084	2026.0	10.48851530724249	1216.0	2152.0	0.16634124602898767	0.0	37273.0	3137.481689453125	0.7575000000000001	824.0	0.5748987854251012	-126.0	-118.0	-0.15182186234817813	10.597950756996484	144.0	-1.759157846030002	79.0	-832.0	-3.378033499589655	
-0.823401657587631	2044.0	10.516977098379764	1214.0	2160.0	-0.05090652280105215	0.0	37913.0	3157.012939453125	0.7575000000000001	824.0	0.5748987854251012	-126.0	-118.0	-0.15182186234817813	11.714329408166387	243.0	0.02630486887811556	-39.0	-905.0	-4.879282754594938	
-0.6099096808672313	2028.0	10.437603341848298	1220.0	2142.0	0.14241200617287197	0.0	38553.0	3176.544189453125	0.7575000000000001	824.0	0.5748987854251012	-126.0	-118.0	-0.15182186234817813	12.096650864046492	202.0	2.00421533631864	-169.0	-930.0	-4.230379819937412	
-0.5285495498883346	2023.0	10.240283106404645	1236.0	2135.0	0.19952016662920954	0.0	39193.0	3196.075439453125	0.7575000000000001	824.0	0.5748987854251012	-126.0	-118.0	-0.15182186234817813	18.167915583422545	347.0	0.5993215740955061	-92.0	-1327.0	-6.469378887987755	
-0.44218660576040203	2022.0	10.543244185864559	1211.0	2128.0	0.2184912104307715	0.0	39833.0	3215.606689453125	0.755	823.0	0.5728744939271255	-127.0	-118.0	-0.15182186234817813	26.16608044043432	544.0	0.2481297362661763	-88.0	-1850.0	-9.495754087016655	
-0.8228355020124315	2008.0	10.573592655899704	1209.0	2160.0	0.3839663896641349	0.0	40473.0	3235.137939453125	0.755	823.0	0.5728744939271255	-127.0	-118.0	-0.15182186234817813	29.010552072182293	630.0	3.1006536604289234	-280.0	-2036.0	-10.78685444237377	
-1.6141165149376417	2012.0	10.016919934807246	1256.0	2226.0	0.31672735402869623	0.0	41113.0	3254.669189453125	0.755	823.0	0.5728744939271255	-127.0	-118.0	-0.15182186234817813	27.05306621807616	938.0	10.624323450863676	-761.0	-1908.0	-15.437718711171893	
