Device	Device	Device	Device	Device	Device	Device	Device	Device	Device	Device	Device	Device	Device	Device	Device	Device	Device	Device	Device	Device	
Low Noise Accelerometer X	Low Noise Accelerometer X	Low Noise Accelerometer Z	Low Noise Accelerometer Z	Low Noise Accelerometer Y	Low Noise Accelerometer Y	Event_Marker	Timestamp	Timestamp	Magnetometer Z	Magnetometer Z	Magnetometer X	Magnetometer X	Magnetometer Y	Magnetometer Y	Gyroscope Y	Gyroscope Y	Gyroscope Z	Gyroscope Z	Gyroscope X	Gyroscope X	
UNCAL	CAL	CAL	UNCAL	CAL	UNCAL	CAL	UNCAL	CAL	UNCAL	CAL	CAL	UNCAL	UNCAL	CAL	UNCAL	CAL	CAL	UNCAL	CAL	UNCAL	
no units	m/(s^2)	m/(s^2)	no units	m/(s^2)	no units	no units	no units	ms	no units	local_flux	local_flux	no units	no units	local_flux	no units	deg/s	deg/s	no units	deg/s	no units	
2062.0	9.719329327832114	0.5043613546398815	2018.0	-0.3625989977011703	1266.0	0.0	56320.0	1718.75	697.0	0.44	0.8987854251012146	34.0	-326.0	0.2692307692307692	-4023.0	-7.93699342407096	16.338256740920674	-1091.0	60.74340404968633	380.0	
2062.0	9.839572051266567	0.6238717933233076	2008.0	-0.3590063616931573	1256.0	0.0	56960.0	1738.28125	697.0	0.44	0.8987854251012146	34.0	-326.0	0.2692307692307692	-4184.0	-3.7773359840954277	14.855205223461713	-1007.0	63.19903540346985	108.0	
2060.0	9.8169839259471	0.746011642329201	1998.0	-0.33269306042406543	1258.0	0.0	57600.0	1757.8125	697.0	0.44	0.8987854251012146	34.0	-326.0	0.2692307692307692	-4292.0	-1.5904572564612327	14.351269954528002	-981.0	64.85120028585801	-35.0	
2056.0	9.819295252998577	0.9771443474767642	1979.0	-0.27985452196626204	1258.0	0.0	58240.0	1777.34375	697.0	0.44	0.8987854251012146	34.0	-326.0	0.2692307692307692	-4356.0	-2.186878727634195	15.118959770206713	-1030.0	65.8409241381348	4.0	
2053.0	9.819657346999586	1.0133537475778498	1976.0	-0.24298213471097724	1258.0	0.0	58880.0	1796.875	697.0	0.44	0.8987854251012146	34.0	-326.0	0.2692307692307692	-4372.0	-3.3644288117449155	16.071064129952298	-1089.0	66.09595692026225	81.0	
2055.0	9.928000109099948	1.1333442433280991	1966.0	-0.2635952827171373	1249.0	0.0	59520.0	1816.40625	697.0	0.44	0.8987854251012146	34.0	-326.0	0.2692307692307692	-4402.0	-0.8716929194066372	15.982142490210089	-1090.0	66.55540221360857	-82.0	
2049.0	9.797920129364174	1.2205843649887278	1959.0	-0.1908621234547765	1260.0	0.0	60160.0	1835.9375	697.0	0.44	0.8987854251012146	34.0	-326.0	0.2692307692307692	-4412.0	0.565835754702554	15.369407208555746	-1054.0	66.70271969737327	-176.0	
2046.0	9.811525519075381	1.390647145633344	1945.0	-0.15118023563151906	1259.0	0.0	60800.0	1855.46875	697.0	0.44	0.8987854251012146	34.0	-326.0	0.2692307692307692	-4439.0	-0.8564000611714331	15.975853945781617	-1090.0	67.12308522351489	-83.0	
2057.0	9.919147706182732	1.4385801420828939	1941.0	-0.28167547431338225	1250.0	0.0	61440.0	1875.0	697.0	0.44	0.8987854251012146	34.0	-326.0	0.2692307692307692	-4446.0	0.29056430646887904	16.57489580619495	-1132.0	67.23648702772591	-158.0	
2055.0	9.798902574075605	1.3188288361318206	1951.0	-0.26117656621130636	1260.0	0.0	62080.0	1894.53125	697.0	0.44	0.8987854251012146	34.0	-326.0	0.2692307692307692	-4442.0	2.660957332925524	16.634510391872308	-1142.0	67.1757052389502	-313.0	
2043.0	9.619011646234565	1.1868789091708727	1962.0	-0.12103616077592359	1275.0	0.0	62720.0	1914.0625	697.0	0.44	0.8987854251012146	34.0	-326.0	0.2692307692307692	-4383.0	4.11377886526992	15.862562273163713	-1095.0	66.26266122193373	-408.0	
2048.0	9.488944914198512	1.2754438008035618	1955.0	-0.18080649411905209	1286.0	0.0	63360.0	1933.59375	697.0	0.44	0.8987854251012146	34.0	-326.0	0.2692307692307692	-4359.0	-1.1928429423459246	15.89391969918625	-1083.0	65.89470718839897	-61.0	
2063.0	9.63276663801823	1.3719018970609527	1947.0	-0.3581620065219721	1274.0	0.0	64000.0	1953.125	697.0	0.44	0.8987854251012146	34.0	-326.0	0.2692307692307692	-4366.0	-4.618443187031657	15.968333158232557	-1079.0	66.0028627085963	163.0	
2061.0	9.811909291130481	1.4290243511432559	1942.0	-0.3311317453670349	1259.0	0.0	64640.0	1972.65625	697.0	0.44	0.8987854251012146	34.0	-326.0	0.2692307692307692	-4434.0	-2.0339501452821533	14.962449340739159	-1021.0	67.03622875917385	-6.0	
2048.0	9.754088417437686	1.5993179342446928	1928.0	-0.1716775764178377	1264.0	0.0	65280.0	1992.1875	697.0	0.44	0.8987854251012146	34.0	-326.0	0.2692307692307692	-4462.0	0.9022786358770455	14.917619461480376	-1026.0	67.46542600280877	-198.0	
2052.0	9.612361915731872	1.7123820493777722	1919.0	-0.21902633021657159	1276.0	0.0	384.0	2011.71875	697.0	0.44	0.8987854251012146	34.0	-326.0	0.2692307692307692	-4477.0	0.9175714941122497	16.022117544498606	-1098.0	67.70663823851082	-199.0	
2055.0	9.744266817508759	1.8076341318284552	1911.0	-0.25194681786304207	1265.0	0.0	1024.0	2031.25	630.0	0.2725	0.951417004048583	60.0	-373.0	0.3643724696356275	-4476.0	2.492735892338278	16.313027046806017	-1121.0	67.69420284987577	-302.0	
2039.0	9.602394326739507	1.9060993406175417	1903.0	-0.05862515425760346	1277.0	0.0	1664.0	2050.78125	630.0	0.2725	0.951417004048583	60.0	-373.0	0.3643724696356275	-4507.0	3.5632359688025694	16.926825576006348	-1164.0	68.17601982856964	-372.0	
2042.0	9.376009104946542	1.8866247803683238	1905.0	-0.09742307599377052	1296.0	0.0	2304.0	2070.3125	630.0	0.2725	0.951417004048583	60.0	-373.0	0.3643724696356275	-4457.0	3.5479431105673656	17.565717847213964	-1205.0	67.41518456837548	-371.0	
2054.0	9.459462049366666	1.8985858890474934	1904.0	-0.24092763762899794	1289.0	0.0	2944.0	2089.84375	620.0	0.2475	0.9493927125506073	59.0	-371.0	0.3603238866396761	-4411.0	2.492735892338278	17.23046190190072	-1180.0	66.70598576064859	-302.0	
2056.0	9.354293565365214	2.0960232031880284	1888.0	-0.2621269617283704	1298.0	0.0	3584.0	2109.375	620.0	0.2475	0.9493927125506073	59.0	-371.0	0.3603238866396761	-4388.0	1.6822144058724577	16.343565749128782	-1120.0	66.34419367498401	-249.0	
2059.0	9.284345786373711	2.2441024468947828	1876.0	-0.29600943295740334	1304.0	0.0	4224.0	2128.90625	620.0	0.2475	0.9493927125506073	59.0	-371.0	0.3603238866396761	-4306.0	-0.9328643523474538	16.445358947852583	-1119.0	65.086963947005	-78.0	
2066.0	9.463864985523031	2.338879504684056	1868.0	-0.37665604920771506	1289.0	0.0	4864.0	2148.4375	611.0	0.225	0.9473684210526316	58.0	-365.0	0.3481781376518219	-4243.0	-1.4528215323443954	16.506582635157923	-1121.0	64.12087371341619	-44.0	
2066.0	9.475157843846425	2.277689146547285	1873.0	-0.3777669277872165	1288.0	0.0	5504.0	2167.96875	611.0	0.225	0.9473684210526316	58.0	-365.0	0.3481781376518219	-4149.0	1.2234286588163328	15.075843863050874	-1034.0	62.66418486183137	-219.0	
2062.0	9.320544118749735	2.2925071130688006	1872.0	-0.33082393462341575	1301.0	0.0	6144.0	2187.5	611.0	0.225	0.9473684210526316	58.0	-365.0	0.3481781376518219	-4097.0	1.8504358464597035	14.151282478983342	-975.0	61.857026097768205	-260.0	
2070.0	9.36999176851765	2.4753673279554675	1857.0	-0.4230577959966779	1297.0	0.0	6784.0	2207.03125	611.0	0.225	0.9473684210526316	58.0	-365.0	0.3481781376518219	-4087.0	1.437528674109191	13.907859325517144	-958.0	61.70114702965229	-233.0	
2065.0	9.622129759038286	2.689166380018987	1839.0	-0.35601947119477956	1276.0	0.0	7424.0	2226.5625	594.0	0.1825	0.9473684210526316	58.0	-370.0	0.3582995951417004	-4070.0	2.2174644441046034	13.463994123570153	-931.0	61.43585215544471	-284.0	
2064.0	9.468251060970662	2.7774870494470862	1832.0	-0.3437436520158095	1289.0	0.0	8064.0	2246.09375	594.0	0.1825	0.9473684210526316	58.0	-370.0	0.3582995951417004	-3935.0	1.2540143752867412	14.446083903370575	-991.0	59.374167759395846	-221.0	
2076.0	9.45733836169335	2.8766933121922973	1824.0	-0.48644696700669027	1290.0	0.0	8704.0	2265.625	594.0	0.1825	0.9473684210526316	58.0	-370.0	0.3582995951417004	-3785.0	2.3398073099862366	14.979376542058244	-1027.0	57.07782813706398	-292.0	
2077.0	9.638678869874772	3.153601273191411	1801.0	-0.49114359547597825	1275.0	0.0	9344.0	2285.15625	584.0	0.1575	0.9635627530364372	66.0	-392.0	0.402834008097166	-3660.0	0.9022786358770455	14.625390723403099	-999.0	55.156227821611814	-198.0	
2065.0	9.38773942900314	3.059657186028077	1809.0	-0.35095355837494924	1296.0	0.0	9984.0	2304.6875	584.0	0.1575	0.9635627530364372	66.0	-392.0	0.402834008097166	-3455.0	0.9940357852882705	14.745458115495317	-1005.0	52.01180934561714	-204.0	
2083.0	9.350469266660138	2.904069523156687	1822.0	-0.5713054831353251	1299.0	0.0	10624.0	2324.21875	584.0	0.1575	0.9635627530364372	66.0	-392.0	0.402834008097166	-3228.0	-1.0705000764642914	15.001286185025492	-1014.0	48.53116983591808	-69.0	
2087.0	9.36298596569564	2.9652632362304	1817.0	-0.6181492129678332	1298.0	0.0	11264.0	2343.75	584.0	0.1575	0.9635627530364372	66.0	-392.0	0.402834008097166	-3138.0	1.131671509405108	12.97366651048254	-887.0	47.12989010994141	-213.0	
2089.0	9.218819008583646	2.8342818107454546	1828.0	-0.6463068965908206	1310.0	0.0	11904.0	2363.28125	576.0	0.1375	0.9635627530364372	66.0	-383.0	0.38461538461538464	-2981.0	2.27863587704542	10.5678707775515	-732.0	44.69674821828649	-288.0	
2093.0	9.085581611457698	2.60578019338883	1847.0	-0.7004020739935499	1321.0	0.0	12544.0	2382.8125	576.0	0.1375	0.9635627530364372	66.0	-383.0	0.38461538461538464	-2868.0	2.1562930111637866	9.25197969485225	-645.0	42.949662654091384	-280.0	
2103.0	9.226715462188869	2.4334509807916884	1861.0	-0.8229192474490244	1309.0	0.0	13184.0	2402.34375	576.0	0.1375	0.9635627530364372	66.0	-383.0	0.38461538461538464	-2804.0	1.0093286435234747	7.385084318038375	-520.0	41.94894674620325	-205.0	
2103.0	9.080961366027424	2.143755650361351	1885.0	-0.8301706950192457	1321.0	0.0	13824.0	2421.875	565.0	0.11	0.9777327935222672	73.0	-383.0	0.38461538461538464	-2766.0	-3.135035938216853	6.110885829776929	-426.0	41.353114382311894	66.0	
2116.0	9.04197854928928	1.8169025479755794	1912.0	-0.9937240912584389	1324.0	0.0	14464.0	2441.40625	565.0	0.11	0.9777327935222672	73.0	-383.0	0.38461538461538464	-2742.0	-3.9455574246826735	4.670437517205221	-330.0	40.97044229139118	119.0	
2121.0	9.31378864373988	1.6169596120833427	1928.0	-1.055245812887199	1301.0	0.0	15104.0	2460.9375	565.0	0.11	0.9777327935222672	73.0	-383.0	0.38461538461538464	-2814.0	-0.8716929194066372	2.2908645288802663	-184.0	42.051449384892926	-82.0	
2118.0	9.336858356724356	1.542978529578406	1934.0	-1.0203501590942003	1299.0	0.0	15744.0	2480.46875	558.0	0.0925	0.9878542510121457	78.0	-394.0	0.4068825910931174	-2896.0	3.257378804098486	-0.4708224606048609	-16.0	43.28208017496431	-352.0	
2116.0	9.288515054004547	1.4705530195023508	1940.0	-0.9981857167807509	1303.0	0.0	16384.0	2500.0	558.0	0.0925	0.9878542510121457	78.0	-394.0	0.4068825910931174	-2951.0	4.679614619972473	-1.7819824029253004	65.0	44.11291517673798	-445.0	
2122.0	9.345596083322924	1.226274998959035	1960.0	-1.0747896235249395	1298.0	0.0	17024.0	2519.53125	558.0	0.0925	0.9878542510121457	78.0	-394.0	0.4068825910931174	-3016.0	1.9421929958709285	-1.0210988386496083	22.0	45.11791545015885	-266.0	
2115.0	9.570147952720411	1.0624143196601754	1973.0	-0.9914839690193514	1279.0	0.0	17664.0	2539.0625	558.0	0.0925	0.9878542510121457	78.0	-394.0	0.4068825910931174	-3170.0	0.36702859764489987	-0.9817267047674677	22.0	47.48135965484891	-163.0	
2104.0	9.692084061168597	1.3512632597168048	1949.0	-0.8519575086518092	1269.0	0.0	18304.0	2558.59375	550.0	0.0725	0.979757085020243	74.0	-398.0	0.4149797570850203	-3439.0	-1.3151858082275578	-0.20206256063277817	-27.0	51.61682240032586	-53.0	
2092.0	9.715264837462701	1.2883885081749737	1954.0	-0.7084048826666928	1267.0	0.0	18944.0	2578.125	550.0	0.0725	0.979757085020243	74.0	-398.0	0.4149797570850203	-3631.0	-1.238721517051537	1.9648623571293395	-170.0	54.58463251186346	-58.0	
2096.0	9.690123989091088	1.1552560519659139	1965.0	-0.7595117113589275	1269.0	0.0	19584.0	2597.65625	550.0	0.0725	0.979757085020243	74.0	-398.0	0.4149797570850203	-3809.0	0.5352500382321457	4.250610316352586	-325.0	57.33880808260192	-174.0	
2092.0	9.800288060223545	1.457377450926004	1940.0	-0.7041748715840637	1260.0	0.0	20224.0	2617.1875	536.0	0.0375	0.9716599190283401	70.0	-366.0	0.3502024291497976	-4055.0	-0.21410001529285827	5.550198085124613	-410.0	61.12654694018837	-125.0	
2080.0	9.742590293203763	1.6399817013287834	1925.0	-0.5565214509931938	1265.0	0.0	20864.0	2636.71875	536.0	0.0375	0.9716599190283401	70.0	-366.0	0.3502024291497976	-4221.0	-1.131671509405108	6.822646265751082	-492.0	63.68645570924337	-65.0	
2080.0	9.790687382577545	1.6877858768021539	1921.0	-0.5550843965899886	1261.0	0.0	21504.0	2656.25	536.0	0.0375	0.9716599190283401	70.0	-366.0	0.3502024291497976	-4307.0	-5.168986083499006	9.35493794074333	-647.0	65.03140422059202	199.0	
2086.0	9.634257165794109	1.5209546746491234	1935.0	-0.6322744794273896	1274.0	0.0	22144.0	2675.78125	536.0	0.0375	0.9716599190283401	70.0	-366.0	0.3502024291497976	-4363.0	-8.732222052301577	11.45759206048764	-775.0	65.91172184664447	432.0	
2089.0	9.837941994621644	1.6513423193073056	1924.0	-0.6637744565592036	1257.0	0.0	22784.0	2695.3125	519.0	-0.005	1.0060728744939271	87.0	-385.0	0.38866396761133604	-4511.0	-10.674415048172504	11.604848712152005	-781.0	68.18417799456358	559.0	
2076.0	9.767243532228678	1.724353222867768	1918.0	-0.5063947170878277	1263.0	0.0	23424.0	2714.84375	519.0	-0.005	1.0060728744939271	87.0	-385.0	0.38866396761133604	-4676.0	-6.117143294081664	10.0129962295699	-691.0	70.70009927332839	261.0	
2064.0	9.7555705148592	1.7475276763960979	1916.0	-0.36146964493794387	1264.0	0.0	24064.0	2734.375	519.0	-0.005	1.0060728744939271	87.0	-385.0	0.38866396761133604	-4791.0	-4.220828872916348	8.781334245240641	-617.0	72.45239827416945	137.0	
2058.0	9.731270939480929	1.698522519521433	1920.0	-0.2904035872027138	1266.0	0.0	24704.0	2753.90625	505.0	-0.04	1.0020242914979758	85.0	-373.0	0.3643724696356275	-4895.0	-5.0007646429117605	9.073424683918304	-635.0	74.05114547900122	188.0	
2065.0	9.909936822273524	1.7079679416380737	1919.0	-0.37276536933004545	1251.0	0.0	25344.0	2773.4375	505.0	-0.04	1.0020242914979758	85.0	-373.0	0.3643724696356275	-4983.0	-5.199571799969415	9.929194185179405	-691.0	75.41001773592883	201.0	
2049.0	9.848820972481482	1.5487639148150314	1932.0	-0.1837895240270773	1256.0	0.0	25984.0	2792.96875	505.0	-0.04	1.0020242914979758	85.0	-373.0	0.3643724696356275	-5119.0	-2.2174644441046034	9.865958961116103	-696.0	77.49623516119318	6.0	
2034.0	9.707071588385245	1.6595397909054608	1923.0	-0.0022686087799660415	1268.0	0.0	26624.0	2812.5	487.0	-0.085	1.0020242914979758	85.0	-371.0	0.3603238866396761	-5265.0	1.0857929346994954	9.065451317426394	-654.0	79.72852469884253	-210.0	
2035.0	9.803998385489198	1.828409977491138	1909.0	-0.009970129848297309	1260.0	0.0	27264.0	2832.03125	487.0	-0.085	1.0020242914979758	85.0	-371.0	0.3603238866396761	-5397.0	-1.4834072488148036	10.05541829384303	-713.0	81.76389621147919	-42.0	
2014.0	9.814778343402788	1.715929578373995	1918.0	0.24090010994126682	1259.0	0.0	27904.0	2851.5625	487.0	-0.085	1.0020242914979758	85.0	-371.0	0.3603238866396761	-5512.0	-3.027985930570424	11.822190482783656	-825.0	83.54617955405294	59.0	
2014.0	9.849997844076396	1.666451074306391	1922.0	0.2402627348666508	1256.0	0.0	28544.0	2871.09375	487.0	-0.085	1.0020242914979758	85.0	-371.0	0.3603238866396761	-5643.0	-4.939593209970944	14.062608800175543	-967.0	85.57871109644122	184.0	
2019.0	9.876490457178482	1.9347600035625712	1900.0	0.18565287572737363	1254.0	0.0	29184.0	2890.625	470.0	-0.1275	1.0101214574898785	89.0	-382.0	0.3825910931174089	-5799.0	-2.0645358617525615	15.261804845112101	-1054.0	87.98444250755809	-4.0	
1993.0	9.759385881752792	2.1290643657552195	1884.0	0.5016209292651624	1264.0	0.0	29824.0	2910.15625	470.0	-0.1275	1.0101214574898785	89.0	-382.0	0.3825910931174089	-5974.0	0.48937146352653316	16.363265470419645	-1134.0	90.68074175398301	-171.0	
1967.0	9.784622137061639	2.2717375156876773	1872.0	0.8179797668650928	1262.0	0.0	30464.0	2929.6875	470.0	-0.1275	1.0101214574898785	89.0	-382.0	0.3825910931174089	-6076.0	-0.5046643217617374	18.648337607349877	-1281.0	92.26872980848107	-106.0	
1980.0	9.473225735871209	2.084478349025666	1888.0	0.654494113495852	1288.0	0.0	31104.0	2949.21875	447.0	-0.185	1.0182186234817814	93.0	-371.0	0.3603238866396761	-6003.0	-6.086557577611256	22.57416196056784	-1521.0	91.18784074497012	259.0	
1995.0	9.689802605434975	2.3135938768307067	1869.0	0.4805193011813253	1270.0	0.0	31744.0	2968.75	447.0	-0.185	1.0182186234817814	93.0	-371.0	0.3603238866396761	-6024.0	-9.940357852882705	24.586142547011065	-1642.0	91.53019470765517	511.0	
1986.0	9.905741059243244	2.478867829086385	1855.0	0.5944178997042806	1252.0	0.0	32384.0	2988.28125	447.0	-0.185	1.0182186234817814	93.0	-371.0	0.3603238866396761	-6274.0	-7.264107661721977	23.90242099140734	-1607.0	95.35947840663037	336.0	
1970.0	9.715040065080162	2.4563874603969884	1857.0	0.7848323667262112	1268.0	0.0	33024.0	3007.8125	447.0	-0.185	1.0182186234817814	93.0	-371.0	0.3603238866396761	-6275.0	-1.1622572258755162	22.273953976207597	-1517.0	95.3585382201365	-63.0	
1979.0	9.584246736369408	2.472292684559859	1856.0	0.6754088029826021	1279.0	0.0	33664.0	3027.34375	429.0	-0.23	1.0465587044534412	107.0	-358.0	0.3340080971659919	-6284.0	2.4468573176326656	21.620659507186968	-1484.0	95.4901056283694	-299.0	
1981.0	9.548054425675073	2.4244901865549595	1860.0	0.6499944443733922	1282.0	0.0	34304.0	3046.875	429.0	-0.23	1.0465587044534412	107.0	-358.0	0.3340080971659919	-6303.0	4.526686037620432	20.980853927198083	-1448.0	95.7752527620739	-435.0	
1970.0	9.632698693726171	2.5555836583313725	1849.0	0.785992876971359	1275.0	0.0	34944.0	3066.40625	429.0	-0.23	1.0465587044534412	107.0	-358.0	0.3340080971659919	-6316.0	5.123107508793394	20.170588618882306	-1397.0	95.96662839654635	-474.0	
1963.0	9.632324556361777	2.5181699218920506	1852.0	0.869578210266519	1275.0	0.0	35584.0	3085.9375	408.0	-0.28250000000000003	1.0526315789473684	110.0	-312.0	0.2408906882591093	-6521.0	4.159657439975532	20.516045359927073	-1419.0	99.11570211387242	-411.0	
1958.0	9.597099034006478	2.567046257790536	1848.0	0.9304444456163575	1278.0	0.0	36224.0	3105.46875	408.0	-0.28250000000000003	1.0526315789473684	110.0	-312.0	0.2408906882591093	-6505.0	4.664321761737269	21.574965434369545	-1489.0	98.88077957608684	-444.0	
1956.0	9.271709858040726	2.170985804072526	1881.0	0.9433657303245083	1305.0	0.0	36864.0	3125.0	408.0	-0.28250000000000003	1.0526315789473684	110.0	-312.0	0.2408906882591093	-6521.0	1.5904572564612327	23.78722951911784	-1625.0	99.1484139554643	-243.0	
1981.0	9.293472366739243	1.966284292971945	1898.0	0.6382845059123736	1303.0	0.0	37504.0	3144.53125	397.0	-0.31	1.062753036437247	115.0	-312.0	0.2408906882591093	-6302.0	-2.171585869398991	24.955662748666953	-1689.0	95.79965636663046	3.0	
1976.0	9.65602305041104	2.507066945865887	1853.0	0.712966629662392	1273.0	0.0	38144.0	3164.0625	397.0	-0.31	1.062753036437247	115.0	-312.0	0.2408906882591093	-6666.0	-0.8564000611714331	23.20147618380656	-1582.0	101.36750655253931	-83.0	
1954.0	9.41733964319282	2.4482500335676964	1858.0	0.9744636983081014	1293.0	0.0	38784.0	3183.59375	397.0	-0.31	1.062753036437247	115.0	-312.0	0.2408906882591093	-6925.0	7.46291481877963	20.383465604310793	-1423.0	105.3135477141987	-627.0	
1940.0	9.107739259971385	2.4405926638052287	1859.0	1.1398892458758185	1319.0	0.0	39424.0	3203.125	397.0	-0.31	1.062753036437247	115.0	-312.0	0.2408906882591093	-7036.0	10.001529285823521	19.772717759239846	-1391.0	107.01067792179987	-793.0	
1961.0	9.322982429849752	2.536338223070504	1851.0	0.8909445405671365	1301.0	0.0	40064.0	3222.65625	386.0	-0.3375	1.0789473684210527	123.0	-278.0	0.17206477732793524	-7093.0	8.762807768771985	21.351587265764817	-1491.0	107.90110218537822	-712.0	
1941.0	9.336811150516562	2.728734099275156	1835.0	1.1358946007195843	1300.0	0.0	40704.0	3242.1875	386.0	-0.3375	1.0789473684210527	123.0	-278.0	0.17206477732793524	-7153.0	8.716929194066372	21.34421645563918	-1491.0	108.82169749676447	-709.0	
1931.0	9.205141623058656	2.6570194487227448	1841.0	1.2536255401448004	1311.0	0.0	41344.0	3261.71875	386.0	-0.3375	1.0789473684210527	123.0	-278.0	0.17206477732793524	-7167.0	5.8112861293775815	21.38137898983724	-1486.0	109.0368918933202	-519.0	
1928.0	9.107115296251951	2.3781962918617503	1864.0	1.2832133920527664	1319.0	0.0	41984.0	3281.25	374.0	-0.3675	1.0931174089068827	130.0	-245.0	0.10526315789473684	-7125.0	2.3398073099862366	22.08037388611201	-1522.0	108.39941352864172	-292.0	
1941.0	9.37942263473996	2.2279777597101784	1876.0	1.1263055887705187	1296.0	0.0	42624.0	3300.78125	374.0	-0.3675	1.0931174089068827	130.0	-245.0	0.10526315789473684	-7112.0	0.948157210582658	21.90731824525599	-1507.0	108.19820468467753	-201.0	
1913.0	9.490776825167051	2.649111088133689	1841.0	1.4731911948336212	1287.0	0.0	43264.0	3320.3125	374.0	-0.3675	1.0931174089068827	130.0	-245.0	0.10526315789473684	-7389.0	4.878421777030128	19.26209039296919	-1348.0	112.42217437945524	-458.0	
1900.0	9.39615172042387	2.710410137624985	1836.0	1.630097430800112	1295.0	0.0	43904.0	3339.84375	374.0	-0.3675	1.0931174089068827	130.0	-245.0	0.10526315789473684	-7618.0	8.839272059948005	17.02290233120488	-1215.0	115.9136692565482	-717.0	
1865.0	9.848521531245972	2.7092959817399778	1835.0	2.0562855927785844	1257.0	0.0	44544.0	3359.375	373.0	-0.37	1.0789473684210527	123.0	-218.0	0.05060728744939271	-7830.0	9.068664933476068	17.365718251436185	-1240.0	119.17012795127299	-732.0	
1831.0	9.8507967282073	2.9368156778728305	1816.0	2.4704972928877225	1257.0	0.0	45184.0	3378.90625	373.0	-0.37	1.0789473684210527	123.0	-218.0	0.05060728744939271	-8034.0	11.83667227404802	19.57695816653162	-1393.0	122.32251501668144	-913.0	
1825.0	10.012956354814468	3.6765878623992463	1755.0	2.5592034894708284	1244.0	0.0	45824.0	3398.4375	373.0	-0.37	1.0789473684210527	123.0	-218.0	0.05060728744939271	-8214.0	15.69047254931947	21.686930171568893	-1542.0	125.1056217951943	-1165.0	
1827.0	9.982859160953893	4.238297047770289	1709.0	2.5460403156974745	1247.0	0.0	46464.0	3417.96875	371.0	-0.375	1.0809716599190284	124.0	-185.0	-0.016194331983805668	-8368.0	20.859458632818477	24.48656329038657	-1739.0	127.49666860973372	-1503.0	
1841.0	9.503246053628242	3.8960339342528236	1738.0	2.365724223558688	1287.0	0.0	47104.0	3437.5	371.0	-0.375	1.0809716599190284	124.0	-185.0	-0.016194331983805668	-8190.0	24.483866034561864	28.460181016808985	-2005.0	124.80508669585171	-1740.0	
1861.0	9.407319766280796	3.8272147233175944	1744.0	2.122424721044822	1295.0	0.0	47744.0	3457.03125	371.0	-0.375	1.0809716599190284	124.0	-185.0	-0.016194331983805668	-7963.0	17.20446551460468	32.369862037564495	-2238.0	121.36098571566491	-1264.0	
1867.0	9.515057834043132	3.8867357852655444	1739.0	2.052403366334899	1286.0	0.0	48384.0	3476.5625	380.0	-0.3525	1.0890688259109311	128.0	-157.0	-0.0728744939271255	-7769.0	11.224957944639854	34.16147411704581	-2337.0	118.40207200678348	-873.0	
1872.0	9.512260101981292	3.60696257908173	1762.0	1.9865389610351825	1286.0	0.0	49024.0	3496.09375	380.0	-0.3525	1.0890688259109311	128.0	-157.0	-0.0728744939271255	-7615.0	4.985471784676556	34.45003746082827	-2338.0	116.04190715687007	-465.0	
1876.0	9.165877165763561	3.492478481117947	1772.0	1.932592678629392	1315.0	0.0	49664.0	3515.625	380.0	-0.3525	1.0890688259109311	128.0	-157.0	-0.0728744939271255	-7522.0	2.263343018810216	33.8349065478865	-2290.0	114.60871886753503	-287.0	
1897.0	8.934515626220998	2.975372145909283	1815.0	1.666924888337022	1334.0	0.0	50304.0	3535.15625	380.0	-0.3525	1.0890688259109311	128.0	-157.0	-0.0728744939271255	-7487.0	2.492735892338278	32.75445202574284	-2220.0	114.06085739427922	-302.0	
1913.0	9.037999155563085	2.6094393658323107	1845.0	1.4678699836915539	1325.0	0.0	50944.0	3554.6875	381.0	-0.35000000000000003	1.1012145748987854	134.0	-129.0	-0.12955465587044535	-7367.0	1.8657287046949076	31.275250974149582	-2121.0	112.20472734478831	-261.0	
1907.0	9.002162917188068	2.5972440997593784	1846.0	1.5395568726128512	1328.0	0.0	51584.0	3574.21875	381.0	-0.35000000000000003	1.1012145748987854	134.0	-129.0	-0.12955465587044535	-7438.0	-0.16822144058724578	29.130884993752318	-1977.0	113.2727420247112	-128.0	
1897.0	8.643495043244805	2.444742419718684	1859.0	1.6534020879834481	1358.0	0.0	52224.0	3593.75	381.0	-0.35000000000000003	1.1012145748987854	134.0	-129.0	-0.12955465587044535	-7506.0	-0.09175714941122497	26.948713297632406	-1836.0	114.29434519650249	-133.0	
1882.0	8.782770250517395	2.086548861263168	1888.0	1.8283538604533287	1346.0	0.0	52864.0	3613.28125	385.0	-0.34	1.0951417004048583	131.0	-91.0	-0.20647773279352227	-7568.0	-4.098486007034715	25.499859873393888	-1732.0	115.23121464906386	129.0	
1864.0	8.804724777426717	1.901049171243206	1903.0	2.041730881801541	1344.0	0.0	53504.0	3632.8125	385.0	-0.34	1.0951417004048583	131.0	-91.0	-0.20647773279352227	-7688.0	-12.371922312280166	23.27453541167028	-1567.0	117.05029944342161	670.0	
1860.0	8.923012246129016	1.825034136711036	1909.0	2.089586226882258	1334.0	0.0	54144.0	3652.34375	385.0	-0.34	1.0951417004048583	131.0	-91.0	-0.20647773279352227	-7833.0	-15.736351124025083	22.648577712135975	-1519.0	119.26898999685437	890.0	
1824.0	9.070185814222388	2.2566766603339468	1873.0	2.533425752794686	1322.0	0.0	54784.0	3671.875	385.0	-0.34	1.0951417004048583	131.0	-91.0	-0.20647773279352227	-8010.0	-18.244379874598565	21.614320632087377	-1447.0	121.974621033542	1054.0	
1799.0	8.953204345469707	2.4632916898279373	1856.0	2.8375930579741473	1332.0	0.0	55424.0	3691.40625	384.0	-0.3425	1.0951417004048583	131.0	-66.0	-0.25708502024291496	-7939.0	-23.382780241627163	21.96915598659342	-1456.0	120.88871104736019	1390.0	
1796.0	8.79798231302598	2.417278921645682	1860.0	2.871265160599318	1345.0	0.0	56064.0	3710.9375	384.0	-0.3425	1.0951417004048583	131.0	-66.0	-0.25708502024291496	-7729.0	-30.035173573940973	23.45176003929136	-1533.0	117.68119551968094	1825.0	
1785.0	9.473278753946003	3.2802563469811084	1788.0	3.0278077939971544	1289.0	0.0	56704.0	3730.46875	384.0	-0.3425	1.0951417004048583	131.0	-66.0	-0.25708502024291496	-7533.0	-30.555130753937913	22.73359288693705	-1483.0	114.66649505116492	1859.0	
1770.0	9.775330325527165	3.723508743192544	1751.0	3.2204162492034603	1264.0	0.0	57344.0	3750.0	385.0	-0.34	1.0708502024291497	119.0	-38.0	-0.31376518218623484	-7316.0	-32.98669521333537	22.418099326548298	-1454.0	111.33358716174793	2018.0	
1764.0	10.010367000215057	4.608128592934128	1678.0	3.3127481695716763	1245.0	0.0	57984.0	3769.53125	385.0	-0.34	1.0708502024291497	119.0	-38.0	-0.31376518218623484	-6868.0	-35.525309680379266	22.034664575641216	-1418.0	104.4554241353989	2184.0	
1760.0	11.189716091220747	5.8763710268365585	1572.0	3.3980992802441192	1147.0	0.0	58624.0	3789.0625	385.0	-0.34	1.0708502024291497	119.0	-38.0	-0.31376518218623484	-6235.0	-26.854259061018507	22.123353738971694	-1440.0	94.74325287143914	1617.0	
1737.0	11.804632913714132	6.65376756188935	1507.0	3.6969048129050486	1096.0	0.0	59264.0	3808.59375	385.0	-0.34	1.0647773279352226	116.0	2.0	-0.39473684210526316	-5492.0	-14.987001070500078	22.408698851580617	-1482.0	83.34515496457843	841.0	
1740.0	12.775311223451988	7.293027107103563	1453.0	3.6832522085934585	1015.0	0.0	59904.0	3828.125	385.0	-0.34	1.0647773279352226	116.0	2.0	-0.39473684210526316	-4597.0	2.82917877351277	23.417655526025932	-1585.0	69.62193165730109	-324.0	
1731.0	13.762509739954213	8.39383113827843	1361.0	3.8235740093217374	933.0	0.0	60544.0	3847.65625	385.0	-0.34	1.0647773279352226	116.0	2.0	-0.39473684210526316	-3621.0	23.382780241627163	24.62178757854341	-1707.0	54.65775692749635	-1668.0	
1723.0	14.620811671454385	8.509738574009859	1350.0	3.9308607195200422	861.0	0.0	61184.0	3867.1875	385.0	-0.34	1.0647773279352226	116.0	2.0	-0.39473684210526316	-2600.0	44.82336748738339	28.165977540067665	-1983.0	39.026481012166066	-3070.0	
1720.0	14.738125125799618	8.33632210377136	1364.0	3.9647101029719773	851.0	0.0	61824.0	3886.71875	399.0	-0.305	1.0546558704453441	111.0	33.0	-0.4574898785425101	-1627.0	68.80256920018353	33.077816698774086	-2355.0	24.14541680439759	-4638.0	
1710.0	14.74331082392587	7.664415725920412	1419.0	4.071805760107065	850.0	0.0	62464.0	3906.25	399.0	-0.305	1.0546558704453441	111.0	33.0	-0.4574898785425101	-726.0	96.69674262119591	39.05248258902798	-2807.0	10.379783687329594	-6462.0	
1724.0	14.942942064355446	6.198968340306511	1539.0	3.8758184260039017	832.0	0.0	63104.0	3925.78125	399.0	-0.305	1.0546558704453441	111.0	33.0	-0.4574898785425101	-9.0	143.3858388132742	48.16927697127976	-3514.0	-0.5310431517234462	-9515.0	
