Device	Device	Device	Device	Device	Device	Device	Device	Device	Device	Device	Device	Device	Device	Device	Device	Device	Device	Device	Device	Device	
Low Noise Accelerometer X	Low Noise Accelerometer X	Low Noise Accelerometer Z	Low Noise Accelerometer Z	Low Noise Accelerometer Y	Low Noise Accelerometer Y	Event_Marker	Timestamp	Timestamp	Magnetometer Z	Magnetometer Z	Magnetometer X	Magnetometer X	Magnetometer Y	Magnetometer Y	Gyroscope Y	Gyroscope Y	Gyroscope Z	Gyroscope Z	Gyroscope X	Gyroscope X	
CAL	UNCAL	UNCAL	CAL	CAL	UNCAL	CAL	CAL	UNCAL	CAL	UNCAL	CAL	UNCAL	CAL	UNCAL	UNCAL	CAL	CAL	UNCAL	CAL	UNCAL	
m/(s^2)	no units	no units	m/(s^2)	m/(s^2)	no units	no units	ms	no units	local_flux	no units	local_flux	no units	local_flux	no units	no units	deg/s	deg/s	no units	deg/s	no units	
2.4490658612841387	2199.0	2881.0	-9.855318633490931	-2.2930976417678206	1868.0	0.0	1557.708740234375	51043.0	-0.765	215.0	0.7651821862348178	-32.0	0.39878542510121456	-390.0	-1401.0	5.0466432176173734	-1.1435671717640288	38.0	20.335349658955987	-469.0	
2.3688970539362137	2181.0	2855.0	-9.538866034950034	-2.0707028079909637	1875.0	0.0	1577.239990234375	51683.0	-0.765	215.0	0.7651821862348178	-32.0	0.39878542510121456	-390.0	-1698.0	10.903807921700567	-0.7312669066030905	-7.0	24.896784308070693	-852.0	
2.2139997810670122	2144.0	2856.0	-9.552402845679739	-1.6267393844041294	1888.0	0.0	1596.771240234375	52323.0	-0.775	211.0	0.7672064777327935	-31.0	0.39878542510121456	-390.0	-1505.0	9.894479278177092	3.4146024601298994	-272.0	21.976757655719915	-786.0	
1.988950667632118	2143.0	2847.0	-9.438266570121543	-1.6146589572562302	1907.0	0.0	1616.302490234375	52963.0	-0.775	211.0	0.7672064777327935	-31.0	0.39878542510121456	-390.0	-737.0	2.676250191160728	9.727329557153443	-656.0	10.255321477250222	-314.0	
2.1051749298445266	2110.0	2772.0	-8.530126063166398	-1.19774354304922	1898.0	0.0	1635.833740234375	53603.0	-0.775	211.0	0.7672064777327935	-31.0	0.39878542510121456	-390.0	-429.0	-5.168986083499006	12.733846174328495	-828.0	5.559285676719502	199.0	
2.009214921079608	2102.0	2778.0	-8.60231741584869	-1.1037614280218404	1906.0	0.0	1655.364990234375	54243.0	-0.7725	212.0	0.7874493927125507	-21.0	0.4048582995951417	-393.0	129.0	-7.768771983483714	12.861918026415863	-824.0	-3.0016554859933224	369.0	
1.6473944470915245	2106.0	2817.0	-9.070079100371343	-1.1649276375365116	1936.0	0.0	1674.896240234375	54883.0	-0.7725	212.0	0.7874493927125507	-21.0	0.4048582995951417	-393.0	312.0	-11.423765101697509	12.420952297420206	-784.0	-5.814105652720136	608.0	
1.4156539528392156	2116.0	2863.0	-9.625080906554624	-1.2988270063135436	1955.0	0.0	1694.427490234375	55523.0	-0.7725	212.0	0.7874493927125507	-21.0	0.4048582995951417	-393.0	605.0	-10.720293622878117	11.299598493291914	-710.0	-10.321252902592015	562.0	
1.4510363032850007	2150.0	2866.0	-9.658274433404705	-1.708775607562955	1952.0	0.0	1713.958740234375	56163.0	-0.7725	212.0	0.7874493927125507	-21.0	0.4048582995951417	-393.0	994.0	-5.337207524086252	5.837635421825992	-365.0	-16.344876676317263	210.0	
1.4675830054488102	2160.0	2828.0	-9.194080407499928	-1.8198081877340646	1951.0	0.0	1733.489990234375	56803.0	-0.775	211.0	0.7975708502024291	-16.0	0.4008097165991903	-391.0	847.0	3.517357394096957	-2.62931978375616	161.0	-14.173907130628725	-369.0	
1.2862087758499199	2131.0	2851.0	-9.474360510246106	-1.4778299417235314	1966.0	0.0	1753.021240234375	57443.0	-0.775	211.0	0.7975708502024291	-16.0	0.4008097165991903	-391.0	620.0	0.9940357852882705	-8.177184953737996	526.0	-10.74618799193419	-204.0	
0.922360786949386	2071.0	2906.0	-10.144873686013774	-0.7719871188628298	1996.0	0.0	1772.552490234375	58083.0	-0.775	211.0	0.7975708502024291	-16.0	0.4008097165991903	-391.0	335.0	-8.4569506040679	-7.581438620181383	509.0	-6.367052686033025	414.0	
1.3113323250000906	2048.0	2937.0	-10.533434166657619	-0.4987601793602599	1963.0	0.0	1792.083740234375	58723.0	-0.785	207.0	0.7975708502024291	-16.0	0.4068825910931174	-394.0	559.0	-12.4942651781618	-6.216659956445993	433.0	-9.79056923881565	678.0	
1.9708363601667793	2046.0	2897.0	-10.059221126179207	-0.4585844926568561	1908.0	0.0	1811.614990234375	59363.0	-0.785	207.0	0.7975708502024291	-16.0	0.4068825910931174	-394.0	159.0	-10.337972166998012	-5.072295141684416	349.0	-3.641332127418072	537.0	
1.4629064205771516	2022.0	2865.0	-9.661738894665794	-0.16655752091646	1951.0	0.0	1831.146240234375	60003.0	-0.785	207.0	0.7975708502024291	-16.0	0.4068825910931174	-394.0	-203.0	-7.126471937605139	-1.6264360308039094	113.0	1.947829547931949	327.0	
1.0106536947463716	2053.0	2865.0	-9.648916239648562	-0.5443175709780377	1989.0	0.0	1850.677490234375	60643.0	-0.785	207.0	0.7975708502024291	-16.0	0.4068825910931174	-394.0	-99.0	-16.516286894020492	3.8868523802501054	-220.0	0.40713613159749884	941.0	
1.3678984837486952	2096.0	2864.0	-9.638723053701913	-1.058613548525708	1959.0	0.0	1870.208740234375	61283.0	-0.8	201.0	0.7874493927125507	-21.0	0.3967611336032389	-389.0	-170.0	-23.398073099862366	8.134806910793278	-479.0	1.5390740166297987	1391.0	
1.5214692829505287	2145.0	2874.0	-9.757833609709031	-1.6498214974369643	1946.0	0.0	1889.739990234375	61923.0	-0.8	201.0	0.7874493927125507	-21.0	0.3967611336032389	-389.0	-43.0	-22.08288729163481	9.193720752145733	-550.0	-0.39908626953853965	1305.0	
1.2839636872970475	2190.0	2870.0	-9.698869365533366	-2.1931859432087815	1966.0	0.0	1909.271240234375	62563.0	-0.8	201.0	0.7874493927125507	-21.0	0.3967611336032389	-389.0	12.0	-17.78559412754244	7.9228736565989015	-478.0	-1.2557413416908776	1024.0	
1.165171748539314	2180.0	2868.0	-9.673301336544801	-2.0733805743057436	1976.0	0.0	1928.802490234375	63203.0	-0.8300000000000001	189.0	0.771255060728745	-29.0	0.3623481781376518	-372.0	-141.0	-18.51965132283224	7.3135298634014045	-438.0	1.085871220070258	1072.0	
1.15178460807184	2263.0	2881.0	-9.821539192816006	-3.0764792028358423	1977.0	0.0	1948.333740234375	63843.0	-0.8300000000000001	189.0	0.771255060728745	-29.0	0.3623481781376518	-372.0	794.0	-17.066829790487844	6.814412378437687	-400.0	-13.266212175126165	977.0	
1.4239264237484832	2341.0	2895.0	-9.988310006104076	-4.016852237089416	1954.0	0.0	1967.864990234375	64483.0	-0.8300000000000001	189.0	0.771255060728745	-29.0	0.3623481781376518	-372.0	861.0	-12.249579446398533	3.6327827991495316	-205.0	-14.326108876013416	662.0	
1.2312882398983163	2336.0	2913.0	-10.204509343501712	-3.9628616418204485	1970.0	0.0	1987.396240234375	65123.0	-0.8425	184.0	0.7611336032388664	-34.0	0.354251012145749	-368.0	518.0	0.13763572411683744	-0.8066024159480414	48.0	-9.107344833427549	-148.0	
0.7860051867994017	2320.0	2953.0	-10.685195605774124	-3.7841571132595364	2007.0	0.0	2006.927490234375	227.0	-0.8425	184.0	0.7611336032388664	-34.0	0.354251012145749	-368.0	560.0	2.355100168221441	-2.150066372732665	130.0	-9.765247786636643	-293.0	
1.1412393215980103	2313.0	2968.0	-10.87606784019896	-3.7000848672024564	1977.0	0.0	2026.458740234375	867.0	-0.8425	184.0	0.7611336032388664	-34.0	0.354251012145749	-368.0	562.0	-6.10185043584646	-2.426743746550883	170.0	-9.798703527691075	260.0	
1.342477673337673	2309.0	2977.0	-10.99032790432792	-3.652164913883302	1960.0	0.0	2045.989990234375	1507.0	-0.8425	184.0	0.7611336032388664	-34.0	0.354251012145749	-368.0	317.0	-5.260743232910231	-2.267264234310158	155.0	-6.037710236328064	205.0	
1.367710315637507	2280.0	2965.0	-10.848016055296933	-3.299668760118238	1958.0	0.0	2065.521240234375	2147.0	-0.85	181.0	0.7530364372469636	-38.0	0.354251012145749	-368.0	-288.0	0.16822144058724578	-2.423418843072967	145.0	3.244140830749875	-150.0	
1.1570825738440618	2245.0	2935.0	-10.482218806070025	-2.872772345563683	1976.0	0.0	2085.052490234375	2787.0	-0.85	181.0	0.7530364372469636	-38.0	0.354251012145749	-368.0	-825.0	3.63970025997859	-2.613894327774707	143.0	11.482223800315934	-377.0	
1.3156877633062383	2223.0	2903.0	-10.097890336042834	-2.598439483304662	1963.0	0.0	2104.583740234375	3427.0	-0.85	181.0	0.7530364372469636	-38.0	0.354251012145749	-368.0	-1041.0	2.293928735280624	-1.7165091035779017	86.0	14.805606122712879	-289.0	
1.4980058988537361	2226.0	2872.0	-9.723219638435923	-2.625267466310301	1948.0	0.0	2124.114990234375	4067.0	-0.8425	184.0	0.7469635627530364	-41.0	0.3805668016194332	-381.0	-1194.0	4.343171738797982	-0.5607270533680175	4.0	17.16486994290809	-423.0	
1.169727899777149	2218.0	2831.0	-9.217686212761306	-2.5220540356189	1976.0	0.0	2143.646240234375	4707.0	-0.8425	184.0	0.7469635627530364	-41.0	0.3805668016194332	-381.0	-1354.0	8.441657745832696	-0.30315820672824834	-25.0	19.62256301667447	-691.0	
1.3872306102444474	2192.0	2804.0	-8.895986594602885	-2.2001920041028664	1958.0	0.0	2163.177490234375	5347.0	-0.8425	184.0	0.7469635627530364	-41.0	0.3805668016194332	-381.0	-1415.0	6.927664780547485	0.04026976286569667	-44.0	20.562010799516035	-592.0	
1.0428838836600454	2166.0	2797.0	-8.806849729233557	-1.888599722013131	1987.0	0.0	2182.708740234375	5987.0	-0.8425	184.0	0.7469635627530364	-41.0	0.3805668016194332	-381.0	-1221.0	1.7586786970484785	0.7997180217592863	-78.0	17.592775452428736	-254.0	
1.1626630844745627	2186.0	2791.0	-8.733691552543732	-2.1269026218928757	1977.0	0.0	2202.239990234375	6627.0	-0.845	183.0	0.7550607287449392	-37.0	0.3785425101214575	-380.0	-742.0	-7.952286282306164	2.3536409761803223	-149.0	10.258307009731114	381.0	
1.42380067131219	2200.0	2797.0	-8.810409059257191	-2.2945002949539495	1955.0	0.0	2221.771240234375	7267.0	-0.845	183.0	0.7550607287449392	-37.0	0.3785425101214575	-380.0	-548.0	-7.004129071723506	1.8686817665463458	-118.0	7.276627587958544	319.0	
1.3877121979094569	2187.0	2800.0	-8.847827828101927	-2.138983049040775	1958.0	0.0	2241.302490234375	7907.0	-0.845	183.0	0.7550607287449392	-37.0	0.3785425101214575	-380.0	-588.0	-3.410307386450528	0.5652527822115887	-43.0	7.877372644440192	84.0	
1.4122302868979748	2172.0	2794.0	-8.776971310202521	-1.9565978462266367	1956.0	0.0	2260.833740234375	8547.0	-0.8475	182.0	0.7489878542510121	-40.0	0.3643724696356275	-373.0	-497.0	-2.171585869398991	0.08363034624319603	-14.0	6.476208407191143	3.0	
1.4617781609484761	2162.0	2778.0	-8.584088667057163	-1.8317627869123814	1952.0	0.0	2280.364990234375	9187.0	-0.8475	182.0	0.7489878542510121	-40.0	0.3643724696356275	-373.0	-351.0	1.0093286435234747	0.05571074825089378	-19.0	4.2356345971249825	-205.0	
1.0774998943319705	2171.0	2806.0	-8.916677233469638	-1.950691075846555	1984.0	0.0	2299.896240234375	9827.0	-0.8475	182.0	0.7489878542510121	-40.0	0.3643724696356275	-373.0	-139.0	6.453586175256156	1.3162760909725129	-113.0	0.9952097150297191	-561.0	
1.052082724205873	2148.0	2819.0	-9.077441865126975	-1.6770521064460227	1986.0	0.0	2319.427490234375	10467.0	-0.84	185.0	0.7631578947368421	-33.0	0.3967611336032389	-389.0	-171.0	3.349135953509711	2.6044659613285437	-189.0	1.4991150907932764	-358.0	
1.3848253449585894	2118.0	2823.0	-9.136513123188696	-1.3134603222671999	1958.0	0.0	2338.958740234375	11107.0	-0.84	185.0	0.7631578947368421	-33.0	0.3967611336032389	-389.0	-130.0	-0.9940357852882705	4.414821415422302	-295.0	0.8880948153510929	-74.0	
1.4476237407373171	2114.0	2796.0	-8.809054497696861	-1.2580903947152386	1953.0	0.0	2358.489990234375	11747.0	-0.84	185.0	0.7631578947368421	-33.0	0.3967611336032389	-389.0	2.0	-2.875057348218382	6.6636069616837785	-435.0	-1.11488917205878	49.0	
1.0097090229741343	2143.0	2776.0	-8.552907226396078	-1.6067441868283008	1990.0	0.0	2378.021240234375	12387.0	-0.84	185.0	0.7631578947368421	-33.0	0.3967611336032389	-389.0	219.0	-0.3058571647040832	11.331402360855805	-743.0	-4.397964171880164	-119.0	
0.37668676188248706	2141.0	2794.0	-8.759895240322722	-1.5931177841755813	2043.0	0.0	2397.552490234375	13027.0	-0.84	185.0	0.7631578947368421	-33.0	0.3967611336032389	-389.0	176.0	2.2327573023398077	15.82210300068837	-1042.0	-3.6932443681824676	-285.0	
-0.09176381981081243	2148.0	2829.0	-9.176381981081244	-1.690469374205275	2082.0	0.0	2417.083740234375	13667.0	-0.84	185.0	0.7631578947368421	-33.0	0.3967611336032389	-389.0	407.0	-4.220828872916348	19.86855628750822	-1286.0	-7.197355560341122	137.0	
-0.16462280284646197	2163.0	2841.0	-9.319423141789056	-1.874781678816053	2088.0	0.0	2436.614990234375	14307.0	-0.84	185.0	0.7631578947368421	-33.0	0.3967611336032389	-389.0	717.0	-10.292093592292401	18.374783282288686	-1170.0	-11.969083224412037	534.0	
-0.380843600090907	2140.0	2857.0	-9.512931437662129	-1.603705618971019	2106.0	0.0	2456.146240234375	14947.0	-0.845	183.0	0.7692307692307693	-30.0	0.3765182186234818	-379.0	557.0	-7.8299434164245305	13.745210135473073	-877.0	-9.560261570580208	373.0	
-0.8691944340151262	2150.0	2860.0	-9.538491020560222	-1.7295822466790667	2147.0	0.0	2475.677490234375	15587.0	-0.845	183.0	0.7692307692307693	-30.0	0.3765182186234818	-379.0	666.0	-6.423000458785748	8.814595820424131	-559.0	-11.282116432466314	281.0	
-1.406208512888326	2196.0	2872.0	-9.66847033645163	-2.291768841255506	2192.0	0.0	2495.208740234375	16227.0	-0.845	183.0	0.7692307692307693	-30.0	0.3765182186234818	-379.0	818.0	-5.887750420553602	3.7101132525627123	-227.0	-13.665522774179914	246.0	
-1.682321319212706	2161.0	2891.0	-9.898798587937263	-1.877449787360511	2215.0	0.0	2514.739990234375	16867.0	-0.845	183.0	0.7692307692307693	-30.0	0.3765182186234818	-379.0	148.0	-5.9030432787888065	-0.6217683287755951	48.0	-3.42803753904961	247.0	
-1.586646062556638	2135.0	2887.0	-9.855082446140013	-1.5623656999098123	2207.0	0.0	2534.271240234375	17507.0	-0.8325	188.0	0.757085020242915	-36.0	0.3684210526315789	-375.0	-44.0	-9.909772136412297	-5.412801122946664	368.0	-0.5298070046313387	509.0	
-1.5014587856872812	2170.0	2872.0	-9.669688092537635	-1.979492687057023	2200.0	0.0	2553.802490234375	18147.0	-0.8325	188.0	0.757085020242915	-36.0	0.3684210526315789	-375.0	338.0	-16.42452974460927	-9.892408582352338	680.0	-6.436195836629109	935.0	
-1.7764527929274962	2153.0	2882.0	-9.788136435606772	-1.7797923168823744	2223.0	0.0	2573.333740234375	18787.0	-0.8325	188.0	0.757085020242915	-36.0	0.3684210526315789	-375.0	159.0	-17.372686955191927	-12.681239333633172	862.0	-3.717421569337559	997.0	
-1.8865515655311762	2110.0	2906.0	-10.083727981689057	-1.2687328463734302	2232.0	0.0	2592.864990234375	19427.0	-0.84	185.0	0.7267206477732794	-51.0	0.354251012145749	-368.0	-66.0	-17.219758372839884	-13.936953655624004	941.0	-0.27746988947936424	987.0	
-1.14834516406568	2123.0	2904.0	-10.072611644663237	-1.4177549616423553	2170.0	0.0	2612.396240234375	20067.0	-0.84	185.0	0.7267206477732794	-51.0	0.354251012145749	-368.0	191.0	-20.308915736351125	-16.065694247856207	1090.0	-4.242289595539787	1189.0	
-1.184286444068635	2131.0	2906.0	-10.095311073530159	-1.514953905188398	2173.0	0.0	2631.927490234375	20707.0	-0.84	185.0	0.7267206477732794	-51.0	0.354251012145749	-368.0	301.0	-17.816179844012847	-18.99394796983919	1275.0	-5.959465335153356	1026.0	
-1.3851831755250368	2115.0	2894.0	-9.946888981075114	-1.3212233463165117	2190.0	0.0	2651.458740234375	21347.0	-0.845	183.0	0.6821862348178138	-73.0	0.3724696356275304	-377.0	57.0	-12.540143752867412	-22.05707518680515	1458.0	-2.246042594740539	681.0	
-1.3125246410545612	2136.0	2884.0	-9.823892676884688	-1.5710488830807694	2184.0	0.0	2670.989990234375	21987.0	-0.845	183.0	0.6821862348178138	-73.0	0.3724696356275304	-377.0	216.0	-9.558036397002601	-22.905607094187143	1507.0	-4.694300815456219	486.0	
-1.7436978343868317	2131.0	2906.0	-10.084069152968874	-1.5203231806803543	2220.0	0.0	2690.521240234375	22627.0	-0.845	183.0	0.6821862348178138	-73.0	0.3724696356275304	-377.0	150.0	-12.800122342865883	-23.73966704042914	1569.0	-3.689905493482395	698.0	
-1.1358645951203281	2097.0	2899.0	-10.015030940604236	-1.103225529823529	2169.0	0.0	2710.052490234375	23267.0	-0.845	183.0	0.6821862348178138	-73.0	0.3724696356275304	-377.0	-403.0	-20.523015751643985	-27.437709960036162	1824.0	4.758613540264608	1203.0	
-1.2569437742027725	2111.0	2916.0	-10.218186944086762	-1.2771741404791848	2179.0	0.0	2729.583740234375	23907.0	-0.85	181.0	0.6477732793522267	-90.0	0.4251012145748988	-403.0	-268.0	-16.9139012081358	-32.09865681516466	2119.0	2.64049877786646	967.0	
-1.78160279947631	2128.0	2924.0	-10.303137090488155	-1.4889390107683815	2223.0	0.0	2749.114990234375	24547.0	-0.85	181.0	0.6477732793522267	-90.0	0.4251012145748988	-403.0	-328.0	-13.12127236580517	-39.15011101401743	2567.0	3.4906532553654266	719.0	
-2.0783195723158814	2119.0	2917.0	-10.212909612540532	-1.3816678939980658	2248.0	0.0	2768.646240234375	25187.0	-0.85	181.0	0.6477732793522267	-90.0	0.4251012145748988	-403.0	-709.0	-14.757608196972015	-45.49535432859377	2980.0	9.273449095965251	826.0	
-2.113808168725945	2098.0	2915.0	-10.190340682118261	-1.12855935316095	2251.0	0.0	2788.177490234375	25827.0	-0.8825000000000001	168.0	0.576923076923077	-125.0	0.4190283400809717	-400.0	-949.0	-16.31747973696284	-52.96019495060268	3467.0	12.881476767695139	928.0	
-2.2210646488232717	2087.0	2916.0	-10.201702977565255	-0.9973290433889355	2260.0	0.0	2807.708740234375	26467.0	-0.8825000000000001	168.0	0.576923076923077	-125.0	0.4190283400809717	-400.0	-939.0	-22.541673038690934	-59.8309869246267	3930.0	12.659324011373652	1335.0	
-2.365721623954641	2087.0	2931.0	-10.381686204987924	-1.0023752776887025	2272.0	0.0	2827.239990234375	27107.0	-0.8825000000000001	168.0	0.576923076923077	-125.0	0.4190283400809717	-400.0	-716.0	-35.21945251567519	-63.50402643747006	4204.0	9.200773760483363	2164.0	
-2.307444453659939	2074.0	2941.0	-10.506350127898699	-0.8476592784198745	2267.0	0.0	2846.771240234375	27747.0	-0.8825000000000001	168.0	0.576923076923077	-125.0	0.4190283400809717	-400.0	-625.0	-37.45220981801499	-67.58431633292008	4476.0	7.763622848639497	2310.0	
-1.865966868397397	2068.0	2932.0	-10.406210649263492	-0.7689525563680389	2230.0	0.0	2866.302490234375	28387.0	-0.895	163.0	0.49190283400809715	-167.0	0.47975708502024295	-430.0	-611.0	-37.03930264566448	-72.64355610233514	4804.0	7.498207679731599	2283.0	
-1.543388672193204	2064.0	2922.0	-10.291248171701358	-0.715234753770417	2203.0	0.0	2885.833740234375	29027.0	-0.895	163.0	0.49190283400809715	-167.0	0.47975708502024295	-430.0	-602.0	-39.272059948004284	-78.12069118949648	5166.0	7.30533597593686	2429.0	
-1.9837980404977875	2046.0	2922.0	-10.284565954540664	-0.5026377332307309	2240.0	0.0	2905.364990234375	29667.0	-0.895	163.0	0.49190283400809715	-167.0	0.47975708502024295	-430.0	-691.0	-36.87108120507723	-82.3062643268241	5431.0	8.6291392901367	2272.0	
-1.8775589308657001	2022.0	2929.0	-10.37494070561765	-0.21422621064992567	2231.0	0.0	2924.896240234375	30307.0	-0.9325	148.0	0.3643724696356275	-230.0	0.451417004048583	-416.0	-763.0	-37.57455268389663	-83.88876912944276	5535.0	9.718117065495507	2318.0	
-1.2672454930938548	2023.0	2902.0	-10.057882642718805	-0.2138301077853147	2180.0	0.0	2944.427490234375	30947.0	-0.9325	148.0	0.3643724696356275	-230.0	0.451417004048583	-416.0	-561.0	-39.165009940357855	-84.20944363463362	5562.0	6.615324621502368	2422.0	
-1.133868128586159	2034.0	2882.0	-9.815384287187307	-0.34017648751153545	2169.0	0.0	2963.958740234375	31587.0	-0.9325	148.0	0.3643724696356275	-230.0	0.451417004048583	-416.0	-352.0	-32.925523780394556	-84.22698212083583	5549.0	3.408152152092241	2014.0	
-1.589225016641716	2018.0	2907.0	-10.11297785464776	-0.15791084340395067	2207.0	0.0	2983.489990234375	32227.0	-0.9450000000000001	143.0	0.24696356275303644	-288.0	0.5080971659919028	-444.0	-191.0	-23.47453739103839	-84.76485015753427	5561.0	0.9323116027671465	1396.0	
-1.6367619721219888	1977.0	2906.0	-10.104768640770308	0.33575387493325354	2211.0	0.0	3003.021240234375	32867.0	-0.9450000000000001	143.0	0.24696356275303644	-288.0	0.5080971659919028	-444.0	-342.0	-23.168680226334303	-85.64619016910832	5616.0	3.2405152350282664	1376.0	
-1.3340551240765979	2000.0	2864.0	-9.595988598135978	0.07184811053145423	2186.0	0.0	3022.552490234375	33507.0	-0.9450000000000001	143.0	0.24696356275303644	-288.0	0.5080971659919028	-444.0	381.0	-25.14145893867564	-86.30229648179844	5671.0	-7.860107512922941	1505.0	
-1.1426034465120505	2032.0	2856.0	-9.49843988930029	-0.3098285671908853	2170.0	0.0	3042.083740234375	34147.0	-0.9450000000000001	143.0	0.24696356275303644	-288.0	0.5080971659919028	-444.0	1095.0	-12.968343783453129	-88.37150193146992	5781.0	-18.83676089932084	709.0	
-1.7210128334272812	2011.0	2914.0	-10.196521437966219	-0.07656224384058516	2218.0	0.0	3061.614990234375	34787.0	-0.9575	138.0	0.145748987854251	-338.0	0.4959514170040486	-438.0	935.0	-3.6549931182137945	-92.41377589023112	6018.0	-16.422066253608467	100.0	
-1.5340423738810849	1966.0	2942.0	-10.547094530965632	0.4604646735936837	2202.0	0.0	3081.146240234375	35427.0	-0.9575	138.0	0.145748987854251	-338.0	0.4959514170040486	-438.0	828.0	-34.57715246979661	-94.99246571924148	6265.0	-14.805993400479204	2122.0	
-0.33952915672973316	1974.0	2907.0	-10.143391863449507	0.38409831694684493	2102.0	0.0	3100.677490234375	36067.0	-0.9575	138.0	0.145748987854251	-338.0	0.4959514170040486	-438.0	1157.0	-67.6250191160728	-103.49462127063329	6907.0	-19.939350079516217	4283.0	
-0.0878390324566369	2002.0	2893.0	-9.974379436139882	0.052646069145407065	2081.0	0.0	3120.208740234375	36707.0	-0.9450000000000001	143.0	0.016194331983805668	-402.0	0.46963562753036436	-425.0	1543.0	-50.89463220675945	-107.96510446184787	7158.0	-25.907025603464575	3189.0	
-0.7705407046261668	2002.0	2928.0	-10.387403795949997	0.0375585652275095	2138.0	0.0	3139.739990234375	37347.0	-0.9450000000000001	143.0	0.016194331983805668	-402.0	0.46963562753036436	-425.0	1007.0	-22.12876586634042	-111.36654249682364	7299.0	-17.716396743059384	1308.0	
-1.3315681380659348	1976.0	2941.0	-10.537766187545872	0.34219405510938694	2185.0	0.0	3159.271240234375	37987.0	-0.9450000000000001	143.0	0.016194331983805668	-402.0	0.46963562753036436	-425.0	604.0	-14.008258143447012	-114.27559898633774	7463.0	-11.561660393730188	777.0	
-0.733205243754389	1937.0	2914.0	-10.2252862802008	0.824306800271693	2135.0	0.0	3178.802490234375	38627.0	-0.9450000000000001	143.0	0.016194331983805668	-402.0	0.46963562753036436	-425.0	213.0	-24.560330325737883	-119.12761020097068	7802.0	-5.610487395549679	1467.0	
-0.32719457684782116	1928.0	2903.0	-10.100410065734499	0.9392981661698439	2101.0	0.0	3198.333740234375	39267.0	-0.9500000000000001	141.0	-0.10728744939271255	-463.0	0.4392712550607287	-410.0	140.0	-26.961309068664935	-123.4262835891495	8087.0	-4.53332682238835	1624.0	
-0.7481575808507153	1935.0	2939.0	-10.530043799357243	0.8421585120597698	2136.0	0.0	3217.864990234375	39907.0	-0.9500000000000001	141.0	-0.10728744939271255	-463.0	0.4392712550607287	-410.0	490.0	-26.135494723963912	-126.51251612160782	8289.0	-9.934758428056648	1570.0	
-0.72192924613973	1923.0	2919.0	-10.288162709211102	0.9918367304628143	2134.0	0.0	3237.396240234375	40547.0	-0.9500000000000001	141.0	-0.10728744939271255	-463.0	0.4392712550607287	-410.0	294.0	-36.59580975684356	-125.43208555150414	8244.0	-6.916435325363132	2254.0	
-0.7347562527136958	1965.0	2927.0	-10.380387176131482	0.48383987467312495	2135.0	0.0	3256.927490234375	41187.0	-0.9475	142.0	-0.23076923076923078	-524.0	0.39878542510121456	-390.0	722.0	-44.410460315032886	-124.14640102337019	8185.0	-13.471017485759251	2765.0	
-0.4980281002276317	1983.0	2938.0	-10.517095737048887	0.2666055151001194	2115.0	0.0	3276.458740234375	41827.0	-0.9475	142.0	-0.23076923076923078	-524.0	0.39878542510121456	-390.0	1209.0	-39.18030279859306	-122.88122155804362	8094.0	-20.931129232612818	2423.0	
-0.11549500508740225	1942.0	2924.0	-10.359024318264034	0.7675681780416765	2083.0	0.0	3295.989990234375	42467.0	-0.9475	142.0	-0.23076923076923078	-524.0	0.39878542510121456	-390.0	580.0	-33.0937452209818	-123.80563367976742	8132.0	-11.288693132869488	2025.0	
-0.210006637848277	1922.0	2918.0	-10.286378070541984	1.0090398420901956	2091.0	0.0	3315.521240234375	43107.0	-0.93	149.0	-0.33805668016194335	-577.0	0.3684210526315789	-375.0	439.0	-27.465973390426672	-125.55966526249843	8230.0	-9.142661252901187	1657.0	
-0.05401706129435144	1955.0	2908.0	-10.163610891339907	0.6154647199939933	2078.0	0.0	3335.052490234375	43747.0	-0.93	149.0	-0.33805668016194335	-577.0	0.3684210526315789	-375.0	725.0	-16.31747973696284	-127.28442071392129	8316.0	-13.548431133639138	928.0	
0.0925903512238211	1955.0	2877.0	-9.788583925236937	0.6244313334412344	2066.0	0.0	3354.583740234375	44387.0	-0.93	149.0	-0.33805668016194335	-577.0	0.3684210526315789	-375.0	815.0	-0.1988071570576541	-131.77585290868723	8567.0	-14.974348984818036	-126.0	
-0.011072888599176864	1891.0	2848.0	-9.440622193251022	1.4014382730321202	2075.0	0.0	3374.114990234375	45027.0	-0.93	149.0	-0.33805668016194335	-577.0	0.3684210526315789	-375.0	18.0	5.979507569964827	-133.79098015047143	8674.0	-2.7649467817103304	-530.0	
-0.7648820862798755	1842.0	2880.0	-9.82154196132088	1.9766432314770488	2138.0	0.0	3393.646240234375	45667.0	-0.9325	148.0	-0.39878542510121456	-607.0	0.29959514170040485	-341.0	-39.0	4.159657439975532	-133.91150743484596	8686.0	-1.8915164860409563	-411.0	
0.5062069623115849	1820.0	2900.0	-10.093589483127236	2.2489734124906917	2031.0	0.0	3413.177490234375	46307.0	-0.9325	148.0	-0.39878542510121456	-607.0	0.29959514170040485	-341.0	284.0	-9.58862211347301	-126.89831710456914	8269.0	-6.777652804312533	488.0	
1.1163103168275508	1849.0	2875.0	-9.797539745816367	1.9115978504206224	1980.0	0.0	3432.708740234375	46947.0	-0.9325	148.0	-0.39878542510121456	-607.0	0.29959514170040485	-341.0	808.0	-22.908701636335834	-119.68684520490244	7840.0	-14.746047522173317	1359.0	
1.3309764921036742	1897.0	2872.0	-9.759493646775447	1.3361921811421542	1962.0	0.0	3452.239990234375	47587.0	-0.925	151.0	-0.451417004048583	-633.0	0.22267206477732793	-303.0	1130.0	-26.089616149258298	-116.15722209243405	7622.0	-19.651675028964853	1567.0	
1.4758736588993795	1894.0	2855.0	-9.55549125291921	1.377865779000489	1950.0	0.0	3471.771240234375	48227.0	-0.925	151.0	-0.451417004048583	-633.0	0.22267206477732793	-303.0	1209.0	-23.275730233980735	-116.65754382578636	7648.0	-20.868892455290244	1383.0	
2.1347681823826927	1892.0	2820.0	-9.142229380778394	1.4168163472203072	1895.0	0.0	3491.302490234375	48867.0	-0.925	151.0	-0.451417004048583	-633.0	0.22267206477732793	-303.0	620.0	-27.78712341336596	-117.167323835863	7687.0	-11.83608938075544	1678.0	
2.908591104276618	1931.0	2819.0	-9.140889572338207	0.9547018545357611	1830.0	0.0	3510.833740234375	49507.0	-0.925	151.0	-0.451417004048583	-633.0	0.22267206477732793	-303.0	837.0	-29.85165927511852	-115.71333461780011	7600.0	-15.151302442387916	1813.0	
3.3614966978989504	1936.0	2814.0	-9.088425448200192	0.9000392290993229	1792.0	0.0	3530.364990234375	50147.0	-0.915	155.0	-0.5263157894736842	-670.0	0.10728744939271255	-246.0	777.0	-26.456644746903198	-112.25924105943929	7366.0	-14.196092487316813	1591.0	
2.9094311729336235	1920.0	2812.0	-9.056882706637635	1.0889205130182702	1830.0	0.0	3549.896240234375	50787.0	-0.915	155.0	-0.5263157894736842	-670.0	0.10728744939271255	-246.0	557.0	-13.19773665698119	-106.59411096175509	6961.0	-10.763654781552491	724.0	
3.206566643582103	1973.0	2816.0	-9.105240403694461	0.4523704969161487	1805.0	0.0	3569.427490234375	51427.0	-0.915	155.0	-0.5263157894736842	-670.0	0.10728744939271255	-246.0	1287.0	-8.961614925829638	-88.85605294639987	5804.0	-21.78774727183012	447.0	
3.611609317813299	1970.0	2813.0	-9.077163456765367	0.49312704091029547	1771.0	0.0	3588.958740234375	52067.0	-0.9125	156.0	-0.5425101214574899	-678.0	0.11336032388663968	-249.0	1038.0	-6.117143294081664	-83.16335426962716	5424.0	-17.910043854189293	261.0	
3.612204377460616	1958.0	2808.0	-9.017657492033658	0.638901424054415	1771.0	0.0	3608.489990234375	52707.0	-0.9125	156.0	-0.5425101214574899	-678.0	0.11336032388663968	-249.0	1146.0	4.205536014681145	-79.08386292328852	5133.0	-19.526453175803397	-414.0	
3.8224411211809324	1972.0	2841.0	-9.422554548573421	0.4642311515656421	1753.0	0.0	3628.021240234375	53347.0	-0.9125	156.0	-0.5425101214574899	-678.0	0.11336032388663968	-249.0	1048.0	14.788193913442424	-72.01637612612762	4645.0	-17.952018909335543	-1106.0	
3.3816925412657644	1976.0	2844.0	-9.449793492471162	0.41108611580419824	1790.0	0.0	3647.552490234375	53987.0	-0.915	155.0	-0.5344129554655871	-674.0	0.05465587044534413	-220.0	814.0	17.540908395779173	-65.85628476355471	4235.0	-14.29980881970859	-1286.0	
3.3819688630202474	2003.0	2842.0	-9.422161317022885	0.0863403177114315	1790.0	0.0	3667.083740234375	54627.0	-0.915	155.0	-0.5344129554655871	-674.0	0.05465587044534413	-220.0	845.0	17.20446551460468	-60.39330045159032	3881.0	-14.720857969990815	-1264.0	
3.2508122359721456	2014.0	2844.0	-9.442585926594923	-0.04790986123241797	1801.0	0.0	3686.614990234375	55267.0	-0.915	155.0	-0.5344129554655871	-674.0	0.05465587044534413	-220.0	542.0	20.094815721058268	-54.83376761347565	3509.0	-10.015884093197824	-1453.0	
2.631547375336838	2034.0	2847.0	-9.464310085363842	-0.2955008484358362	1853.0	0.0	3706.146240234375	55907.0	-0.915	155.0	-0.5344129554655871	-674.0	0.05465587044534413	-220.0	390.0	17.877351276953664	-49.0006326325748	3134.0	-7.625191227353829	-1308.0	
2.3863794960607767	2057.0	2808.0	-8.98109801296996	-0.5653967195156588	1874.0	0.0	3725.677490234375	56547.0	-0.93	149.0	-0.5242914979757085	-669.0	0.010121457489878543	-198.0	214.0	12.463679461691392	-42.19740535347212	2704.0	-4.8565298307328195	-954.0	
2.92227330714696	2093.0	2806.0	-8.963145475780202	-0.993413670420038	1829.0	0.0	3745.208740234375	57187.0	-0.93	149.0	-0.5242914979757085	-669.0	0.010121457489878543	-198.0	48.0	23.22985165927512	-37.47017893271683	2367.0	-2.2620732792765317	-1658.0	
2.181518999974667	2090.0	2829.0	-9.22905238348568	-0.9699947733326175	1891.0	0.0	3764.739990234375	57827.0	-0.93	149.0	-0.5242914979757085	-669.0	0.010121457489878543	-198.0	-575.0	26.60957332925524	-31.65632150672748	1974.0	7.3556786139951775	-1879.0	
1.6770922125246037	2076.0	2866.0	-9.671731128492006	-0.8152179173120639	1933.0	0.0	3784.271240234375	58467.0	-0.9400000000000001	145.0	-0.5222672064777328	-668.0	-0.016194331983805668	-185.0	-428.0	16.42452974460927	-27.027472311736854	1701.0	5.146328008200723	-1213.0	
1.4980823007760715	2087.0	2870.0	-9.715579446202376	-0.9504151032656843	1948.0	0.0	3803.802490234375	59107.0	-0.9400000000000001	145.0	-0.5222672064777328	-668.0	-0.016194331983805668	-185.0	-131.0	13.274200948157212	-21.611080812851682	1360.0	0.6431802767264778	-1007.0	
