Device	Device	Device	Device	Device	Device	Device	Device	Device	Device	Device	Device	Device	Device	Device	Device	Device	Device	Device	Device	Device	
Low Noise Accelerometer X	Low Noise Accelerometer X	Low Noise Accelerometer Z	Low Noise Accelerometer Z	Low Noise Accelerometer Y	Low Noise Accelerometer Y	Event_Marker	Timestamp	Timestamp	Magnetometer Z	Magnetometer Z	Magnetometer X	Magnetometer X	Magnetometer Y	Magnetometer Y	Gyroscope Y	Gyroscope Y	Gyroscope Z	Gyroscope Z	Gyroscope X	Gyroscope X	
CAL	UNCAL	UNCAL	CAL	CAL	UNCAL	CAL	UNCAL	CAL	CAL	UNCAL	UNCAL	CAL	CAL	UNCAL	CAL	UNCAL	CAL	UNCAL	UNCAL	CAL	
m/(s^2)	no units	no units	m/(s^2)	m/(s^2)	no units	no units	no units	ms	local_flux	no units	no units	local_flux	local_flux	no units	deg/s	no units	deg/s	no units	no units	deg/s	
9.525090555810666	2117.0	2245.0	-2.2528491808381244	-1.0823361985405833	1280.0	0.0	11391.0	347.625732421875	0.045	539.0	129.0	1.091093117408907	0.27530364372469635	-329.0	4.11377886526992	-142.0	0.10203831743268146	-28.0	-408.0	1.0291007882686956	
9.513678203823273	2119.0	2241.0	-2.2036081891012254	-1.1055618877678883	1281.0	0.0	12031.0	367.156982421875	0.045	539.0	129.0	1.091093117408907	0.27530364372469635	-329.0	4.251414589386757	-152.0	-0.012665831676402312	-21.0	-417.0	1.1813985833588538	
9.466918427143906	2116.0	2234.0	-2.1176810951333596	-1.0681663653420714	1285.0	0.0	12671.0	386.688232421875	0.055	543.0	132.0	1.097165991902834	0.32186234817813764	-352.0	4.251414589386757	-163.0	-0.19892208587082008	-9.0	-417.0	1.3483253410562837	
9.407532092455742	2119.0	2233.0	-2.103933611568489	-1.1046298573309088	1290.0	0.0	13311.0	406.219482421875	0.055	543.0	132.0	1.097165991902834	0.32186234817813764	-352.0	3.4867716776265487	-121.0	-0.22341823218851534	-5.0	-367.0	0.7036120659518605	
9.455019670146148	2119.0	2234.0	-2.1170806044327124	-1.104417921411289	1286.0	0.0	13951.0	425.750732421875	0.055	543.0	132.0	1.097165991902834	0.32186234817813764	-352.0	2.477443034103074	-92.0	-0.009411849092373234	-16.0	-301.0	0.26076210369719965	
9.490609695175138	2123.0	2235.0	-2.1295066729624654	-1.1525033136159315	1283.0	0.0	14591.0	445.281982421875	0.055	543.0	133.0	1.0991902834008098	0.32186234817813764	-352.0	2.7068359076311364	-54.0	-0.24346698800132172	-1.0	-316.0	-0.32466882670063624	
9.503004491873961	2127.0	2231.0	-2.0805031935562717	-1.199592067145157	1282.0	0.0	15231.0	464.813232421875	0.055	543.0	133.0	1.0991902834008098	0.32186234817813764	-352.0	4.343171738797982	-38.0	-0.9524488588366641	41.0	-423.0	-0.5772703839389882	
9.467419284190326	2127.0	2230.0	-2.067595390491224	-1.1996897631606922	1285.0	0.0	15871.0	484.344482421875	0.055	543.0	133.0	1.0991902834008098	0.32186234817813764	-352.0	4.92430035173574	-13.0	-1.4948001093973435	75.0	-461.0	-0.9663059878977176	
9.42028898315558	2120.0	2226.0	-2.0187207320612095	-1.1148462236048489	1289.0	0.0	16511.0	503.875732421875	0.055	543.0	133.0	1.0991902834008098	0.32186234817813764	-352.0	2.8597644899831782	-5.0	-1.7032330017563073	94.0	-326.0	-1.0911461860863065	
9.491219206858514	2123.0	2230.0	-2.068555504624871	-1.1512781951323459	1283.0	0.0	17151.0	523.406982421875	0.0525	542.0	132.0	1.097165991902834	0.3319838056680162	-357.0	1.1775500841107205	44.0	-1.4900067111949016	85.0	-216.0	-1.8408936224288126	
9.574654086233565	2120.0	2229.0	-2.0584009004530572	-1.1140961759419061	1276.0	0.0	17791.0	542.938232421875	0.0525	542.0	132.0	1.097165991902834	0.3319838056680162	-357.0	0.6575929041137789	77.0	-1.2949595113751682	74.0	-182.0	-2.3453111111487375	
9.575029427934297	2128.0	2226.0	-2.020866730379911	-1.2097272812921105	1276.0	0.0	18431.0	562.469482421875	0.0525	542.0	132.0	1.097165991902834	0.3319838056680162	-357.0	1.529285823520416	129.0	-0.8758047944620782	45.0	-239.0	-3.1390327142021017	
9.538588495221259	2126.0	2232.0	-2.0935314302551427	-1.1874485990745771	1279.0	0.0	19071.0	582.000732421875	0.0475	540.0	131.0	1.0951417004048583	0.3097165991902834	-346.0	2.27863587704542	190.0	-0.4349952759798617	15.0	-288.0	-4.070638122162899	
9.609877199916188	2123.0	2233.0	-2.10751810361919	-1.1508708671816557	1273.0	0.0	19711.0	601.531982421875	0.0475	540.0	131.0	1.0951417004048583	0.3097165991902834	-346.0	3.257378804098486	211.0	-0.1479241320276473	-6.0	-352.0	-4.390001567543999	
9.62177234390493	2117.0	2233.0	-2.108479895221308	-1.0784819949473046	1272.0	0.0	20351.0	621.063232421875	0.0475	540.0	131.0	1.0951417004048583	0.3097165991902834	-346.0	4.801957485854107	215.0	-0.36289449176344307	4.0	-453.0	-4.453529205773857	
9.609624964888472	2116.0	2235.0	-2.1327416063909936	-1.0670405101897784	1273.0	0.0	20991.0	640.594482421875	0.0475	540.0	131.0	1.0951417004048583	0.3097165991902834	-346.0	6.025386144670439	202.0	-0.22925279854353114	-8.0	-533.0	-4.252714501286033	
9.597845701554714	2117.0	2234.0	-2.1201917492904747	-1.0789554984521899	1274.0	0.0	21631.0	660.125732421875	0.0575	544.0	119.0	1.0708502024291497	0.2793522267206478	-331.0	6.28536473466891	137.0	-0.6187608789480976	16.0	-550.0	-3.259218144311961	
9.586066438220957	2118.0	2233.0	-2.107641892189956	-1.0908704867146015	1275.0	0.0	22271.0	679.656982421875	0.0575	544.0	119.0	1.0708502024291497	0.2793522267206478	-331.0	5.199571799969415	73.0	-0.6466758351448458	20.0	-479.0	-2.2774503397539347	
9.562388417889444	2122.0	2232.0	-2.09449154438879	-1.1390370310462308	1277.0	0.0	22911.0	699.188232421875	0.0575	544.0	119.0	1.0708502024291497	0.2793522267206478	-331.0	4.4655146046796155	20.0	-0.3332147409705254	1.0	-431.0	-1.4610580949315712	
9.515139827527038	2118.0	2229.0	-2.0574458187248235	-1.090575831352238	1281.0	0.0	23551.0	718.719482421875	0.0675	548.0	130.0	1.0931174089068827	0.2935222672064777	-338.0	4.618443187031657	-30.0	-0.3008606148519205	-2.0	-441.0	-0.69351037076414	
9.563600215238168	2116.0	2222.0	-1.9733118095165436	-1.0643121617487925	1277.0	0.0	24191.0	738.250732421875	0.0675	548.0	130.0	1.0931174089068827	0.2935222672064777	-338.0	4.358464597033186	-58.0	-0.4485656450211093	8.0	-424.0	-0.26534187863833447	
9.575993807600653	2119.0	2218.0	-1.9244287637441737	-1.0993551432229733	1276.0	0.0	24831.0	757.781982421875	0.0675	548.0	130.0	1.0931174089068827	0.2935222672064777	-338.0	4.083193148799511	-46.0	-0.06657767461494099	-16.0	-406.0	-0.4456558028317717	
9.491944599196874	2118.0	2224.0	-1.9960162707888764	-1.0895791926768206	1283.0	0.0	25471.0	777.313232421875	0.0725	550.0	123.0	1.0789473684210527	0.26720647773279355	-325.0	3.0738645052760365	-36.0	0.2214171021707232	-32.0	-340.0	-0.5962206916451641	
9.515991939547426	2117.0	2222.0	-1.972234616686015	-1.0768148934201738	1281.0	0.0	26111.0	796.844482421875	0.0725	550.0	123.0	1.0789473684210527	0.26720647773279355	-325.0	2.8138859152775657	-7.0	0.4054524802263692	-43.0	-323.0	-1.03937036395023	
9.528506229910247	2119.0	2217.0	-1.9112817708799499	-1.0995670791425929	1280.0	0.0	26751.0	816.375732421875	0.0725	550.0	123.0	1.0789473684210527	0.26720647773279355	-325.0	2.737421624101545	-3.0	0.055368115306127064	-20.0	-318.0	-1.104249142231932	
9.493047741908642	2123.0	2215.0	-1.8857019996120885	-1.147602839681589	1283.0	0.0	27391.0	835.906982421875	0.0725	550.0	123.0	1.0789473684210527	0.26720647773279355	-325.0	3.4867716776265487	20.0	-0.3863532033508864	7.0	-367.0	-1.461589479555375	
9.516608677248831	2123.0	2217.0	-1.9105608465454789	-1.1478644072668551	1281.0	0.0	28031.0	855.438232421875	0.0775	552.0	126.0	1.0850202429149798	0.2874493927125506	-335.0	4.55727175409084	33.0	-0.6425042928119731	21.0	-437.0	-1.6636292780056094	
9.623726394300748	2120.0	2217.0	-1.913074855639536	-1.110698931964964	1272.0	0.0	28671.0	874.969482421875	0.0775	552.0	126.0	1.0850202429149798	0.2874493927125506	-335.0	5.9030432787888065	34.0	-0.9422677147777052	37.0	-525.0	-1.6819713958833917	
9.683112728988908	2117.0	2218.0	-1.9268223392044073	-1.0742354399761267	1267.0	0.0	29311.0	894.500732421875	0.0775	552.0	126.0	1.0850202429149798	0.2874493927125506	-335.0	6.178314727022481	72.0	-0.5783100914444111	13.0	-543.0	-2.261422198658805	
9.562750511890455	2119.0	2229.0	-2.0582821442877046	-1.1021646437909458	1277.0	0.0	29951.0	914.031982421875	0.08750000000000001	556.0	117.0	1.0668016194331984	0.30364372469635625	-343.0	4.343171738797982	113.0	0.4088408354941365	-46.0	-423.0	-2.880674519372541	
9.55984653386434	2137.0	2253.0	-2.3486799468993307	-1.3248691095029574	1277.0	0.0	30591.0	933.563232421875	0.08750000000000001	556.0	117.0	1.0668016194331984	0.30364372469635625	-343.0	3.502064535861753	137.0	1.199818897237922	-95.0	-368.0	-3.2410323465501008	
9.436828960758476	2161.0	2286.0	-2.745675352723921	-1.6231958198565324	1287.0	0.0	31231.0	953.094482421875	0.08750000000000001	556.0	117.0	1.0668016194331984	0.30364372469635625	-343.0	5.7654075546719685	63.0	0.0674328219053083	-28.0	-516.0	-2.116864416602184	
9.386422953005894	2167.0	2309.0	-3.0243713660772076	-1.7015629568276296	1291.0	0.0	31871.0	972.625732421875	0.08750000000000001	556.0	117.0	1.0668016194331984	0.30364372469635625	-343.0	9.802722128765867	-177.0	-2.2380240733642336	109.0	-780.0	1.5427570923950982	
9.431735558017559	2183.0	2328.0	-3.255015626815591	-1.89849380032963	1287.0	0.0	32511.0	992.156982421875	0.095	559.0	129.0	1.091093117408907	0.31781376518218624	-350.0	11.117907936993426	-418.0	-4.650090086310952	260.0	-866.0	5.216656993873734	
9.308460932538623	2196.0	2363.0	-3.6777162699472807	-2.0648070654711494	1297.0	0.0	33151.0	1011.688232421875	0.095	559.0	129.0	1.091093117408907	0.31781376518218624	-350.0	7.692307692307693	-657.0	-5.426449942913637	317.0	-642.0	8.87622498959956	
9.218580885692184	2212.0	2417.0	-4.332387621257885	-2.2715703773031755	1304.0	0.0	33791.0	1031.219482421875	0.095	559.0	129.0	1.091093117408907	0.31781376518218624	-350.0	4.9090074935005354	-904.0	-5.414548995230835	321.0	-460.0	12.666431462633238	
9.041989048416522	2243.0	2499.0	-5.324904682157428	-2.6666806127975375	1318.0	0.0	34431.0	1050.750732421875	0.095	559.0	125.0	1.082995951417004	0.2834008097165992	-333.0	6.65239333231381	-1164.0	-6.400869640662805	378.0	-574.0	16.646134007291394	
9.071602245939411	2244.0	2549.0	-5.935013501297075	-2.6906348499761856	1315.0	0.0	35071.0	1070.281982421875	0.095	559.0	125.0	1.082995951417004	0.2834008097165992	-333.0	8.609879186419942	-1660.0	-8.324044018084107	493.0	-702.0	24.237766157947135	
9.079212743099447	2223.0	2584.0	-6.364439975769708	-2.446135226301267	1314.0	0.0	35711.0	1089.813232421875	0.095	559.0	125.0	1.082995951417004	0.2834008097165992	-333.0	11.607279400519959	-2385.0	-10.800748199930224	639.0	-898.0	35.33774976826923	
9.148287936352812	2204.0	2603.0	-6.599777793290273	-2.221235568068542	1308.0	0.0	36351.0	1109.344482421875	0.095	559.0	118.0	1.0688259109311742	0.34210526315789475	-362.0	9.741550695825051	-3282.0	-12.740199488970912	761.0	-776.0	49.08235709671686	
9.244581135046623	2185.0	2594.0	-6.494267447718664	-1.9892467665195697	1300.0	0.0	36991.0	1128.875732421875	0.095	559.0	118.0	1.0688259109311742	0.34210526315789475	-362.0	9.726257837589847	-4200.0	-12.865055400147186	760.0	-775.0	63.16734453576377	
9.277950422616016	2167.0	2613.0	-6.728767262207876	-1.7767356000541419	1297.0	0.0	37631.0	1148.406982421875	0.095	559.0	118.0	1.0688259109311742	0.34210526315789475	-362.0	1.804557271754091	-4984.0	-12.314751435439828	737.0	-257.0	75.20292276338077	
9.312039080842078	2139.0	2626.0	-6.891330011030213	-1.4422965708579665	1294.0	0.0	38271.0	1167.938232421875	0.095	559.0	118.0	1.0688259109311742	0.34210526315789475	-362.0	-2.7221287658663407	-5774.0	-10.824505293163236	644.0	39.0	87.33996731472219	
9.325115913771088	2102.0	2616.0	-6.774122908605677	-0.9940385279500652	1293.0	0.0	38911.0	1187.469482421875	0.0525	542.0	105.0	1.04251012145749	0.32186234817813764	-352.0	0.09175714941122497	-6591.0	-10.78554857700667	626.0	-145.0	99.87680003057181	
9.578174927849902	2052.0	2590.0	-6.468221500724073	-0.3829802710974282	1272.0	0.0	39551.0	1207.000732421875	0.0525	542.0	105.0	1.04251012145749	0.32186234817813764	-352.0	0.48937146352653316	-7280.0	-10.384220312719437	592.0	-171.0	110.45316255366275	
9.534647501780189	2000.0	2556.0	-6.059059345790558	0.25127372183693053	1276.0	0.0	40191.0	1226.531982421875	0.0525	542.0	105.0	1.04251012145749	0.32186234817813764	-352.0	-0.8716929194066372	-7927.0	-8.045041887370733	437.0	-82.0	120.40443526472305	
9.521625128352914	1981.0	2565.0	-6.170820498041702	0.4778239377082373	1277.0	0.0	40831.0	1246.063232421875	-0.005	519.0	107.0	1.0465587044534412	0.32388663967611336	-353.0	-7.080593362899527	-8447.0	-5.0618239605299395	254.0	324.0	128.4133989462164	
9.400507410507648	1963.0	2582.0	-6.377830377806586	0.689340032814005	1287.0	0.0	41471.0	1265.594482421875	-0.005	519.0	107.0	1.0465587044534412	0.32388663967611336	-353.0	-8.41107202936229	-9003.0	-4.601734187674706	222.0	411.0	136.94953275786239	
9.772868855081324	1942.0	2554.0	-6.046447825200819	0.9527033465046283	1256.0	0.0	42111.0	1285.125732421875	-0.005	519.0	107.0	1.0465587044534412	0.32388663967611336	-353.0	-9.068664933476068	-9711.0	-6.914264251097445	367.0	454.0	147.7903018871806	
9.838082415203132	1919.0	2507.0	-5.477472765401259	1.2418434170367771	1251.0	0.0	42751.0	1304.656982421875	-0.005	519.0	107.0	1.0465587044534412	0.32388663967611336	-353.0	-2.1410001529285827	-10443.0	-11.133450516382243	616.0	1.0	158.98027206227522	
10.03627752441415	1882.0	2443.0	-4.70558089191835	1.705046338128666	1235.0	0.0	43391.0	1324.188232421875	-0.065	495.0	95.0	1.0222672064777327	0.3360323886639676	-359.0	1.055207218229087	-11045.0	-13.04552877235143	726.0	-208.0	168.19853044190668	
9.734445670779575	1877.0	2478.0	-5.126861493471222	1.7538433714166846	1260.0	0.0	44031.0	1343.719482421875	-0.065	495.0	95.0	1.0222672064777327	0.3360323886639676	-359.0	1.605750114696437	-11262.0	-12.531756186269746	689.0	-244.0	171.53342112158063	
9.64915816962763	1860.0	2494.0	-5.322278275332292	1.9539014378763773	1267.0	0.0	44671.0	1363.250732421875	-0.065	495.0	95.0	1.0222672064777327	0.3360323886639676	-359.0	5.551307539379111	-11604.0	-12.249852843388945	657.0	-502.0	176.78405356608818	
10.193735010720044	1818.0	2420.0	-4.436022737519424	2.483096413429101	1222.0	0.0	45311.0	1382.781982421875	-0.16	457.0	87.0	1.0060728744939271	0.3441295546558705	-363.0	13.641229545802112	-12174.0	-14.060516862610868	748.0	-1031.0	185.51230261102714	
10.240628231642354	1794.0	2328.0	-3.3181292167169874	2.795079842560397	1219.0	0.0	45951.0	1402.313232421875	-0.16	457.0	87.0	1.0060728744939271	0.3441295546558705	-363.0	16.60804404343172	-12544.0	-14.251327199902171	749.0	-1225.0	191.18785346116044	
9.747517184906112	1799.0	2370.0	-3.8197100808174347	2.7198761509556038	1260.0	0.0	46591.0	1421.844482421875	-0.16	457.0	87.0	1.0060728744939271	0.3441295546558705	-363.0	6.28536473466891	-12714.0	-9.234950373132275	448.0	-550.0	193.8465794513094	
9.920810934530632	1799.0	2413.0	-4.347477975508388	2.7110537305580302	1245.0	0.0	47231.0	1441.375732421875	-0.225	431.0	88.0	1.008097165991903	0.3259109311740891	-354.0	3.226793087628078	-12927.0	-6.330630143549394	265.0	-350.0	197.14399767278582	
10.197901632587602	1735.0	2385.0	-4.01936055076363	3.4914713233828927	1222.0	0.0	47871.0	1460.906982421875	-0.225	431.0	88.0	1.008097165991903	0.3259109311740891	-354.0	11.546107967579141	-13373.0	-5.962763478289852	215.0	-894.0	203.9913160509621	
9.9168965749667	1650.0	2346.0	-3.548437741425178	4.522176114535621	1246.0	0.0	48511.0	1480.438232421875	-0.225	431.0	88.0	1.008097165991903	0.3259109311740891	-354.0	21.6852729775195	-13948.0	-6.841029255263662	240.0	-1557.0	212.80561149661418	
9.949803745674602	1580.0	2173.0	-1.4481968611112532	5.407883497824883	1245.0	0.0	49151.0	1499.969482421875	-0.225	431.0	88.0	1.008097165991903	0.3259109311740891	-354.0	24.162716011622575	-14637.0	-4.27730204249189	60.0	-1719.0	223.40359800918995	
9.317589976128653	1642.0	2185.0	-1.57433572046807	4.652050631135057	1298.0	0.0	49791.0	1519.500732421875	-0.3025	400.0	99.0	1.0303643724696356	0.3340080971659919	-358.0	-3.349135953509711	-14703.0	6.841159103665518	-592.0	80.0	224.52751854208776	
9.199029095801665	1658.0	2279.0	-2.7161380388810756	4.435257891626179	1307.0	0.0	50431.0	1539.031982421875	-0.3025	400.0	99.0	1.0303643724696356	0.3340080971659919	-358.0	-19.69720140694296	-14574.0	13.005722501251014	-949.0	1149.0	222.60972578416553	
9.756843712379704	1648.0	2292.0	-2.8870573334583405	4.557899579611257	1260.0	0.0	51071.0	1558.563232421875	-0.3025	400.0	99.0	1.0303643724696356	0.3340080971659919	-358.0	-18.687872763419485	-14507.0	15.49806974194201	-1113.0	1083.0	221.60656885147804	
10.288018459511468	1640.0	2133.0	-0.9600588107580137	4.698136839705255	1217.0	0.0	51711.0	1578.094482421875	-0.40750000000000003	358.0	99.0	1.0303643724696356	0.2631578947368421	-323.0	-8.502829178773514	-14723.0	11.704573006644594	-895.0	417.0	224.88304235428006	
9.795473505406019	1637.0	1975.0	0.9759219691730702	4.768075584076076	1260.0	0.0	52351.0	1597.625732421875	-0.40750000000000003	358.0	99.0	1.0303643724696356	0.2631578947368421	-323.0	-6.331243309374523	-14701.0	9.652362722049151	-767.0	275.0	224.52494161095535	
8.88581011829839	1704.0	2115.0	-0.7047024558751622	3.9181375460413843	1335.0	0.0	52991.0	1617.156982421875	-0.40750000000000003	358.0	99.0	1.0303643724696356	0.2631578947368421	-323.0	-37.52867410919101	-13828.0	16.0635715608187	-1094.0	2315.0	211.19331946580002	
9.562529442737247	1733.0	2227.0	-2.0803890596086076	3.547993416849658	1277.0	0.0	53631.0	1636.688232421875	-0.40750000000000003	358.0	99.0	1.0303643724696356	0.2631578947368421	-323.0	-59.443339960238575	-13211.0	16.34260455591631	-1049.0	3748.0	201.72856337868794	
11.075057415892521	1721.0	2024.0	0.3628844463948018	3.7565624799542907	1152.0	0.0	54271.0	1656.219482421875	-0.5225	312.0	102.0	1.0364372469635628	0.16396761133603238	-274.0	-58.72457562318398	-13075.0	10.889951640286156	-695.0	3701.0	199.58718707202664	
11.16364661770462	1710.0	1883.0	2.0789474847478395	3.9242997532214	1146.0	0.0	54911.0	1675.750732421875	-0.5225	312.0	102.0	1.0364372469635628	0.16396761133603238	-274.0	-50.61936075852577	-13140.0	3.0500156691431277	-207.0	3171.0	200.50617915009332	
10.205254450028635	1722.0	1934.0	1.4778259552443629	3.758115087701559	1226.0	0.0	55551.0	1695.281982421875	-0.5225	312.0	102.0	1.0364372469635628	0.16396761133603238	-274.0	-44.68573176326656	-12770.0	-0.883430284424839	37.0	2783.0	194.78938573705145	
10.486864466354072	1702.0	1967.0	1.067399016359538	3.9936865045088035	1202.0	0.0	56191.0	1714.813232421875	-0.63	269.0	83.0	0.9979757085020243	0.04251012145748988	-214.0	-40.22021715858694	-12590.0	-2.449441094346806	129.0	2491.0	192.0117185704897	
11.740313944695474	1665.0	1741.0	3.793299231452166	4.5065221361241905	1099.0	0.0	56831.0	1734.344482421875	-0.63	269.0	83.0	0.9979757085020243	0.04251012145748988	-214.0	-25.58495182749656	-12593.0	-7.003476850799554	387.0	1534.0	192.01221166389956	
11.245470208359047	1713.0	1700.0	4.308925597809377	3.9335729730759224	1141.0	0.0	57471.0	1753.875732421875	-0.63	269.0	83.0	0.9979757085020243	0.04251012145748988	-214.0	-17.066829790487844	-12172.0	-7.787137303231924	420.0	977.0	185.54434743930466	
10.517842111905628	1714.0	1713.0	4.165163571515206	3.9113732588144208	1202.0	0.0	58111.0	1773.406982421875	-0.665	255.0	93.0	1.0182186234817814	-0.0708502024291498	-158.0	-4.587857470561248	-11543.0	-6.405576679246494	304.0	161.0	175.90648282458395	
10.128028096525242	1746.0	1689.0	4.469476319190832	3.5280192049394303	1235.0	0.0	58751.0	1792.938232421875	-0.665	255.0	93.0	1.0182186234817814	-0.0708502024291498	-158.0	7.2488148034867725	-11009.0	-5.120567399960178	195.0	-613.0	167.72537864393811	
10.665672599312275	1782.0	1575.0	5.852974216941878	3.1273306681632853	1191.0	0.0	59391.0	1812.469482421875	-0.665	255.0	93.0	1.0182186234817814	-0.0708502024291498	-158.0	17.326808380486316	-10602.0	-7.691404099175778	340.0	-1272.0	161.45446542808912	
10.244637773641795	1794.0	1514.0	6.606634507036756	2.9936152124554667	1227.0	0.0	60031.0	1832.000732421875	-0.665	255.0	93.0	1.0182186234817814	-0.0708502024291498	-158.0	28.460009175714944	-9959.0	-11.05265175771557	536.0	-2000.0	151.55434995932941	
9.766120583009883	1807.0	1534.0	6.373963062893137	2.8275501056421786	1267.0	0.0	60671.0	1851.531982421875	-0.645	263.0	97.0	1.0263157894736843	-0.18016194331983806	-104.0	31.977366569811903	-9022.0	-10.403578695747962	494.0	-2230.0	137.18305950228606	
9.73781990857542	1819.0	1571.0	5.924848000399177	2.6737064843949425	1269.0	0.0	61311.0	1871.063232421875	-0.645	263.0	97.0	1.0263157894736843	-0.18016194331983806	-104.0	23.18397308456951	-7807.0	-7.020029791096928	309.0	-1655.0	118.5733473467108	
10.098313908896134	1827.0	1543.0	6.259962318185006	2.5876281685851916	1239.0	0.0	61951.0	1890.594482421875	-0.645	263.0	97.0	1.0263157894736843	-0.18016194331983806	-104.0	15.13992965285212	-6671.0	-4.92441039739346	205.0	-1129.0	101.16297010501795	
10.477565275636842	1794.0	1556.0	6.08986089701744	2.9856090152750303	1207.0	0.0	62591.0	1910.125732421875	-0.61	277.0	103.0	1.0384615384615385	-0.23481781376518218	-77.0	11.423765101697509	-5609.0	-3.028623342470425	102.0	-886.0	84.88608633063852	
11.513684152405524	1732.0	1648.0	4.939843811981128	3.71995781414922	1119.0	0.0	63231.0	1929.656982421875	-0.61	277.0	103.0	1.0384615384615385	-0.23481781376518218	-77.0	7.401743385838814	-4661.0	2.7839870709553347	-256.0	-623.0	70.39764192687038	
12.561695764490274	1662.0	1740.0	3.7886240680750527	4.550787029367849	1030.0	0.0	63871.0	1949.188232421875	-0.61	277.0	103.0	1.0384615384615385	-0.23481781376518218	-77.0	17.739715552836827	-3910.0	13.944364637957513	-1001.0	-1299.0	58.985538475288585	
12.564481014676021	1582.0	1814.0	2.876672896173588	5.496431280118424	1029.0	0.0	64511.0	1968.719482421875	-0.61	277.0	103.0	1.0384615384615385	-0.23481781376518218	-77.0	57.19528979966356	-3506.0	27.501381587459534	-1981.0	-3879.0	52.921937246901145	
11.874428570758717	1515.0	1811.0	2.91904755206218	6.297607164459674	1087.0	0.0	65151.0	1988.250732421875	-0.5575	298.0	109.0	1.0506072874493928	-0.25303643724696356	-68.0	116.97507264107662	-3241.0	40.31646904715101	-2967.0	-7788.0	48.98379995209496	
8.81023355660995	1543.0	1757.0	3.6424032800427315	5.9440829312874355	1345.0	0.0	255.0	2007.781982421875	-0.5575	298.0	109.0	1.0506072874493928	-0.25303643724696356	-68.0	184.53892032420862	-3336.0	55.47199553182449	-4129.0	-12206.0	50.59308116446356	
6.254125310141297	1624.0	1734.0	3.9839595855582757	4.949449360475229	1560.0	0.0	895.0	2027.313232421875	-0.5575	298.0	109.0	1.0506072874493928	-0.25303643724696356	-68.0	230.72335219452518	-3433.0	66.80657019354447	-4987.0	-15226.0	52.19484182591888	
4.741528362503824	1708.0	1743.0	3.914741012287178	3.9208908267623483	1687.0	0.0	1535.0	2046.844482421875	-0.3	401.0	134.0	1.1012145748987854	-0.37044534412955465	-10.0	249.94647499617682	-3569.0	69.44675426660355	-5210.0	-16483.0	54.30809344415445	
3.824537524551559	1792.0	1748.0	3.8823238837273437	2.8990243830405444	1764.0	0.0	2175.0	2066.375732421875	-0.3	401.0	134.0	1.1012145748987854	-0.37044534412955465	-10.0	265.6369475454963	-3522.0	59.044277228929346	-4574.0	-17509.0	53.48287794184584	
2.1552424687305365	1862.0	1773.0	3.619484968291705	2.033701160197718	1904.0	0.0	2815.0	2085.906982421875	-0.3	401.0	134.0	1.1012145748987854	-0.37044534412955465	-10.0	283.19314879951065	-3389.0	37.47550023419287	-3216.0	-18657.0	51.22637384536787	
1.282310286669374	1933.0	1807.0	3.2310286669374118	1.1617810256030323	1977.0	0.0	3455.0	2105.438232421875	0.08	553.0	133.0	1.0991902834008098	-0.3866396761133603	-2.0	297.5684355406026	-3336.0	11.853500107582713	-1587.0	-19597.0	50.15689621022114	
0.6329463249579307	1990.0	1862.0	2.5803467815073424	0.45552676032550926	2031.0	0.0	4095.0	2124.969482421875	0.08	553.0	133.0	1.0991902834008098	-0.3866396761133603	-2.0	310.36855788346844	-3520.0	-20.570898134402032	486.0	-20434.0	52.65603722089628	
-0.38301929872848667	1992.0	1897.0	2.1742606033418115	0.4131489949831658	2116.0	0.0	4735.0	2144.500732421875	0.08	553.0	133.0	1.0991902834008098	-0.3866396761133603	-2.0	324.8203089157364	-4350.0	-49.761333281165946	2338.0	-21379.0	65.10005430567232	
-0.9554614928283244	1966.0	1906.0	2.072898336215186	0.7186503397478275	2164.0	0.0	5375.0	2164.031982421875	0.08	553.0	133.0	1.0991902834008098	-0.3866396761133603	-2.0	308.07462914818785	-5855.0	-81.40664721179131	4424.0	-20284.0	87.87704907184404	
-1.204509508793728	1905.0	1898.0	2.168096739674793	1.4530035866935103	2185.0	0.0	6015.0	2183.563232421875	0.48	713.0	67.0	0.965587044534413	-0.3016194331983806	-44.0	257.88346842024777	-7739.0	-114.91009045663043	6714.0	-17002.0	116.45102185130297	
-1.3430434029890457	1827.0	1862.0	2.6004216058573393	2.4000237812197867	2197.0	0.0	6655.0	2203.094482421875	0.48	713.0	67.0	0.965587044534413	-0.3016194331983806	-44.0	187.00107050007648	-9813.0	-146.00014393880437	8899.0	-12367.0	147.9645804234323	
-0.8812916652217935	1687.0	1783.0	3.5375001444873146	4.110129857321866	2159.0	0.0	7295.0	2222.625732421875	0.48	713.0	67.0	0.965587044534413	-0.3016194331983806	-44.0	106.75944333996024	-11979.0	-174.19216391370685	10919.0	-7120.0	180.9188118271818	
0.4386184236548666	1521.0	1694.0	4.576128079772373	6.144101516916333	2049.0	0.0	7935.0	2242.156982421875	0.62	769.0	39.0	0.9089068825910931	0.024291497975708502	-205.0	13.442422388744458	-13542.0	-200.63052984843665	12865.0	-1018.0	204.63785612548375	
3.1328616016799606	1316.0	1559.0	6.143303025138907	8.672266965676204	1824.0	0.0	8575.0	2261.688232421875	0.62	769.0	39.0	0.9089068825910931	0.024291497975708502	-205.0	-102.1562930111638	-15140.0	-243.5479096640355	15940.0	6541.0	228.72916721301135	
4.736812527597533	1124.0	1483.0	7.014586093086575	11.018985148342527	1690.0	0.0	9215.0	2281.219482421875	0.62	769.0	39.0	0.9089068825910931	0.024291497975708502	-205.0	-131.35035938216853	-14687.0	-256.23030349957264	16845.0	8450.0	221.65129217752542	
6.74260990722679	1008.0	1431.0	7.5943240560123995	12.448228242843118	1522.0	0.0	9855.0	2300.750732421875	0.62	769.0	39.0	0.9089068825910931	0.024291497975708502	-205.0	-130.0810521486466	-14004.0	-265.1124713508046	17426.0	8367.0	211.08218816051377	
8.048507687580203	912.0	1360.0	8.422197329448952	13.634471192139479	1413.0	0.0	10495.0	2320.281982421875	0.47250000000000003	710.0	22.0	0.8744939271255061	0.41295546558704455	-397.0	-120.1865728704695	-13384.0	-263.70582576159893	17315.0	7720.0	201.5826747483684	
7.223654794214263	867.0	1389.0	8.079765135712002	14.161542694029874	1482.0	0.0	11135.0	2339.813232421875	0.47250000000000003	710.0	22.0	0.8744939271255061	0.41295546558704455	-397.0	-128.59764489983178	-12447.0	-254.12027228410165	16723.0	8270.0	187.3007490954803	
6.87409155821593	862.0	1425.0	7.647251059688315	14.209637744004839	1511.0	0.0	11775.0	2359.344482421875	0.47250000000000003	710.0	22.0	0.8744939271255061	0.41295546558704455	-397.0	-162.70071876433707	-11629.0	-237.26545029949426	15724.0	10500.0	174.91750968298024	
6.95495444515742	849.0	1445.0	7.400206420503998	14.362131986114665	1504.0	0.0	12415.0	2378.875732421875	0.2425	618.0	-29.0	0.771255060728745	0.708502024291498	-543.0	-209.0686649334761	-10671.0	-218.59124192901186	14640.0	13532.0	160.4042364222014	
6.52962343075197	873.0	1517.0	6.533771646625579	14.051393353987018	1539.0	0.0	13055.0	2398.406982421875	0.2425	618.0	-29.0	0.771255060728745	0.708502024291498	-543.0	-267.0897690778407	-9337.0	-200.94671615007022	13657.0	17326.0	140.11114048005217	
6.140997627450657	916.0	1581.0	5.766429411732431	13.514087962099516	1571.0	0.0	13695.0	2417.938232421875	0.2425	618.0	-29.0	0.771255060728745	0.708502024291498	-543.0	-318.10674415048175	-8168.0	-190.26749116906637	13107.0	20662.0	122.2802313335142	
5.9424117215886145	859.0	1452.0	7.336410254099583	14.230248707840047	1589.0	0.0	14335.0	2437.469482421875	-0.0625	496.0	-110.0	0.6072874493927125	0.8724696356275303	-624.0	-323.291023092216	-6935.0	-189.64025151858556	13092.0	21001.0	103.366755379551	
6.791471456434782	833.0	1419.0	7.718574214906776	14.559635596452845	1518.0	0.0	14975.0	2457.000732421875	-0.0625	496.0	-110.0	0.6072874493927125	0.8724696356275303	-624.0	-293.02645664474693	-4699.0	-191.04596966104194	13127.0	19022.0	69.04243273855914	
