Device	Device	Device	Device	Device	Device	Device	Device	Device	Device	Device	Device	Device	Device	Device	Device	Device	Device	Device	Device	Device	
Low Noise Accelerometer X	Low Noise Accelerometer X	Low Noise Accelerometer Z	Low Noise Accelerometer Z	Low Noise Accelerometer Y	Low Noise Accelerometer Y	Event_Marker	Timestamp	Timestamp	Magnetometer Z	Magnetometer Z	Magnetometer X	Magnetometer X	Magnetometer Y	Magnetometer Y	Gyroscope Y	Gyroscope Y	Gyroscope Z	Gyroscope Z	Gyroscope X	Gyroscope X	
CAL	UNCAL	UNCAL	CAL	CAL	UNCAL	CAL	CAL	UNCAL	UNCAL	CAL	UNCAL	CAL	CAL	UNCAL	CAL	UNCAL	CAL	UNCAL	CAL	UNCAL	
m/(s^2)	no units	no units	m/(s^2)	m/(s^2)	no units	no units	ms	no units	no units	local_flux	no units	local_flux	local_flux	no units	deg/s	no units	deg/s	no units	deg/s	no units	
9.71162171794139	2067.0	1886.0	2.114552746519839	-0.39071320981790014	1268.0	0.0	121.15478515625	3970.0	471.0	-0.125	77.0	0.9858299595141701	0.4352226720647773	-408.0	-3.9455574246826735	690.0	-2.985530613541518	202.0	-11.768385304600969	119.0	
9.698519593949278	2083.0	1896.0	1.9948165377850056	-0.5860100395698673	1269.0	0.0	140.68603515625	4610.0	471.0	-0.125	77.0	0.9858299595141701	0.4352226720647773	-408.0	-6.545343324667381	654.0	-2.379509580564383	169.0	-11.2099236825787	289.0	
9.924543926077574	2084.0	1897.0	1.978202131566962	-0.5961302771440294	1250.0	0.0	160.21728515625	5250.0	470.0	-0.1275	77.0	0.9858299595141701	0.4068825910931174	-394.0	-7.050007646429118	552.0	-1.8674113776475225	136.0	-9.639665367420791	322.0	
9.85057216563945	2086.0	1918.0	1.7238832306117713	-0.6260527583096832	1256.0	0.0	179.74853515625	5890.0	470.0	-0.1275	77.0	0.9858299595141701	0.4068825910931174	-394.0	-3.135035938216853	464.0	-1.1146537342722835	76.0	-8.281823229072048	66.0	
9.813752278216667	2073.0	1927.0	1.6133230597619226	-0.47200565457681165	1259.0	0.0	199.27978515625	6530.0	470.0	-0.1275	77.0	0.9858299595141701	0.4068825910931174	-394.0	1.9574858541061326	271.0	-0.1328699759030515	-3.0	-5.310520045470248	-267.0	
9.657911099398858	2062.0	1936.0	1.5053956541714837	-0.3431924939948709	1272.0	0.0	218.81103515625	7170.0	475.0	-0.115	85.0	1.0020242914979758	0.44534412955465585	-413.0	6.086557577611256	163.0	1.1158193901545497	-96.0	-3.6408289167321817	-537.0	
9.539495706678194	2061.0	1931.0	1.5686182868670167	-0.3310640024970825	1282.0	0.0	238.34228515625	7810.0	475.0	-0.115	85.0	1.0020242914979758	0.44534412955465585	-413.0	6.621807615843402	44.0	1.8913310927955398	-149.0	-1.8070802443889082	-572.0	
9.420341673919449	2054.0	1932.0	1.5579769157544947	-0.24813102084933006	1292.0	0.0	257.87353515625	8450.0	475.0	-0.115	85.0	1.0020242914979758	0.44534412955465585	-413.0	4.81725034408931	-37.0	2.4586418340264684	-182.0	-0.5585039606684817	-454.0	
9.43200023925287	2054.0	1934.0	1.5333572586202806	-0.2485068283386801	1291.0	0.0	277.40478515625	9090.0	475.0	-0.115	85.0	1.0020242914979758	0.44534412955465585	-413.0	2.0492430035173577	-107.0	3.189220135534774	-223.0	0.5229156784153447	-273.0	
9.527726078035144	2070.0	1930.0	1.5821316130381249	-0.4393451671998499	1283.0	0.0	296.93603515625	9730.0	474.0	-0.11750000000000001	82.0	0.9959514170040485	0.4473684210526316	-414.0	1.9269001376357242	-203.0	3.056338442949202	-215.0	1.99465729266948	-265.0	
9.625141688822133	2072.0	1912.0	1.7998831679277014	-0.4581123655363571	1275.0	0.0	316.46728515625	10370.0	474.0	-0.11750000000000001	82.0	0.9959514170040485	0.4473684210526316	-414.0	3.899678849977061	-312.0	2.6684778645150837	-196.0	3.663327405620753	-394.0	
9.578380707806428	2068.0	1905.0	1.8856898282617434	-0.408671071055496	1279.0	0.0	335.99853515625	11010.0	474.0	-0.11750000000000001	82.0	0.9959514170040485	0.4473684210526316	-414.0	4.74078605291329	-308.0	2.8046384774153257	-207.0	3.603311077117256	-449.0	
9.47114470142685	2074.0	1906.0	1.876374904589753	-0.4822188862192376	1288.0	0.0	355.52978515625	11650.0	475.0	-0.115	69.0	0.9696356275303644	0.4271255060728745	-404.0	3.119743079981649	-264.0	3.353026645753728	-238.0	2.9336376778431448	-343.0	
9.626865182244321	2086.0	1898.0	1.9722325101464966	-0.62332284255294	1275.0	0.0	375.06103515625	12290.0	475.0	-0.115	69.0	0.9696356275303644	0.4271255060728745	-404.0	1.605750114696437	-246.0	3.4317227506978916	-239.0	2.6582239330463375	-244.0	
9.627094534881612	2074.0	1896.0	1.99516777387565	-0.47828353049897193	1275.0	0.0	394.59228515625	12930.0	475.0	-0.115	69.0	0.9696356275303644	0.4271255060728745	-404.0	1.437528674109191	-195.0	3.0925194909628986	-216.0	1.8722632338846177	-233.0	
9.507456505785184	2070.0	1901.0	1.9361267689945239	-0.4324679598032215	1285.0	0.0	414.12353515625	13570.0	475.0	-0.115	69.0	0.9696356275303644	0.4271255060728745	-404.0	0.12234286588163329	-120.0	3.310435983234237	-226.0	0.7236061244479632	-147.0	
9.483044662760944	2072.0	1906.0	1.8758948475229293	-0.4580131022050644	1287.0	0.0	433.65478515625	14210.0	474.0	-0.11750000000000001	84.0	1.0	0.4109311740890688	-396.0	-3.4256002446857323	-74.0	3.3671130091283583	-220.0	0.018326646433158678	85.0	
9.613363629824715	2074.0	1911.0	1.8125534586620438	-0.4820731258538131	1276.0	0.0	453.18603515625	14850.0	474.0	-0.11750000000000001	84.0	1.0	0.4109311740890688	-396.0	-5.0925217923229855	-68.0	3.034805299819806	-194.0	-0.07706333260867629	194.0	
9.61287842915069	2076.0	1915.0	1.764033391259616	-0.5071447647507705	1276.0	0.0	472.71728515625	15490.0	474.0	-0.11750000000000001	84.0	1.0	0.4109311740890688	-396.0	-4.587857470561248	-69.0	2.383858172549217	-153.0	-0.06822832022325727	161.0	
9.624540607493126	2079.0	1917.0	1.7397750350268728	-0.5436578884052541	1275.0	0.0	492.24853515625	16130.0	472.0	-0.1225	77.0	0.9858299595141701	0.402834008097166	-392.0	-4.19024315644594	-100.0	2.1324882137746592	-138.0	0.4049369735908693	135.0	
9.660619446205153	2084.0	1914.0	1.7762303348010193	-0.6028089578780725	1272.0	0.0	511.77978515625	16770.0	472.0	-0.1225	77.0	0.9858299595141701	0.402834008097166	-392.0	-2.875057348218382	-155.0	1.902259600562253	-127.0	1.246581288655615	49.0	
9.577907550495786	2080.0	1909.0	1.8383740971975522	-0.5542004305028982	1279.0	0.0	531.31103515625	17410.0	472.0	-0.1225	77.0	0.9858299595141701	0.402834008097166	-392.0	-2.0186572870469495	-199.0	1.1998855606639713	-84.0	1.9147148292141278	-7.0	
9.588951786800475	2076.0	1916.0	1.7523215371904495	-0.507618268255656	1278.0	0.0	550.84228515625	18050.0	472.0	-0.1225	79.0	0.9898785425101214	0.4008097165991903	-391.0	-2.0186572870469495	-213.0	1.197737547753125	-84.0	2.129516120298768	-7.0	
9.611774082102585	2070.0	1924.0	1.6535986864490042	-0.43707534569095785	1276.0	0.0	570.37353515625	18690.0	472.0	-0.1225	79.0	0.9898785425101214	0.4008097165991903	-391.0	-2.752714482336749	-246.0	1.2527951479670882	-86.0	2.6364346570190293	41.0	
9.540482968734977	2071.0	1923.0	1.6673444925454042	-0.4495615334737903	1282.0	0.0	589.90478515625	19330.0	472.0	-0.1225	79.0	0.9898785425101214	0.4008097165991903	-391.0	-2.385685884691849	-272.0	1.3264105700766906	-92.0	3.036127386351373	17.0	
9.625012560467429	2066.0	1913.0	1.7869703324572406	-0.38608275690280736	1275.0	0.0	609.43603515625	19970.0	472.0	-0.1225	79.0	0.9898785425101214	0.4008097165991903	-391.0	-2.2174644441046034	-339.0	0.8633619956008829	-63.0	4.0595773057009845	6.0	
9.565494688751889	2061.0	1913.0	1.7875641132840032	-0.3264250961480058	1280.0	0.0	628.96728515625	20610.0	472.0	-0.1225	75.0	0.9817813765182186	0.42105263157894735	-401.0	-1.819850129989295	-354.0	0.3837362465188514	-33.0	4.284948303082037	-20.0	
9.63655163213685	2068.0	1916.0	1.750401308923155	-0.4107951321989635	1274.0	0.0	648.49853515625	21250.0	472.0	-0.1225	75.0	0.9817813765182186	0.42105263157894735	-401.0	-3.517357394096957	-364.0	0.38857260954189526	-29.0	4.438441503293517	91.0	
9.613115007806012	2070.0	1913.0	1.7876912567917114	-0.43438008502706943	1276.0	0.0	668.02978515625	21890.0	472.0	-0.1225	75.0	0.9817813765182186	0.42105263157894735	-401.0	-4.756078911148494	-405.0	0.5856330147314761	-39.0	5.069535937328534	172.0	
9.745385616592927	2073.0	1902.0	1.9195140402449509	-0.4665655015833886	1265.0	0.0	687.56103515625	22530.0	468.0	-0.1325	80.0	0.9919028340080972	0.4291497975708502	-405.0	-6.3924147423153395	-442.0	0.6146415903975032	-37.0	5.637571918435816	279.0	
9.793371642657075	2082.0	1899.0	1.956211884755216	-0.5737854193723008	1261.0	0.0	707.09228515625	23170.0	468.0	-0.1325	80.0	0.9919028340080972	0.4291497975708502	-405.0	-6.163021868787277	-443.0	0.7591204715795508	-47.0	5.654361190905761	264.0	
9.87669184571348	2085.0	1899.0	1.954898857062453	-0.609123056208845	1254.0	0.0	726.62353515625	23810.0	468.0	-0.1325	80.0	0.9919028340080972	0.4291497975708502	-405.0	-3.4867716776265487	-463.0	0.7874389753142058	-56.0	5.961534049105605	89.0	
9.816689977660253	2083.0	1903.0	1.9070930041206113	-0.5865828064060455	1259.0	0.0	746.15478515625	24450.0	468.0	-0.1325	80.0	0.9919028340080972	0.4291497975708502	-405.0	-0.04587857470561248	-446.0	0.48323749583454106	-45.0	5.6976358121226856	-136.0	
9.722320720953803	2080.0	1896.0	1.9939768572851821	-0.5496442435965655	1267.0	0.0	765.68603515625	25090.0	468.0	-0.1325	83.0	0.9979757085020243	0.4109311740890688	-396.0	1.0246215017586788	-420.0	0.4444109411825471	-45.0	5.298290971464918	-206.0	
9.639129646252103	2083.0	1895.0	2.008202720448406	-0.5863362153935711	1274.0	0.0	785.21728515625	25730.0	468.0	-0.1325	83.0	0.9979757085020243	0.4109311740890688	-396.0	-0.3976143141153082	-352.0	0.8039613964704548	-64.0	4.258461587265303	-113.0	
9.698523206958292	2086.0	1896.0	1.9951778386864767	-0.6221473557350007	1269.0	0.0	804.74853515625	26370.0	468.0	-0.1325	83.0	0.9979757085020243	0.4109311740890688	-396.0	-1.5445786817556202	-320.0	0.3933238031623895	-34.0	3.7633317342722257	-38.0	
9.769206012978863	2086.0	1902.0	1.9206012978863063	-0.6229320584907984	1263.0	0.0	824.27978515625	27010.0	460.0	-0.1525	83.0	0.9979757085020243	0.3825910931174089	-382.0	-1.0857929346994954	-288.0	-0.2661059021397775	8.0	3.265713960159207	-68.0	
9.720743216595055	2086.0	1909.0	1.8362264214103794	-0.625104183984155	1267.0	0.0	843.81103515625	27650.0	460.0	-0.1525	83.0	0.9979757085020243	0.3825910931174089	-382.0	-0.7340571952897997	-267.0	-0.4769011461257909	21.0	2.941371850898724	-91.0	
9.742963226231819	2086.0	1922.0	1.677275004134282	-0.6280610122333093	1265.0	0.0	863.34228515625	28290.0	460.0	-0.1525	83.0	0.9979757085020243	0.3825910931174089	-382.0	-1.7892644135188869	-231.0	-0.3215086403367726	14.0	2.3905243642641176	-22.0	
9.847409930903924	2092.0	1944.0	1.4076597570592235	-0.7046980067545955	1256.0	0.0	882.87353515625	28930.0	461.0	-0.15	86.0	1.0040485829959513	0.4190283400809717	-400.0	-2.9209359229239946	-236.0	-0.06168350227026381	0.0	2.469845033935407	52.0	
9.974453191249864	2107.0	1976.0	1.0167476964150373	-0.891968706930285	1245.0	0.0	902.40478515625	29570.0	461.0	-0.15	86.0	1.0040485829959513	0.4190283400809717	-400.0	-1.437528674109191	-242.0	-0.27574154428601144	10.0	2.5597713554639987	-45.0	
9.88579096343384	2122.0	2020.0	0.48385824814579736	-1.0842360097400952	1252.0	0.0	921.93603515625	30210.0	461.0	-0.15	86.0	1.0040485829959513	0.4190283400809717	-400.0	-0.5811286129377581	-312.0	-0.3668763184704986	13.0	3.6329738637908977	-101.0	
9.996922324362448	2148.0	2085.0	-0.3077675637552738	-1.4122102244170232	1242.0	0.0	941.46728515625	30850.0	461.0	-0.15	86.0	1.0040485829959513	0.4190283400809717	-400.0	-0.04587857470561248	-366.0	-0.6426607448891214	29.0	4.458818137065456	-136.0	
9.926831466437298	2170.0	2172.0	-1.3644724038894105	-1.6991054707628128	1247.0	0.0	960.99853515625	31490.0	459.0	-0.155	90.0	1.0121457489878543	0.39878542510121456	-390.0	-4.9090074935005354	-472.0	-0.0799007946902828	4.0	6.090961004328685	182.0	
9.93314559833842	2186.0	2218.0	-1.9235354042532744	-1.9029946737884282	1246.0	0.0	980.52978515625	32130.0	459.0	-0.155	90.0	1.0121457489878543	0.39878542510121456	-390.0	-13.060100932864353	-704.0	0.24127612087543748	2.0	9.65409298216932	715.0	
10.02178785389381	2191.0	2272.0	-2.583119372523583	-1.9755408944537023	1238.0	0.0	1000.06103515625	32770.0	459.0	-0.155	90.0	1.0121457489878543	0.39878542510121456	-390.0	-20.935922923994497	-1043.0	1.8116253212064577	-83.0	14.871576434276971	1230.0	
10.243680754274873	2203.0	2307.0	-3.012876953465207	-2.126495430321736	1219.0	0.0	1019.59228515625	33410.0	450.0	-0.1775	84.0	1.0	0.3785425101214575	-380.0	-25.324973237498092	-1552.0	3.524048802481249	-188.0	22.699042851075298	1517.0	
10.454114333551347	2178.0	2338.0	-3.398090454389055	-1.83089054527034	1201.0	0.0	1039.12353515625	34050.0	450.0	-0.1775	84.0	1.0	0.3785425101214575	-380.0	-27.542437681602696	-2212.0	4.649647645691722	-262.0	32.83765805386984	1662.0	
10.449448323340219	2150.0	2376.0	-3.864691475501834	-1.5029198282043454	1201.0	0.0	1058.65478515625	34690.0	450.0	-0.1775	84.0	1.0	0.3785425101214575	-380.0	-27.205994800428204	-2900.0	5.607281541422356	-332.0	43.404239149617084	1640.0	
10.410323130547651	2146.0	2404.0	-4.205782183330127	-1.4619401232044995	1204.0	0.0	1078.18603515625	35330.0	450.0	-0.1775	84.0	1.0	0.3785425101214575	-380.0	-25.87551613396544	-3625.0	7.7960800877602106	-485.0	54.55087778722102	1553.0	
10.517040214835733	2114.0	2407.0	-4.248359468807628	-1.0761823293964699	1195.0	0.0	1097.71728515625	35970.0	427.0	-0.23500000000000001	81.0	0.9939271255060729	0.37449392712550605	-378.0	-22.771065912218997	-4555.0	9.0980575693699	-587.0	68.83426736409328	1350.0	
10.696269844530852	2083.0	2401.0	-4.182539356438693	-0.6995796549485256	1180.0	0.0	1117.24853515625	36610.0	427.0	-0.23500000000000001	81.0	0.9939271255060729	0.37449392712550605	-378.0	-21.853494418106745	-5483.0	11.164559588235019	-733.0	83.09461321902185	1290.0	
10.732697529544168	2074.0	2395.0	-4.111199426535522	-0.5893548445605699	1177.0	0.0	1136.77978515625	37250.0	427.0	-0.23500000000000001	81.0	0.9939271255060729	0.37449392712550605	-378.0	-19.66661569047255	-6323.0	13.593694671076475	-905.0	96.00827084267516	1147.0	
10.60221691704456	2039.0	2391.0	-4.064022581258336	-0.1680293667920705	1188.0	0.0	1156.31103515625	37890.0	401.0	-0.3	81.0	0.9939271255060729	0.37449392712550605	-378.0	-14.314115308151095	-7298.0	14.52200201570454	-989.0	110.97842548279324	797.0	
10.63861569798576	2006.0	2385.0	-3.9955730585669333	0.2312939729169527	1185.0	0.0	1175.84228515625	38530.0	401.0	-0.3	81.0	0.9939271255060729	0.37449392712550605	-378.0	-9.29805780700413	-8180.0	15.647222491801152	-1084.0	124.52351227402038	469.0	
10.835503602910824	1997.0	2332.0	-3.354401613679668	0.3545200158037076	1169.0	0.0	1195.37353515625	39170.0	401.0	-0.3	81.0	0.9939271255060729	0.37449392712550605	-378.0	-3.8385074170362445	-9061.0	16.1088686014571	-1137.0	138.04661883792497	112.0	
10.975799292200549	1983.0	2255.0	-2.420070779945188	0.5432842881664751	1158.0	0.0	1214.90478515625	39810.0	373.0	-0.37	93.0	1.0182186234817814	0.3259109311740891	-354.0	-0.1988071570576541	-10038.0	18.812633141797495	-1332.0	153.0652170173164	-126.0	
10.949979080637942	1929.0	2271.0	-2.621139555253616	1.1896071201832346	1160.0	0.0	1234.43603515625	40450.0	373.0	-0.37	93.0	1.0182186234817814	0.3259109311740891	-354.0	0.948157210582658	-10594.0	22.095970156673925	-1554.0	161.62958330138264	-201.0	
10.971899886129794	1883.0	2286.0	-2.81001138702064	1.7402657590726922	1158.0	0.0	1253.96728515625	41090.0	373.0	-0.37	93.0	1.0182186234817814	0.3259109311740891	-354.0	-1.91160727940052	-11075.0	26.4123873181323	-1832.0	169.05344411255527	-14.0	
11.083484633530515	1844.0	2249.0	-2.365822361234153	2.220144905134718	1149.0	0.0	1273.49853515625	41730.0	373.0	-0.37	93.0	1.0182186234817814	0.3259109311740891	-354.0	-2.82917877351277	-11544.0	30.529919995164963	-2102.0	176.29118227498617	46.0	
10.821616837009175	1831.0	2249.0	-2.3621258228919833	2.3742266639604446	1171.0	0.0	1293.02978515625	42370.0	343.0	-0.445	98.0	1.0283400809716599	0.23481781376518218	-309.0	0.8869857776418414	-11805.0	34.14027874943802	-2349.0	180.33219609729952	-197.0	
10.766584060687512	1805.0	2212.0	-1.9130225026773204	2.695911414649714	1176.0	0.0	1312.56103515625	43010.0	343.0	-0.445	98.0	1.0283400809716599	0.23481781376518218	-309.0	2.2480501605750116	-12175.0	36.213133640736245	-2491.0	186.0303835997187	-286.0	
10.720546063337487	1794.0	2199.0	-1.7549174757749313	2.8311432556961895	1180.0	0.0	1332.09228515625	43650.0	343.0	-0.445	98.0	1.0283400809716599	0.23481781376518218	-309.0	-1.422235815873987	-12536.0	38.04256267486589	-2604.0	191.5880364906431	-46.0	
10.748454535362486	1760.0	2165.0	-1.3450226542276482	3.2492587910642525	1178.0	0.0	1351.62353515625	44290.0	318.0	-0.5075000000000001	104.0	1.040485829959514	0.0708502024291498	-228.0	-3.043278788805628	-12829.0	40.0773161852209	-2735.0	196.10431773757725	60.0	
10.702056852684127	1754.0	2155.0	-1.222886160158697	3.323526700745354	1182.0	0.0	1371.15478515625	44930.0	318.0	-0.5075000000000001	104.0	1.040485829959514	0.0708502024291498	-228.0	-8.181679155834226	-12953.0	42.64781656726975	-2890.0	198.03273871500525	396.0	
10.356516393796078	1749.0	2158.0	-1.2531225251542608	3.3797075327119837	1211.0	0.0	1390.68603515625	45570.0	318.0	-0.5075000000000001	104.0	1.040485829959514	0.0708502024291498	-228.0	-8.059336289952594	-13003.0	44.834693513635315	-3033.0	198.82183166737514	388.0	
10.45466100993044	1749.0	2134.0	-0.9624704355272188	3.3865020206658683	1203.0	0.0	1410.21728515625	46210.0	318.0	-0.5075000000000001	104.0	1.040485829959514	0.0708502024291498	-228.0	-10.6591221899373	-13011.0	46.24480753474684	-3118.0	198.95868867685127	558.0	
10.253151153781648	1730.0	2127.0	-0.8753608123112406	3.6151447772193026	1220.0	0.0	1429.74853515625	46850.0	300.0	-0.5525	104.0	1.040485829959514	-0.016194331983805668	-185.0	-15.629301116378652	-12951.0	46.59122698001792	-3127.0	198.04148385181645	883.0	
10.279754830193365	1726.0	2104.0	-0.5959455520919545	3.6691918902721423	1218.0	0.0	1449.27978515625	47490.0	300.0	-0.5525	104.0	1.040485829959514	-0.016194331983805668	-185.0	-29.346994953356784	-12893.0	47.717865078945984	-3164.0	197.16277018063448	1780.0	
10.061144159668947	1743.0	2140.0	-1.0284411759624577	3.4535365939810543	1236.0	0.0	1468.81103515625	48130.0	300.0	-0.5525	104.0	1.040485829959514	-0.016194331983805668	-185.0	-38.00275271448234	-12869.0	47.86779383709091	-3151.0	196.79600186042097	2346.0	
10.193126403337995	1709.0	2131.0	-0.9254549042957321	3.8665546960679467	1225.0	0.0	1488.34228515625	48770.0	286.0	-0.5875	98.0	1.0283400809716599	-0.21052631578947367	-89.0	-36.28995259213947	-13038.0	44.92792759775331	-2966.0	199.35982093625069	2234.0	
10.40190222623377	1688.0	2078.0	-0.2859678528135271	4.1344442435193205	1208.0	0.0	1507.87353515625	49410.0	286.0	-0.5875	98.0	1.0283400809716599	-0.21052631578947367	-89.0	-27.557730539837898	-13522.0	40.197814738301524	-2686.0	206.7392498981886	1663.0	
9.95640547686996	1697.0	2120.0	-0.7880237415753841	4.011514423310686	1245.0	0.0	1527.40478515625	50050.0	286.0	-0.5875	98.0	1.0283400809716599	-0.21052631578947367	-89.0	-18.871387062241936	-13830.0	35.80415464549533	-2426.0	211.42141426396304	1095.0	
9.763618895283678	1670.0	2139.0	-1.0190628525846614	4.330266980093915	1261.0	0.0	1546.93603515625	50690.0	293.0	-0.5700000000000001	87.0	1.0060728744939271	-0.3724696356275304	-9.0	-18.244379874598565	-13859.0	32.39087103143701	-2206.0	211.83227145390808	1054.0	
10.24944420443441	1652.0	2059.0	-0.05557955655903052	4.571262368985453	1221.0	0.0	1566.46728515625	51330.0	293.0	-0.5700000000000001	87.0	1.0060728744939271	-0.3724696356275304	-9.0	-16.562165468726107	-13971.0	29.460973579564616	-2021.0	213.5215546490993	944.0	
10.122797963843292	1663.0	2024.0	0.37503447956712793	4.446078066820137	1232.0	0.0	1585.99853515625	51970.0	293.0	-0.5700000000000001	87.0	1.0060728744939271	-0.3724696356275304	-9.0	-21.807615843401134	-13707.0	29.695895290353203	-2020.0	209.47296018046225	1287.0	
9.64499171351368	1659.0	2038.0	0.2134570656536193	4.486261227122908	1272.0	0.0	1605.52978515625	52610.0	293.0	-0.5700000000000001	87.0	1.0060728744939271	-0.3724696356275304	-9.0	-28.536473466890964	-13338.0	31.513567114633183	-2117.0	203.82902242885697	1727.0	
9.709389291705243	1667.0	1998.0	0.700833932429081	4.400267198071658	1267.0	0.0	1625.06103515625	53250.0	312.0	-0.5225	73.0	0.9777327935222672	-0.5	54.0	-35.60177397155529	-13017.0	32.90667079004509	-2186.0	198.917374211353	2189.0	
9.878442453488455	1652.0	1978.0	0.9394834440836353	4.587453611488846	1253.0	0.0	1644.59228515625	53890.0	312.0	-0.5225	73.0	0.9777327935222672	-0.5	54.0	-38.5991741856553	-12896.0	30.953343108272577	-2050.0	197.04115841190213	2385.0	
9.824996816216245	1628.0	1928.0	1.54730066924369	4.888232126125349	1258.0	0.0	1664.12353515625	54530.0	312.0	-0.5225	73.0	0.9777327935222672	-0.5	54.0	-34.531273895091	-12753.0	26.752076129395256	-1786.0	194.80488457900148	2119.0	
9.43914536112923	1610.0	1871.0	2.2478694462562534	5.115252456994249	1291.0	0.0	1683.65478515625	55170.0	340.0	-0.4525	52.0	0.9352226720647774	-0.6153846153846154	111.0	-30.769230769230774	-12606.0	22.471371666892065	-1516.0	192.50643843663212	1873.0	
9.589426704456393	1624.0	1810.0	2.9902894932583193	4.962928972572381	1279.0	0.0	1703.18603515625	55810.0	340.0	-0.4525	52.0	0.9352226720647774	-0.6153846153846154	111.0	-32.02324514451751	-12433.0	18.73365424694692	-1268.0	189.81446558957705	1955.0	
9.918573174804987	1608.0	1746.0	3.762079385260587	5.174427319453262	1252.0	0.0	1722.71728515625	56450.0	340.0	-0.4525	52.0	0.9352226720647774	-0.6153846153846154	111.0	-33.751338125095586	-12157.0	14.76922922909971	-1003.0	185.5397438497561	2068.0	
9.921982827222877	1605.0	1718.0	4.103044627049644	5.217425299126474	1252.0	0.0	1742.24853515625	57090.0	340.0	-0.4525	52.0	0.9352226720647774	-0.6153846153846154	111.0	-29.163480654534336	-11801.0	11.056648560011732	-770.0	180.03998186077277	1768.0	
9.97617985077577	1609.0	1664.0	4.760842220434251	5.182930450145359	1248.0	0.0	1761.77978515625	57730.0	376.0	-0.3625	43.0	0.917004048582996	-0.6761133603238867	141.0	-22.08288729163481	-11313.0	7.433808937286968	-548.0	172.51564543938056	1305.0	
10.174572735512776	1635.0	1599.0	5.552511646515571	4.887494755466162	1232.0	0.0	1781.31103515625	58370.0	376.0	-0.3625	43.0	0.917004048582996	-0.6761133603238867	141.0	-14.375286741091912	-10921.0	3.817304435886899	-329.0	166.4644428003816	801.0	
10.505108305018327	1659.0	1524.0	6.463211454213493	4.619857480809151	1205.0	0.0	1800.84228515625	59010.0	376.0	-0.3625	43.0	0.917004048582996	-0.6761133603238867	141.0	-7.615843401131673	-10394.0	-0.35579302024740034	-70.0	158.33616893798842	359.0	
10.455477770273195	1665.0	1443.0	7.452538932081342	4.5668585683925516	1210.0	0.0	1820.37353515625	59650.0	418.0	-0.2575	48.0	0.9271255060728745	-0.6983805668016194	152.0	3.9608502829178778	-9670.0	-2.7687467611119234	64.0	147.20263323209733	-398.0	
10.53179096617125	1684.0	1403.0	7.941001379029688	4.348475286639896	1204.0	0.0	1839.90478515625	60290.0	418.0	-0.2575	48.0	0.9271255060728745	-0.6983805668016194	152.0	11.301422235815876	-8670.0	-2.5705351483425583	42.0	131.86013169010013	-878.0	
11.165560297655343	1699.0	1379.0	8.222696432201156	4.179723989451902	1151.0	0.0	1859.43603515625	60930.0	418.0	-0.2575	48.0	0.9271255060728745	-0.6983805668016194	152.0	15.828108273436307	-7452.0	0.0807748982872789	-130.0	113.1970636949703	-1174.0	
12.035181582878353	1713.0	1373.0	8.280063049739933	4.020892835859726	1078.0	0.0	1878.96728515625	61570.0	463.0	-0.145	49.0	0.9291497975708503	-0.7348178137651822	170.0	26.808380486312895	-6066.0	3.0226876322665417	-336.0	91.95902847214897	-1892.0	
12.89176965564704	1699.0	1376.0	8.224584612323154	4.197023846634258	1006.0	0.0	1898.49853515625	62210.0	463.0	-0.145	49.0	0.9291497975708503	-0.7348178137651822	170.0	40.0672885762349	-4707.0	7.607341770416802	-655.0	71.15172172213873	-2759.0	
13.595191174986747	1668.0	1366.0	8.328641308198412	4.5796331716487755	947.0	0.0	1918.02978515625	62850.0	463.0	-0.145	49.0	0.9291497975708503	-0.7348178137651822	170.0	55.069582504970185	-3245.0	15.4756849322788	-1191.0	48.79677004557874	-3740.0	
14.052750296944115	1626.0	1420.0	7.6559820753639265	5.076779674597201	908.0	0.0	1937.56103515625	63490.0	463.0	-0.145	49.0	0.9291497975708503	-0.7348178137651822	170.0	68.78727634194831	-1844.0	27.569601102140876	-1999.0	27.420087602244365	-4637.0	
13.96125179830343	1614.0	1487.0	6.8394655446285135	5.2041126722490985	915.0	0.0	1957.09228515625	64130.0	494.0	-0.0675	40.0	0.9109311740890689	-0.7449392712550608	175.0	81.25095580363971	-456.0	45.35639911667121	-3174.0	6.299812264912301	-5452.0	
13.68778521475287	1586.0	1582.0	5.683283380049039	5.515603760712365	937.0	0.0	1976.62353515625	64770.0	494.0	-0.0675	40.0	0.9109311740890689	-0.7449392712550608	175.0	114.37528674109193	848.0	62.873051929155615	-4386.0	-13.534227897157733	-7618.0	
12.668867439586808	1566.0	1641.0	4.981982053918934	5.732352411859789	1022.0	0.0	1996.15478515625	65410.0	494.0	-0.0675	40.0	0.9109311740890689	-0.7449392712550608	175.0	174.8585410613244	2074.0	76.93024097607962	-5445.0	-32.20599297154963	-11573.0	
10.866855377434185	1566.0	1680.0	4.5426806005613125	5.70554626217111	1173.0	0.0	2015.68603515625	514.0	554.0	0.0825	-15.0	0.7995951417004049	-0.819838056680162	212.0	317.8773512769537	3864.0	84.89667920864585	-6317.0	-59.59295433726754	-20925.0	
9.18329483809237	1597.0	1724.0	4.043769523522868	5.305238459333308	1314.0	0.0	2035.21728515625	1154.0	554.0	0.0825	-15.0	0.7995951417004049	-0.819838056680162	212.0	386.89402049243006	4799.0	72.38994800243287	-5674.0	-74.06511386967645	-25438.0	
7.389613583726277	1668.0	1793.0	3.2470726583419864	4.415946022739042	1464.0	0.0	2054.74853515625	1794.0	554.0	0.0825	-15.0	0.7995951417004049	-0.819838056680162	212.0	450.86404649028907	5707.0	45.36157949532587	-4074.0	-88.26818871632494	-29621.0	
5.262172338142227	1734.0	1866.0	2.407710004698846	3.5827036343187726	1642.0	0.0	2074.27978515625	2434.0	554.0	0.0825	-15.0	0.7995951417004049	-0.819838056680162	212.0	487.6739562624255	6374.0	10.769332444005418	-1914.0	-98.84888178680745	-32028.0	
2.6847619940430927	1804.0	1920.0	1.809532737642555	2.701592491560752	1858.0	0.0	2093.81103515625	3074.0	647.0	0.315	-141.0	0.5445344129554656	-0.9251012145748988	264.0	480.16516286894023	6670.0	-28.905540259572426	688.0	-103.78759767664822	-31537.0	
