Device	Device	Device	Device	Device	Device	Device	Device	Device	Device	Device	Device	Device	Device	Device	Device	Device	Device	Device	Device	Device	
Low Noise Accelerometer X	Low Noise Accelerometer X	Low Noise Accelerometer Z	Low Noise Accelerometer Z	Low Noise Accelerometer Y	Low Noise Accelerometer Y	Event_Marker	Timestamp	Timestamp	Magnetometer Z	Magnetometer Z	Magnetometer X	Magnetometer X	Magnetometer Y	Magnetometer Y	Gyroscope Y	Gyroscope Y	Gyroscope Z	Gyroscope Z	Gyroscope X	Gyroscope X	
CAL	UNCAL	CAL	UNCAL	CAL	UNCAL	CAL	CAL	UNCAL	CAL	UNCAL	CAL	UNCAL	CAL	UNCAL	CAL	UNCAL	CAL	UNCAL	UNCAL	CAL	
m/(s^2)	no units	m/(s^2)	no units	m/(s^2)	no units	no units	ms	no units	local_flux	no units	local_flux	no units	local_flux	no units	deg/s	no units	deg/s	no units	no units	deg/s	
-8.890522166049472	1927.0	4.995402442671746	1679.0	1.1676293332170367	2833.0	0.0	1509.857177734375	49475.0	-0.02	513.0	-0.7995951417004049	-805.0	0.46153846153846156	-421.0	2.6915430493959325	49.0	0.4496991788099	-45.0	-315.0	-1.8982189818193893	
-8.868058351739359	1927.0	4.860831492730687	1690.0	1.1651625523613165	2831.0	0.0	1529.388427734375	50115.0	-0.02	513.0	-0.7995951417004049	-805.0	0.46153846153846156	-421.0	0.2752714482336749	48.0	0.22319202215494852	-24.0	-157.0	-1.8851395697278137	
-8.796399122689051	1928.0	4.88389725490449	1688.0	1.154292267124211	2825.0	0.0	1548.919677734375	50755.0	-0.025	511.0	-0.7854251012145749	-798.0	0.451417004048583	-416.0	-0.36702859764489987	48.0	0.09507434690974648	-14.0	-115.0	-1.8864207464802658	
-8.78485884668329	1931.0	4.847448665004228	1691.0	1.1175341197730106	2824.0	0.0	1568.450927734375	51395.0	-0.025	511.0	-0.7854251012145749	-798.0	0.451417004048583	-416.0	0.1529285823520416	35.0	-0.6044677198896334	30.0	-149.0	-1.6939378795926359	
-8.725952895323802	1934.0	4.7856628485722235	1696.0	1.0807428846447125	2819.0	0.0	1587.982177734375	52035.0	-0.025	511.0	-0.7854251012145749	-798.0	0.451417004048583	-416.0	1.1010857929346995	6.0	-1.538920898573571	88.0	-211.0	-1.258292385293853	
-8.701790878654602	1927.0	4.820912134539662	1693.0	1.1660268399283436	2817.0	0.0	1607.513427734375	52675.0	-0.0125	516.0	-0.791497975708502	-801.0	0.46963562753036436	-425.0	1.2846000917571496	-69.0	-2.172996381113287	128.0	-223.0	-0.1137968657598823	
-8.630619258950995	1928.0	4.795216962043391	1695.0	1.1541764599043698	2811.0	0.0	1627.044677734375	53315.0	-0.0125	516.0	-0.791497975708502	-801.0	0.46963562753036436	-425.0	-0.8564000611714331	-75.0	-2.580468261140811	160.0	-83.0	-0.02580468261140811	
-8.547306281912617	1925.0	4.793181332547686	1695.0	1.1911134553980924	2804.0	0.0	1646.575927734375	53955.0	-0.0125	516.0	-0.791497975708502	-801.0	0.46963562753036436	-425.0	-3.135035938216853	-70.0	-2.62699118954633	169.0	66.0	-0.10299233018608783	
-8.214033900041363	1930.0	4.787086186339869	1695.0	1.1340833124372272	2776.0	0.0	1666.107177734375	54595.0	-0.0125	516.0	-0.791497975708502	-801.0	0.46963562753036436	-425.0	-2.7221287658663407	-107.0	-2.033954283692964	129.0	39.0	0.4706839342230673	
-8.261043503075774	1922.0	4.84803064480358	1690.0	1.231217647744832	2780.0	0.0	1685.638427734375	55235.0	-0.0175	514.0	-0.7854251012145749	-798.0	0.4676113360323887	-424.0	0.24468573176326658	-172.0	-2.408679287632127	145.0	-155.0	1.4643281219617945	
-8.188900277687779	1920.0	4.919496040745987	1684.0	1.2574647734597288	2774.0	0.0	1705.169677734375	55875.0	-0.0175	514.0	-0.7854251012145749	-798.0	0.4676113360323887	-424.0	0.6117143294081664	-167.0	-2.622541056680342	158.0	-179.0	1.3854670859806881	
-8.247666261665518	1932.0	4.995278595352866	1678.0	1.1138144514590766	2779.0	0.0	1724.700927734375	56515.0	-0.0175	514.0	-0.7854251012145749	-798.0	0.4676113360323887	-424.0	-1.3610643829331703	-116.0	-1.8590616185342335	114.0	-50.0	0.6105332137977788	
-8.24791006633887	1932.0	4.970898128017828	1680.0	1.1133244040656425	2779.0	0.0	1744.232177734375	57155.0	-0.03	509.0	-0.7854251012145749	-798.0	0.45546558704453444	-418.0	-2.64566447469032	-91.0	-0.46572517461734275	27.0	34.0	0.24085448678382504	
-8.260658526684336	1938.0	4.886528283947315	1687.0	1.0392203659542716	2780.0	0.0	1763.763427734375	57795.0	-0.03	509.0	-0.7854251012145749	-798.0	0.45546558704453444	-418.0	-4.220828872916348	-93.0	0.5351916019328851	-34.0	137.0	0.28155262186557717	
-8.212316428300866	1939.0	4.958833360389546	1681.0	1.0291016956958667	2776.0	0.0	1783.294677734375	58435.0	-0.03	509.0	-0.7854251012145749	-798.0	0.45546558704453444	-418.0	-4.220828872916348	-128.0	0.5605829912831802	-36.0	137.0	0.8188634637934519	
-8.117103489928397	1934.0	4.956317673827018	1681.0	1.0902444752037623	2768.0	0.0	1802.825927734375	59075.0	-0.03	509.0	-0.7854251012145749	-798.0	0.45546558704453444	-418.0	-0.9787429270530663	-189.0	0.2831269240608324	-27.0	-75.0	1.7521024062668478	
-8.34264141704633	1932.0	5.021572581081314	1676.0	1.1133905796198376	2787.0	0.0	1822.357177734375	59715.0	-0.0175	514.0	-0.7854251012145749	-798.0	0.4331983805668016	-407.0	1.1775500841107205	-210.0	0.30132678425356413	-34.0	-216.0	2.074518561689398	
-8.496523728122968	1928.0	5.109531949607942	1669.0	1.161803714963941	2800.0	0.0	1841.888427734375	60355.0	-0.0175	514.0	-0.7854251012145749	-798.0	0.4331983805668016	-407.0	-1.529285823520416	-210.0	0.7941071646404447	-59.0	-39.0	2.0794463654932667	
-8.424256191725622	1928.0	5.193428446485517	1662.0	1.164204320265466	2794.0	0.0	1861.419677734375	60995.0	-0.0175	514.0	-0.7854251012145749	-798.0	0.4331983805668016	-407.0	-3.7773359840954277	-160.0	1.4300165329232228	-94.0	108.0	1.3185812762698492	
-8.424749822754013	1923.0	5.144065343646322	1666.0	1.2234530857538202	2794.0	0.0	1880.950927734375	61635.0	-0.0175	514.0	-0.8036437246963563	-807.0	0.4311740890688259	-406.0	-2.6915430493959325	-103.0	1.272288952900081	-86.0	37.0	0.44236843195649816	
-8.615057410171293	1930.0	5.160925649537427	1665.0	1.137549866599879	2810.0	0.0	1900.482177734375	62275.0	-0.0175	514.0	-0.8036437246963563	-807.0	0.4311740890688259	-406.0	0.061171432940816645	-82.0	0.8270377648283113	-64.0	-143.0	0.11568176325515744	
-8.651009529201291	1929.0	5.137142317966094	1667.0	1.1487628715492364	2813.0	0.0	1920.013427734375	62915.0	-0.0175	514.0	-0.8036437246963563	-807.0	0.4311740890688259	-406.0	0.5352500382321457	-78.0	0.2857460670500045	-30.0	-174.0	0.04889091164487476	
-8.55627817849383	1929.0	5.086467864902609	1671.0	1.1486966959950415	2805.0	0.0	1939.544677734375	63555.0	-0.015	515.0	-0.8117408906882592	-811.0	0.4352226720647773	-408.0	0.6575929041137789	-66.0	0.19040973077861958	-24.0	-182.0	-0.13619625561533796	
-8.711007784245504	1930.0	5.089697765925724	1671.0	1.135165805186903	2818.0	0.0	1959.075927734375	64195.0	-0.015	515.0	-0.8117408906882592	-811.0	0.4352226720647773	-408.0	1.6516286894020493	-63.0	-0.04883667698462159	-11.0	-247.0	-0.1846221706673451	
-8.723277065598637	1929.0	5.053245821088519	1674.0	1.1463622662477115	2819.0	0.0	1978.607177734375	64835.0	-0.015	515.0	-0.8117408906882592	-811.0	0.4352226720647773	-408.0	0.6881786205841872	-57.0	-0.8245596238114455	42.0	-184.0	-0.2844463020843628	
-8.651135044546983	1926.0	5.124590783397105	1668.0	1.1846551640176528	2813.0	0.0	1998.138427734375	65475.0	-0.015	515.0	-0.8117408906882592	-811.0	0.4352226720647773	-408.0	0.6881786205841872	-85.0	-1.5517490578773008	89.0	-184.0	0.13792734600247605	
-8.603887658520911	1929.0	5.087424624099314	1671.0	1.148239736378705	2809.0	0.0	2017.669677734375	579.0	-0.015	515.0	-0.8076923076923077	-809.0	0.4493927125506073	-415.0	1.2693072335219453	-68.0	-1.9107592146225683	111.0	-222.0	-0.12651897775310003	
-8.61590952219168	1931.0	5.075714447498619	1672.0	1.1237889286678144	2810.0	0.0	2037.200927734375	1219.0	-0.015	515.0	-0.8076923076923077	-809.0	0.4493927125506073	-415.0	1.3763572411683744	-40.0	-1.9722676042043403	115.0	-229.0	-0.5567796040764152	
-8.579839113834021	1929.0	5.111326711836	1669.0	1.1489582635803073	2807.0	0.0	2056.732177734375	1859.0	-0.015	515.0	-0.8076923076923077	-809.0	0.4493927125506073	-415.0	2.46215017586787	-34.0	-2.44543430467682	143.0	-300.0	-0.6535781730298893	
-8.508430915475092	1924.0	5.109289404871824	1669.0	1.209872563280035	2801.0	0.0	2076.263427734375	2499.0	-0.01	517.0	-0.7854251012145749	-798.0	0.45951417004048584	-420.0	3.0891573635112404	0.0	-2.649864011385565	155.0	-341.0	-1.1773349144732235	
-8.57875162749465	1921.0	5.220075345773079	1660.0	1.2475296532911173	2807.0	0.0	2095.794677734375	3139.0	-0.01	517.0	-0.7854251012145749	-798.0	0.45951417004048584	-420.0	2.9209359229239946	39.0	-2.775578473652262	164.0	-330.0	-1.777026921762762	
-8.352483490693006	1922.0	5.2278414068900725	1659.0	1.2378994631103895	2788.0	0.0	2115.325927734375	3779.0	-0.01	517.0	-0.7854251012145749	-798.0	0.45951417004048584	-420.0	2.110414436458174	83.0	-2.5364607176574236	151.0	-277.0	-2.4497930251603095	
-8.280214749959319	1923.0	5.311858337401471	1652.0	1.22825429635687	2782.0	0.0	2134.857177734375	4419.0	-0.01	517.0	-0.7854251012145749	-798.0	0.45951417004048584	-420.0	1.605750114696437	112.0	-2.219593202466665	132.0	-244.0	-2.8916143760940236	
-8.148300213491726	1934.0	5.408073888922744	1644.0	1.0989676322700435	2771.0	0.0	2154.388427734375	5059.0	-0.01	517.0	-0.7975708502024291	-804.0	0.4534412955465587	-417.0	1.988071570576541	187.0	-1.5004839113024049	85.0	-269.0	-4.035259557541749	
-8.099346194752203	1937.0	5.541571000970217	1633.0	1.0659825363851352	2767.0	0.0	2173.919677734375	5699.0	-0.01	517.0	-0.7975708502024291	-804.0	0.4534412955465587	-417.0	0.764642911760208	251.0	-0.3650824136232327	15.0	-189.0	-5.005952496684951	
-7.728178482482174	1937.0	5.753580323211093	1615.0	1.073934399952653	2736.0	0.0	2193.450927734375	6339.0	-0.01	517.0	-0.7975708502024291	-804.0	0.4534412955465587	-417.0	1.0705000764642914	324.0	0.6951539222757452	-54.0	-209.0	-6.11549744036908	
-7.5588622466442	1938.0	6.018537240341863	1593.0	1.0688785078825638	2722.0	0.0	2212.982177734375	6979.0	-0.02	513.0	-0.7995951417004049	-805.0	0.4190283400809717	-400.0	3.7773359840954277	454.0	2.0064818304508574	-145.0	-386.0	-8.097167036843567	
-7.293707904377983	1947.0	6.343495276487407	1566.0	0.9695954770883779	2700.0	0.0	2232.513427734375	7619.0	-0.02	513.0	-0.7995951417004049	-805.0	0.4190283400809717	-400.0	7.75347912524851	634.0	4.028368830559522	-285.0	-646.0	-10.838955225304964	
-6.967703195047164	1954.0	6.80110906671213	1528.0	0.8976704505885903	2673.0	0.0	2252.044677734375	8259.0	-0.02	513.0	-0.7995951417004049	-805.0	0.4190283400809717	-400.0	10.185043584645971	857.0	7.533655663328539	-517.0	-805.0	-14.225722212739125	
-6.724071169815129	1935.0	7.354787780391822	1482.0	1.1400960077651068	2653.0	0.0	2271.575927734375	8899.0	-0.025	511.0	-0.7793522267206477	-795.0	0.4534412955465587	-417.0	10.597950756996484	1079.0	11.227192259959974	-756.0	-832.0	-17.59526221887654	
-6.9691665245443835	1917.0	7.845252307466451	1442.0	1.3643218146388247	2674.0	0.0	2291.107177734375	9539.0	-0.025	511.0	-0.7793522267206477	-795.0	0.4534412955465587	-417.0	9.863893561706684	1500.0	16.30449573229601	-1080.0	-784.0	-24.004516804223766	
-7.002048202767075	1935.0	8.128513056625739	1419.0	1.1527907429602657	2677.0	0.0	2310.638427734375	10179.0	-0.025	511.0	-0.7793522267206477	-795.0	0.4534412955465587	-417.0	6.728857623489831	2055.0	20.92930200343402	-1367.0	-579.0	-32.47445717177171	
-7.033991996722852	1922.0	8.505562232476644	1388.0	1.3166387945618223	2680.0	0.0	2330.169677734375	10819.0	-0.025	511.0	-0.7793522267206477	-795.0	0.4534412955465587	-417.0	5.47484324820309	2444.0	23.038634041694074	-1497.0	-497.0	-38.4223679943997	
-7.140022227435399	1917.0	8.616824875507781	1379.0	1.3780447089707413	2689.0	0.0	2349.700927734375	11459.0	-0.01	517.0	-0.7732793522267206	-792.0	0.45951417004048584	-420.0	10.261507875821993	2870.0	24.143004430716985	-1577.0	-810.0	-44.948074328870675	
-7.226149797244347	1911.0	8.33740122794614	1402.0	1.443884116947925	2696.0	0.0	2369.232177734375	12099.0	-0.01	517.0	-0.7732793522267206	-792.0	0.45951417004048584	-420.0	13.549472396390886	3258.0	24.20945604128978	-1586.0	-1025.0	-50.90106947211742	
-7.414926849420071	1873.0	8.507315057992924	1388.0	1.9032259483283085	2712.0	0.0	2388.763427734375	12739.0	-0.01	517.0	-0.7732793522267206	-792.0	0.45951417004048584	-420.0	13.427129530509253	3533.0	24.579537304439096	-1607.0	-1017.0	-55.117101665470265	
-7.619713616623034	1866.0	8.266733575791777	1408.0	1.980703800409846	2729.0	0.0	2408.294677734375	13379.0	0.025	531.0	-0.7773279352226721	-794.0	0.46963562753036436	-425.0	10.322679308762808	4043.0	25.135708287217216	-1630.0	-814.0	-62.937226621286186	
-7.482143837727562	1852.0	7.73799717962482	1451.0	2.1401794690706426	2717.0	0.0	2427.825927734375	14019.0	0.025	531.0	-0.7773279352226721	-794.0	0.46963562753036436	-425.0	5.0466432176173734	4577.0	26.99749248142627	-1732.0	-469.0	-71.1125630527828	
-7.379530485450936	1854.0	7.285046693001685	1488.0	2.1080502073187772	2708.0	0.0	2447.357177734375	14659.0	0.025	531.0	-0.7773279352226721	-794.0	0.46963562753036436	-425.0	5.7654075546719685	5080.0	30.445056907839728	-1953.0	-516.0	-78.79636268855549	
-7.824438196849119	1846.0	6.841894600802419	1525.0	2.191123630529485	2745.0	0.0	2466.888427734375	15299.0	0.025	531.0	-0.7773279352226721	-794.0	0.46963562753036436	-425.0	12.631900902278637	5405.0	33.0041978798736	-2134.0	-965.0	-83.75772846772574	
-8.017807794719337	1841.0	6.5525538613996686	1549.0	2.243644083618149	2761.0	0.0	2486.419677734375	15939.0	0.0675	548.0	-0.7591093117408907	-785.0	0.4858299595141701	-433.0	14.788193913442424	5650.0	33.678438417920646	-2181.0	-1106.0	-87.51038455858588	
-8.198307029907411	1830.0	6.35977319973495	1565.0	2.3705135985149015	2776.0	0.0	2505.950927734375	16579.0	0.0675	548.0	-0.7591093117408907	-785.0	0.4858299595141701	-433.0	11.653157975225572	5833.0	33.355102878669214	-2150.0	-901.0	-90.32165842341524	
-7.784395092050268	1839.0	6.08430031878278	1587.0	2.2607095253346707	2741.0	0.0	2525.482177734375	17219.0	0.0675	548.0	-0.7591093117408907	-785.0	0.4858299595141701	-433.0	7.080593362899527	6030.0	34.59872040949641	-2217.0	-602.0	-93.33208552875757	
-7.706331141506953	1830.0	5.557362039780823	1630.0	2.359385134199824	2734.0	0.0	2545.013427734375	17859.0	0.12	569.0	-0.7388663967611336	-775.0	0.4979757085020243	-439.0	9.11454350818168	6081.0	36.60159140269768	-2352.0	-735.0	-94.09462548538994	
-8.030618379097275	1832.0	5.271495423605778	1654.0	2.326328543958251	2761.0	0.0	2564.544677734375	18499.0	0.12	569.0	-0.7388663967611336	-775.0	0.4979757085020243	-439.0	9.649793546413825	6190.0	38.38106981115019	-2468.0	-770.0	-95.74937942004104	
-7.556455951168199	1847.0	5.068690597465781	1670.0	2.146291180148477	2721.0	0.0	2584.075927734375	19139.0	0.12	569.0	-0.7388663967611336	-775.0	0.4979757085020243	-439.0	9.160422082887292	6211.0	39.37284951303086	-2531.0	-738.0	-96.06169577984285	
-7.84044112437104	1818.0	5.241601848610388	1656.0	2.496307143800786	2745.0	0.0	2603.607177734375	19779.0	0.17500000000000002	591.0	-0.7004048582995952	-756.0	0.5344129554655871	-457.0	13.075393791099557	6123.0	40.77159701058172	-2633.0	-994.0	-94.69739374295236	
-8.236974220304619	1838.0	4.874006540966595	1687.0	2.244026051266888	2778.0	0.0	2623.138427734375	20419.0	0.17500000000000002	591.0	-0.7004048582995952	-756.0	0.5344129554655871	-457.0	16.286894020492433	6230.0	42.67443991853649	-2764.0	-1204.0	-96.32022506529216	
-7.990908464227318	1852.0	4.480582148696822	1719.0	2.0699435221870846	2757.0	0.0	2642.669677734375	21059.0	0.17500000000000002	591.0	-0.7004048582995952	-756.0	0.5344129554655871	-457.0	12.93775806698272	6264.0	43.85949689958805	-2832.0	-985.0	-96.83008693985789	
-8.168852567690568	1837.0	4.543314659514705	1714.0	2.250141622935075	2772.0	0.0	2662.200927734375	21699.0	0.17500000000000002	591.0	-0.7004048582995952	-756.0	0.5344129554655871	-457.0	12.800122342865883	6106.0	43.763856364002514	-2827.0	-976.0	-94.40661492723001	
-7.739167493461502	1821.0	4.654679225278369	1704.0	2.449436849329988	2736.0	0.0	2681.732177734375	22339.0	0.23	613.0	-0.6700404858299596	-741.0	0.5323886639676113	-456.0	10.506193607585258	6021.0	44.134796337117976	-2846.0	-826.0	-93.09862441655824	
-8.383347462840149	1830.0	4.5223965731280735	1716.0	2.331915661653437	2790.0	0.0	2701.263427734375	22979.0	0.23	613.0	-0.6700404858299596	-741.0	0.5323886639676113	-456.0	14.58938675638477	5974.0	46.455948907925084	-3008.0	-1093.0	-92.3542221589183	
-7.980499030669106	1827.0	4.331049314041827	1731.0	2.3682617791066756	2756.0	0.0	2720.794677734375	23619.0	0.23	613.0	-0.6700404858299596	-741.0	0.5323886639676113	-456.0	9.496864964061784	6043.0	47.1316373710394	-3038.0	-760.0	-93.40623464669778	
-7.742677370161979	1842.0	4.30369155523062	1733.0	2.1893699489692575	2736.0	0.0	2740.325927734375	24259.0	0.28	633.0	-0.6518218623481782	-732.0	0.5384615384615384	-459.0	4.694907478207678	5997.0	47.53196865924903	-3052.0	-446.0	-92.69638508554193	
-7.680245885729616	1837.0	4.594459046086073	1709.0	2.256050577486112	2731.0	0.0	2759.857177734375	24899.0	0.28	633.0	-0.6518218623481782	-732.0	0.5384615384615384	-459.0	5.566600397614315	5834.0	48.90250152710843	-3145.0	-503.0	-90.18152892058897	
-7.584169996309713	1840.0	4.678238464266765	1702.0	2.222542346430672	2723.0	0.0	2779.388427734375	25539.0	0.28	633.0	-0.6518218623481782	-732.0	0.5384615384615384	-459.0	5.948921853494419	5803.0	51.004991975994905	-3283.0	-528.0	-89.68482502269823	
-6.905489896914126	1841.0	4.689105546682581	1700.0	2.2174982963018595	2666.0	0.0	2798.919677734375	26179.0	0.28	633.0	-0.6518218623481782	-732.0	0.5384615384615384	-459.0	4.098486007034715	5807.0	53.663575143527076	-3451.0	-407.0	-89.71961712565542	
-7.069721160365551	1811.0	4.932645868206715	1680.0	2.582172573230358	2680.0	0.0	2818.450927734375	26819.0	0.34	657.0	-0.6234817813765182	-718.0	0.5020242914979757	-441.0	10.368557883468421	5778.0	57.514997678193524	-3718.0	-817.0	-89.23611287422314	
-7.591223972585255	1817.0	5.163317027188751	1662.0	2.509281811661296	2724.0	0.0	2837.982177734375	27459.0	0.34	657.0	-0.6234817813765182	-718.0	0.5020242914979757	-441.0	13.534179538155682	5781.0	60.21889655142925	-3902.0	-1024.0	-89.25510733646514	
-7.366660059824386	1820.0	5.000660684228128	1675.0	2.4721297456164386	2705.0	0.0	2857.513427734375	28099.0	0.34	657.0	-0.6234817813765182	-718.0	0.5020242914979757	-441.0	10.322679308762808	5973.0	62.16096463305569	-4018.0	-814.0	-92.18182751800887	
-7.626723408022363	1787.0	5.184802054906607	1660.0	2.870802300993812	2727.0	0.0	2877.044677734375	28739.0	0.395	679.0	-0.5910931174089069	-702.0	0.4939271255060729	-437.0	7.845236274659735	6019.0	64.6818818000974	-4175.0	-652.0	-92.86246459461219	
-7.924289884209646	1781.0	5.190059198083071	1660.0	2.9402209357219746	2752.0	0.0	2896.575927734375	29379.0	0.395	679.0	-0.5910931174089069	-702.0	0.4939271255060729	-437.0	7.707600550542897	6022.0	66.8257657701602	-4314.0	-643.0	-92.88705920588593	
-8.232560180754696	1758.0	5.315410495958897	1650.0	3.21675369244898	2778.0	0.0	2916.107177734375	30019.0	0.395	679.0	-0.5910931174089069	-702.0	0.4939271255060729	-437.0	11.668450833460774	6114.0	68.48100627927812	-4431.0	-902.0	-94.28219929734226	
-8.69431215561255	1760.0	5.568784438744794	1630.0	3.1931072660139512	2817.0	0.0	2935.638427734375	30659.0	0.455	703.0	-0.5728744939271255	-693.0	0.4898785425101215	-435.0	13.9623795687414	6245.0	68.48626112239866	-4436.0	-1052.0	-96.29227410812541	
-8.744366908391164	1754.0	5.325213922788181	1650.0	3.260024464793539	2821.0	0.0	2955.169677734375	31299.0	0.455	703.0	-0.5728744939271255	-693.0	0.4898785425101215	-435.0	12.417800886985779	6434.0	68.23866062836683	-4414.0	-951.0	-99.19485752445134	
-8.18519932274632	1754.0	5.289591534891859	1652.0	3.264903692892061	2774.0	0.0	2974.700927734375	31939.0	0.455	703.0	-0.5728744939271255	-693.0	0.4898785425101215	-435.0	10.016822144058725	6658.0	67.26164720311598	-4342.0	-794.0	-102.64179199812384	
-8.206223191406757	1735.0	5.5681570498004955	1629.0	3.499180427154231	2776.0	0.0	2994.232177734375	32579.0	0.455	703.0	-0.5728744939271255	-693.0	0.4898785425101215	-435.0	13.182443798745988	6718.0	68.2824133679811	-4416.0	-1001.0	-103.55225335596268	
-8.383922285860317	1721.0	5.655390461587239	1622.0	3.6678228032406115	2791.0	0.0	3013.763427734375	33219.0	0.515	727.0	-0.5465587044534413	-680.0	0.5121457489878543	-446.0	17.433858388132744	6775.0	69.58228679680265	-4511.0	-1279.0	-104.41389019018757	
-8.358179151823355	1711.0	5.848751484330951	1606.0	3.792429382746698	2789.0	0.0	3033.294677734375	33859.0	0.515	727.0	-0.5465587044534413	-680.0	0.5121457489878543	-446.0	12.998929499923538	6952.0	71.46332071345601	-4620.0	-989.0	-107.11105345850915	
-7.735486573725085	1703.0	6.213247389396281	1575.0	3.902331768797662	2737.0	0.0	3052.825927734375	34499.0	0.515	727.0	-0.5465587044534413	-680.0	0.5121457489878543	-446.0	1.6363358311668452	7298.0	74.4010179277383	-4778.0	-246.0	-112.39086783207753	
-7.3054538575310675	1672.0	6.359376151655147	1562.0	4.283048647108395	2701.0	0.0	3072.357177734375	35139.0	0.5875	756.0	-0.5020242914979757	-658.0	0.5060728744939271	-443.0	-2.7068359076311364	7665.0	79.10682289729158	-5069.0	38.0	-117.97523528491385	
-7.767225804649557	1694.0	5.420276677901496	1640.0	3.994588697198281	2739.0	0.0	3091.888427734375	35779.0	0.5875	756.0	-0.5020242914979757	-658.0	0.5060728744939271	-443.0	8.808686343477596	8015.0	83.92939006416155	-5409.0	-715.0	-123.29757889358888	
-8.192768608104343	1708.0	5.723139189565824	1616.0	3.8277158206018393	2775.0	0.0	3111.419677734375	36419.0	0.5875	756.0	-0.5020242914979757	-658.0	0.5060728744939271	-443.0	26.991894785135344	8257.0	83.54687860578949	-5429.0	-1904.0	-127.01476905343881	
-8.54669192560798	1690.0	6.045093153487776	1590.0	4.047483136584759	2805.0	0.0	3130.950927734375	37059.0	0.5875	756.0	-0.5020242914979757	-658.0	0.5060728744939271	-443.0	33.62899525921395	8098.0	80.93453851021664	-5278.0	-2338.0	-124.60111955275269	
-8.581694117007679	1668.0	6.116302584946296	1584.0	4.313617544263789	2808.0	0.0	3150.482177734375	37699.0	0.6625	786.0	-0.46356275303643724	-639.0	0.4574898785425101	-419.0	29.3928735280624	8176.0	76.84009633096319	-5000.0	-2061.0	-125.83893369987896	
-8.002769859522678	1647.0	5.675395000113203	1619.0	4.563600683334748	2759.0	0.0	3170.013427734375	38339.0	0.6625	786.0	-0.46356275303643724	-639.0	0.4574898785425101	-419.0	18.15262272518734	8324.0	73.89785117098552	-4778.0	-1326.0	-128.13933973288124	
-7.37888906934533	1650.0	4.96823592260976	1676.0	4.519551731373199	2706.0	0.0	3189.544677734375	38979.0	0.6625	786.0	-0.46356275303643724	-639.0	0.4574898785425101	-419.0	11.714329408166387	8494.0	73.7353995533881	-4749.0	-905.0	-130.74952647093843	
-7.6317295698139	1679.0	4.684185875752895	1700.0	4.16194473506993	2727.0	0.0	3209.075927734375	39619.0	0.7325	814.0	-0.4352226720647773	-625.0	0.39271255060728744	-387.0	14.29882244991589	8486.0	74.12298547874613	-4781.0	-1074.0	-130.62289474241987	
-7.773709510883768	1675.0	4.771906054480348	1693.0	4.2104721103181175	2739.0	0.0	3228.607177734375	40259.0	0.7325	814.0	-0.4352226720647773	-625.0	0.39271255060728744	-387.0	19.727787123413368	8321.0	74.71109112298439	-4835.0	-1429.0	-128.08517388238687	
-8.187610609713868	1675.0	5.04846283813693	1671.0	4.211864235002948	2774.0	0.0	3248.138427734375	40899.0	0.7325	814.0	-0.4352226720647773	-625.0	0.39271255060728744	-387.0	18.764337054595504	8120.0	74.11893822236765	-4796.0	-1366.0	-125.00685419610991	
-7.890426701245347	1667.0	5.004948923084378	1674.0	4.310351337955258	2749.0	0.0	3267.669677734375	41539.0	0.795	839.0	-0.4190283400809717	-617.0	0.32793522267206476	-355.0	4.251414589386757	7936.0	70.9490340313457	-4554.0	-417.0	-122.21516824492517	
-6.760195181630575	1662.0	4.932862789323441	1678.0	4.380452894331609	2654.0	0.0	3287.200927734375	42179.0	0.795	839.0	-0.4190283400809717	-617.0	0.32793522267206476	-355.0	-15.537543966967428	7872.0	69.62353635661034	-4417.0	877.0	-121.24637626755252	
-6.5216902805569275	1637.0	4.9738290871644	1674.0	4.684862088576272	2634.0	0.0	3306.732177734375	42819.0	0.795	839.0	-0.4190283400809717	-617.0	0.32793522267206476	-355.0	-17.6479584034256	7804.0	72.86593771531138	-4623.0	1015.0	-120.17052736521302	
-6.939993111207055	1626.0	4.810212688818244	1688.0	4.809936852784777	2669.0	0.0	3326.263427734375	43459.0	0.795	839.0	-0.4190283400809717	-617.0	0.32793522267206476	-355.0	-8.961614925829638	7689.0	77.57650889486244	-4953.0	447.0	-118.35880603273316	
-7.29501354974077	1608.0	5.022454549732526	1671.0	5.027498955497243	2699.0	0.0	3345.794677734375	44099.0	0.8475	860.0	-0.37449392712550605	-595.0	0.21052631578947367	-297.0	-8.961614925829638	7644.0	81.4455436927028	-5205.0	447.0	-117.62961392013914	
-7.469502236005276	1628.0	5.430728780424765	1638.0	4.792955697826755	2714.0	0.0	3365.325927734375	44739.0	0.8475	860.0	-0.37449392712550605	-595.0	0.21052631578947367	-297.0	-18.198501299892953	7760.0	84.06298309306284	-5350.0	1051.0	-119.38339963047801	
-6.4590390781779785	1612.0	5.286568372678416	1648.0	4.992948205587451	2629.0	0.0	3384.857177734375	45379.0	0.8475	860.0	-0.37449392712550605	-595.0	0.21052631578947367	-297.0	-33.4454809603915	7950.0	86.27078540445035	-5452.0	2048.0	-122.27677350240785	
-6.796824255178892	1605.0	4.841384005920388	1685.0	5.065004015879872	2657.0	0.0	3404.388427734375	46019.0	0.91	885.0	-0.31781376518218624	-567.0	0.0951417004048583	-240.0	-33.47606667686191	7949.0	91.14754060922957	-5769.0	2050.0	-122.21266146670195	
-7.594035627950126	1608.0	4.882151490701706	1683.0	5.021702673534533	2724.0	0.0	3423.919677734375	46659.0	0.91	885.0	-0.31781376518218624	-567.0	0.0951417004048583	-240.0	-24.759137482795538	7912.0	94.89987120169228	-6036.0	1480.0	-121.60739226542671	
-7.476098209885456	1617.0	4.771131392406687	1692.0	4.912227910809519	2714.0	0.0	3443.450927734375	47299.0	0.91	885.0	-0.31781376518218624	-567.0	0.0951417004048583	-240.0	-25.46260896161493	7731.0	95.56160707388247	-6079.0	1526.0	-118.82342336458419	
-8.259110337634503	1604.0	5.041347188930507	1671.0	5.066428611486602	2780.0	0.0	3462.982177734375	47939.0	0.91	885.0	-0.31781376518218624	-567.0	0.0951417004048583	-240.0	-26.211959015139932	7308.0	93.58870784058978	-5953.0	1575.0	-112.35243576953029	
-8.366335504987038	1619.0	5.0331161679629295	1672.0	4.88446884782746	2789.0	0.0	3482.513427734375	48579.0	0.9450000000000001	899.0	-0.2894736842105263	-553.0	-0.0020242914979757085	-192.0	-39.50145282153235	6987.0	92.14839472101649	-5828.0	2444.0	-107.44125964646791	
-8.30580508015161	1655.0	5.133777699124852	1664.0	4.453352442940018	2784.0	0.0	3502.044677734375	49219.0	0.9450000000000001	899.0	-0.2894736842105263	-553.0	-0.0020242914979757085	-192.0	-44.28811744915125	6679.0	91.21593612037918	-5758.0	2757.0	-102.72448326577182	
-8.471220441215976	1654.0	5.258908259354683	1654.0	4.466249093305054	2798.0	0.0	3521.575927734375	49859.0	0.9450000000000001	899.0	-0.2894736842105263	-553.0	-0.0020242914979757085	-192.0	-44.15048172503441	6227.0	89.84910140242948	-5674.0	2748.0	-95.80244499947885	
-8.956783177769063	1651.0	5.512158413569815	1634.0	4.502603047337079	2839.0	0.0	3541.107177734375	50499.0	0.9775	912.0	-0.23076923076923078	-524.0	-0.05668016194331984	-165.0	-49.85471784676557	5863.0	87.14520677479075	-5487.0	3121.0	-90.24409189419778	
-9.693757308168086	1649.0	5.624269183191246	1626.0	4.5215719069676865	2901.0	0.0	3560.638427734375	51139.0	0.9775	912.0	-0.23076923076923078	-524.0	-0.05668016194331984	-165.0	-68.03792628842331	5548.0	83.17915743066273	-5185.0	4310.0	-85.45024003532973	
-10.379926002387036	1669.0	6.055018808915582	1592.0	4.282361357118297	2959.0	0.0	3580.169677734375	51779.0	0.9775	912.0	-0.23076923076923078	-524.0	-0.05668016194331984	-165.0	-100.42820003058573	5226.0	80.94919389136214	-4959.0	6428.0	-80.53161593280649	
-9.781518547630974	1667.0	6.37195476071213	1565.0	4.318780536243957	2909.0	0.0	3599.700927734375	52419.0	0.99	917.0	-0.13562753036437247	-477.0	-0.15182186234817813	-118.0	-130.035173573941	4694.0	78.83716136636714	-4750.0	8364.0	-72.389470951934	
-7.047182649926558	1634.0	5.9960207216299235	1591.0	4.736195575885139	2679.0	0.0	3619.232177734375	53059.0	0.99	917.0	-0.13562753036437247	-477.0	-0.15182186234817813	-118.0	-93.19467808533416	4341.0	72.61841148463783	-4445.0	5955.0	-67.0350557194332	
-7.98842582977339	1650.0	5.919321784565875	1599.0	4.532478081008041	2758.0	0.0	3638.763427734375	53699.0	0.99	917.0	-0.13562753036437247	-477.0	-0.15182186234817813	-118.0	-46.21501758678698	4117.0	59.89240505593939	-3742.0	2883.0	-63.72515144430021	
-8.510425886030498	1648.0	6.100268539807247	1585.0	4.554973401092466	2802.0	0.0	3658.294677734375	54339.0	0.99	917.0	-0.13562753036437247	-477.0	-0.15182186234817813	-118.0	-16.05750114696437	3786.0	50.56056667676287	-3217.0	911.0	-58.73944573725263	
-9.258684444398549	1653.0	6.274412703002214	1572.0	4.490732734917263	2865.0	0.0	3677.825927734375	54979.0	1.0050000000000001	923.0	-0.038461538461538464	-429.0	-0.19635627530364372	-96.0	-9.756843554060255	3543.0	42.13488618575426	-2688.0	499.0	-55.094993013238366	
-9.60530636794428	1661.0	6.136029872238687	1584.0	4.3881133168978605	2894.0	0.0	3697.357177734375	55619.0	1.0050000000000001	923.0	-0.038461538461538464	-429.0	-0.19635627530364372	-96.0	-25.24850894632207	3268.0	34.69894739628983	-2167.0	1512.0	-50.94961939514866	
-9.426490883079232	1691.0	6.160435501600792	1582.0	4.0289438012012235	2879.0	0.0	3716.888427734375	56259.0	1.0050000000000001	923.0	-0.038461538461538464	-429.0	-0.19635627530364372	-96.0	-55.803639700259986	2893.0	29.049839467561632	-1724.0	3510.0	-45.2519291026391	
-8.54594485521553	1703.0	6.119800192732596	1584.0	3.8923582420494847	2805.0	0.0	3736.419677734375	56899.0	0.9925	918.0	-0.016194331983805668	-418.0	-0.3117408906882591	-39.0	-77.53479125248509	2363.0	23.208594621404014	-1293.0	4931.0	-37.17776521229448	
-8.012152287924943	1715.0	5.927628350362767	1599.0	3.7492744176219817	2760.0	0.0	3755.950927734375	57539.0	0.9925	918.0	-0.016194331983805668	-418.0	-0.3117408906882591	-39.0	-85.91527756537698	1853.0	14.975379144408551	-741.0	5479.0	-29.43441070142073	
-7.287811941552741	1717.0	5.742615368535399	1613.0	3.728721175906988	2699.0	0.0	3775.482177734375	58179.0	0.9925	918.0	-0.016194331983805668	-418.0	-0.3117408906882591	-39.0	-91.23719223122802	1266.0	4.654668690244474	-62.0	5827.0	-20.530405898643053	
-6.790142773418696	1687.0	5.509532181939948	1631.0	4.09048198698895	2657.0	0.0	3795.013427734375	58819.0	0.9925	918.0	-0.016194331983805668	-418.0	-0.3117408906882591	-39.0	-94.32634959473927	690.0	-7.153300085494258	708.0	6029.0	-11.810062999320495	
-6.25848155833216	1650.0	5.104225119164938	1663.0	4.533475590414435	2612.0	0.0	3814.544677734375	59459.0	0.98	913.0	0.11133603238866396	-355.0	-0.2793522267206478	-55.0	-100.01529285823521	249.0	-19.31337687692196	1509.0	6401.0	-5.164746474001689	
-5.452569793388843	1620.0	4.743020661115715	1691.0	4.895756402035413	2544.0	0.0	3834.075927734375	60099.0	0.98	913.0	0.11133603238866396	-355.0	-0.2793522267206478	-55.0	-105.42896467349749	-90.0	-30.592113100571645	2253.0	6755.0	-0.07575387613384282	
-4.859904996156237	1607.0	4.485690860566819	1711.0	5.053162960020858	2494.0	0.0	3853.607177734375	60739.0	0.98	913.0	0.11133603238866396	-355.0	-0.2793522267206478	-55.0	-108.31931487995108	-292.0	-41.62775732858108	2976.0	6944.0	2.913475380527294	
-4.245376261606187	1602.0	4.033802410809857	1747.0	5.110511442226642	2442.0	0.0	3873.138427734375	61379.0	0.9500000000000001	901.0	0.25303643724696356	-285.0	-0.3117408906882591	-39.0	-112.60131518580823	-526.0	-52.41270162187621	3686.0	7224.0	6.39623511359557	
