Device	Device	Device	Device	Device	Device	Device	Device	Device	Device	Device	Device	Device	Device	Device	Device	Device	Device	Device	Device	Device	
Low Noise Accelerometer X	Low Noise Accelerometer X	Low Noise Accelerometer Z	Low Noise Accelerometer Z	Low Noise Accelerometer Y	Low Noise Accelerometer Y	Event_Marker	Timestamp	Timestamp	Magnetometer Z	Magnetometer Z	Magnetometer X	Magnetometer X	Magnetometer Y	Magnetometer Y	Gyroscope Y	Gyroscope Y	Gyroscope Z	Gyroscope Z	Gyroscope X	Gyroscope X	
UNCAL	CAL	UNCAL	CAL	CAL	UNCAL	CAL	CAL	UNCAL	CAL	UNCAL	UNCAL	CAL	CAL	UNCAL	CAL	UNCAL	CAL	UNCAL	CAL	UNCAL	
no units	m/(s^2)	no units	m/(s^2)	m/(s^2)	no units	no units	ms	no units	local_flux	no units	no units	local_flux	local_flux	no units	deg/s	no units	deg/s	no units	deg/s	no units	
2196.0	-2.690072429102523	1492.0	7.183233280223868	-1.9675734080841378	2314.0	0.0	1745.849609375	57208.0	0.5225	730.0	-615.0	-0.4149797570850203	0.43724696356275305	-409.0	19.26900137635724	-1428.0	15.248376816819837	-1065.0	20.913570157611197	-1399.0	
2164.0	-3.3539618368376205	1470.0	7.460959173380794	-1.5831156156236519	2370.0	0.0	1765.380859375	57848.0	0.5225	730.0	-615.0	-0.4149797570850203	0.43724696356275305	-409.0	9.726257837589847	-1864.0	5.258076886806848	-395.0	27.503862033253522	-775.0	
2184.0	-2.46950529950961	1440.0	7.81137481094379	-1.8082265929207986	2296.0	0.0	1784.912109375	58488.0	0.46	705.0	-616.0	-0.41700404858299595	0.4493927125506073	-415.0	13.396543814038845	-2047.0	-13.26598547066057	798.0	30.126661919115712	-1015.0	
2202.0	-3.135284927814598	1434.0	7.9000786471116	-2.0299777823600103	2352.0	0.0	1804.443359375	59128.0	0.46	705.0	-616.0	-0.41700404858299595	0.4493927125506073	-415.0	29.698730692766482	-2135.0	-24.65186497617478	1495.0	31.363117685975556	-2081.0	
2249.0	-3.7101991544319235	1464.0	7.5515131282362065	-2.608963295244655	2400.0	0.0	1823.974609375	59768.0	0.46	705.0	-616.0	-0.41700404858299595	0.4493927125506073	-415.0	35.525309680379266	-2107.0	-40.261319619577634	2495.0	30.77737759711403	-2462.0	
2247.0	-2.538649404300768	1422.0	8.039821474685079	-2.5633852452721975	2302.0	0.0	1843.505859375	60408.0	0.38	673.0	-636.0	-0.4574898785425101	0.4979757085020243	-439.0	40.67900290564307	-2750.0	-59.438234068698605	3722.0	40.45211144479713	-2799.0	
2158.0	-2.590832397731535	1361.0	8.773903083989302	-1.4769362863939148	2307.0	0.0	1863.037109375	61048.0	0.38	673.0	-636.0	-0.4574898785425101	0.4979757085020243	-439.0	43.232910230922165	-3588.0	-69.54337040516444	4364.0	53.20973738694115	-2966.0	
1985.0	-2.0140416367567484	1412.0	8.119645848134708	0.6000838258963315	2258.0	0.0	1882.568359375	61688.0	0.38	673.0	-636.0	-0.4574898785425101	0.4979757085020243	-439.0	8.808686343477596	-3492.0	-75.02698763513163	4811.0	51.681830783461486	-715.0	
1935.0	0.851897486962562	1237.0	10.189748696256197	1.2725549126501712	2019.0	0.0	1902.099609375	62328.0	0.38	673.0	-636.0	-0.4574898785425101	0.4979757085020243	-439.0	-35.25003823214559	-2827.0	-75.39298732410538	4956.0	41.47408915391869	2166.0	
1903.0	2.6146727915558694	1129.0	11.467279155586967	1.7012754435574184	1872.0	0.0	1921.630859375	62968.0	0.275	631.0	-682.0	-0.5506072874493927	0.4817813765182186	-431.0	-45.588010399143606	-2161.0	-68.7865642601931	4560.0	31.320727268246625	2842.0	
1922.0	2.992889662756087	1151.0	11.193728180370563	1.47067093011449	1840.0	0.0	1941.162109375	63608.0	0.275	631.0	-682.0	-0.5506072874493927	0.4817813765182186	-431.0	-33.93485242391803	-1412.0	-52.218943385424595	3460.0	19.99338521705875	2080.0	
1968.0	2.868679561682911	1194.0	10.677479977814905	0.9048869975827657	1850.0	0.0	1960.693359375	64248.0	0.275	631.0	-682.0	-0.5506072874493927	0.4817813765182186	-431.0	-28.55176632512617	-1159.0	-36.091874174768115	2400.0	16.272501543659715	1728.0	
1947.0	3.0497497697915392	1173.0	10.927357931534859	1.164707306931022	1835.0	0.0	1980.224609375	64888.0	0.2125	606.0	-689.0	-0.5647773279352227	0.4736842105263158	-427.0	-30.035173573940973	-810.0	-16.814631250696525	1154.0	11.11004917621484	1825.0	
1982.0	1.7122601533355377	1112.0	11.702205809744253	0.7451426213426983	1948.0	0.0	1999.755859375	65528.0	0.2125	606.0	-689.0	-0.5647773279352227	0.4736842105263158	-427.0	-23.99449457103533	85.0	-3.1685593862594383	260.0	-2.4868029791625794	1430.0	
2037.0	1.4351586162515224	1140.0	11.37300448229508	0.07313697701323613	1971.0	0.0	2019.287109375	632.0	0.2125	606.0	-689.0	-0.5647773279352227	0.4736842105263158	-427.0	-9.619207829943416	285.0	6.638390915844544	-413.0	-5.45763020776652	490.0	
2042.0	0.424028640053729	1233.0	10.260006862515752	-0.019475238999750066	2055.0	0.0	2038.818359375	1272.0	0.2125	606.0	-689.0	-0.5647773279352227	0.4736842105263158	-427.0	2.9821073558648115	507.0	10.99799325172277	-727.0	-8.820509556511468	-334.0	
2028.0	-0.0788134170195569	1257.0	9.97580115518717	0.13848692507812616	2097.0	0.0	2058.349609375	1912.0	0.1775	592.0	-703.0	-0.5931174089068826	0.4149797570850203	-398.0	-10.720293622878117	814.0	17.13019323422798	-1087.0	-13.46994403973076	562.0	
2018.0	-0.20321286326434893	1301.0	9.440618435469867	0.24702120393217553	2107.0	0.0	2077.880859375	2552.0	0.1775	592.0	-703.0	-0.5931174089068826	0.4149797570850203	-398.0	-36.962838354488454	1101.0	23.468646715955394	-1428.0	-17.810426314795336	2278.0	
2050.0	1.1109624697101976	1261.0	9.905770780543593	-0.11607616451130329	1997.0	0.0	2097.412109375	3192.0	0.1775	592.0	-703.0	-0.5931174089068826	0.4149797570850203	-398.0	-44.62456033032574	1088.0	27.95664370907607	-1700.0	-17.566068057308506	2779.0	
2055.0	0.861018721249716	1261.0	9.911395934495411	-0.17870406277229337	2018.0	0.0	2116.943359375	3832.0	0.19	597.0	-663.0	-0.5121457489878543	0.4676113360323887	-424.0	-9.083957791711272	613.0	28.184922357386704	-1812.0	-10.275155533216068	455.0	
2056.0	-0.35074972969507	1340.0	8.972646078112048	-0.22164493718049286	2119.0	0.0	2136.474609375	4472.0	0.19	597.0	-663.0	-0.5121457489878543	0.4676113360323887	-424.0	11.194372228169446	308.0	27.157886447292547	-1801.0	-5.605358376588914	-871.0	
2075.0	-0.5528233327463855	1338.0	9.003381011075732	-0.4519666372023348	2136.0	0.0	2156.005859375	5112.0	0.19	597.0	-663.0	-0.5121457489878543	0.4676113360323887	-424.0	11.806086557577613	162.0	26.66497900106116	-1772.0	-3.369992836964991	-911.0	
2054.0	-0.4232194204510457	1251.0	10.05901033584781	-0.1765459633911687	2126.0	0.0	2175.537109375	5752.0	0.1775	592.0	-646.0	-0.4777327935222672	0.4676113360323887	-424.0	15.201101085792937	-116.0	19.74978726300008	-1334.0	0.826621702613122	-1133.0	
2071.0	-1.250069984687494	1297.0	9.516811055060108	-0.40047773175772106	2195.0	0.0	2195.068359375	6392.0	0.1775	592.0	-646.0	-0.4777327935222672	0.4676113360323887	-424.0	21.89937299281236	124.0	15.058300119624922	-1044.0	-2.902969246770607	-1571.0	
2115.0	-1.5036238341310406	1327.0	9.161426110705486	-0.9402414510669597	2216.0	0.0	2214.599609375	7032.0	0.1775	592.0	-646.0	-0.4777327935222672	0.4676113360323887	-424.0	12.693072335219453	81.0	9.790577698365746	-678.0	-2.295833673683828	-969.0	
2098.0	-0.8588439877597245	1310.0	9.353696462122787	-0.7251289684664668	2162.0	0.0	2234.130859375	7672.0	0.1775	592.0	-646.0	-0.4777327935222672	0.4676113360323887	-424.0	4.067900290564307	-181.0	6.1732702980870195	-423.0	1.6882479707421103	-405.0	
2069.0	-0.8989304486667523	1248.0	10.106955133324771	-0.3610670692900516	2166.0	0.0	2253.662109375	8312.0	0.1625	586.0	-644.0	-0.4736842105263158	0.4716599190283401	-426.0	7.860529132894939	-215.0	3.5246885587884744	-261.0	2.183474597725372	-653.0	
2072.0	-1.3541425519952075	1272.0	9.823840038574488	-0.40742607053159485	2204.0	0.0	2273.193359375	8952.0	0.1625	586.0	-644.0	-0.4736842105263158	0.4716599190283401	-426.0	-9.343936381709742	-112.0	3.2288554033449226	-196.0	0.6000344493840708	472.0	
2097.0	-0.5614078442634843	1311.0	9.335406049842037	-0.7104722225060349	2137.0	0.0	2292.724609375	9592.0	0.1625	586.0	-644.0	-0.4736842105263158	0.4716599190283401	-426.0	-23.93332313809451	-95.0	0.600412263215734	13.0	0.3128937957946555	1426.0	
2053.0	-0.15568313380210527	1302.0	9.431686619789474	-0.17436888207476167	2103.0	0.0	2312.255859375	10232.0	0.15	581.0	-639.0	-0.46356275303643724	0.4898785425101215	-435.0	-3.2420859458632822	-567.0	-6.65180675485507	426.0	7.482967892248902	73.0	
2062.0	-0.30906217915964596	1291.0	9.569972560225885	-0.2815706886593679	2116.0	0.0	2331.787109375	10872.0	0.15	581.0	-639.0	-0.46356275303643724	0.4898785425101215	-435.0	24.30035173573941	-356.0	-7.15193418012089	389.0	4.240280566131889	-1728.0	
2036.0	-1.1406746620015726	1278.0	9.742057609366551	0.026807899543218883	2186.0	0.0	2351.318359375	11512.0	0.15	581.0	-639.0	-0.46356275303643724	0.4898785425101215	-435.0	21.042972931640925	-351.0	-8.78966665227733	504.0	4.1471808231197	-1515.0	
2045.0	-0.49391306549865954	1245.0	10.132502973943568	-0.06734931213997067	2132.0	0.0	2370.849609375	12152.0	0.15	581.0	-639.0	-0.46356275303643724	0.4898785425101215	-435.0	-6.912371922312281	-132.0	-9.083750425700538	598.0	0.7837980642561142	313.0	
2018.0	-0.5826258754408913	1289.0	9.594555313053734	0.24630581136208746	2139.0	0.0	2390.380859375	12792.0	0.1275	572.0	-641.0	-0.4676113360323887	0.5040485829959515	-442.0	-16.5315797522557	-68.0	-11.13473411727357	757.0	-0.21875872677961006	942.0	
2049.0	-0.1395189993570565	1267.0	9.857623873818161	-0.11749572456540011	2102.0	0.0	2409.912109375	13432.0	0.1275	572.0	-641.0	-0.4676113360323887	0.5040485829959515	-442.0	-12.142529438752105	296.0	-11.100623131548842	747.0	-5.803809668479828	655.0	
2069.0	-0.6345183594476302	1227.0	10.357687864760791	-0.35340829376914	2144.0	0.0	2429.443359375	14072.0	0.1275	572.0	-641.0	-0.4676113360323887	0.5040485829959515	-442.0	-1.146964367640312	345.0	-11.57902584378397	750.0	-6.5604733948503	-64.0	
2069.0	-0.553639816133743	1247.0	10.11220886281618	-0.35750908837489337	2137.0	0.0	2448.974609375	14712.0	0.11750000000000001	568.0	-631.0	-0.4473684210526316	0.5060728744939271	-443.0	-9.03807921700566	102.0	-12.408107356651973	822.0	-2.840054681054628	452.0	
2049.0	-0.14085992506048356	1278.0	9.723531303475454	-0.12019098522928853	2102.0	0.0	2468.505859375	15352.0	0.11750000000000001	568.0	-631.0	-0.4473684210526316	0.5060728744939271	-443.0	-8.105214864658205	-151.0	-13.007180029216428	856.0	1.0361089577253286	391.0	
2047.0	0.3261338502744049	1255.0	9.994337408392866	-0.08600853983542273	2063.0	0.0	2488.037109375	15992.0	0.11750000000000001	568.0	-631.0	-0.4473684210526316	0.5060728744939271	-443.0	11.010857929346995	-161.0	-11.312367049074549	696.0	1.2065019241079964	-859.0	
2063.0	-0.31084545088603716	1208.0	10.582121578062948	-0.27339373379097487	2117.0	0.0	2507.568359375	16632.0	0.11750000000000001	568.0	-636.0	-0.4574898785425101	0.5020242914979757	-441.0	31.472702248050165	-167.0	-11.05502980263172	626.0	1.3011421985211742	-2197.0	
2047.0	-0.6960071422677252	1243.0	10.16119053513225	-0.09289288722605638	2149.0	0.0	2527.099609375	17272.0	0.11750000000000001	568.0	-636.0	-0.4574898785425101	0.5020242914979757	-441.0	24.529744609267475	-250.0	-8.682916532627845	489.0	2.5984554748455797	-1743.0	
2053.0	-0.47022059313108855	1246.0	10.120797829748286	-0.16373203246887527	2130.0	0.0	2546.630859375	17912.0	0.11750000000000001	568.0	-636.0	-0.4574898785425101	0.5020242914979757	-441.0	4.786664627618903	-186.0	-7.837310677751829	486.0	1.6248645792743461	-452.0	
2060.0	-0.37718744478271315	1264.0	9.900303140776304	-0.2515489441624215	2122.0	0.0	2566.162109375	18552.0	0.11750000000000001	568.0	-636.0	-0.4574898785425101	0.5020242914979757	-441.0	3.8690931335066527	-58.0	-6.719703466575757	417.0	-0.328053256853881	-392.0	
2074.0	-0.7580464242906224	1264.0	9.909643285223474	-0.4238454298637379	2154.0	0.0	2585.693359375	19192.0	0.0975	560.0	-636.0	-0.4574898785425101	0.520242914979757	-450.0	5.887750420553602	139.0	-5.801231292726936	354.0	-3.341731815765999	-524.0	
2077.0	-0.9370659707298606	1268.0	9.864831498442513	-0.46267643937700254	2169.0	0.0	2605.224609375	19832.0	0.0975	560.0	-636.0	-0.4574898785425101	0.520242914979757	-450.0	-3.440893102920936	190.0	-5.48182080171056	358.0	-4.1211063774202055	86.0	
2080.0	-0.6420630566217713	1289.0	9.603218147346682	-0.5011032555710913	2144.0	0.0	2624.755859375	20472.0	0.0975	560.0	-636.0	-0.4574898785425101	0.520242914979757	-450.0	-11.224957944639854	155.0	-7.0523060927370524	480.0	-3.5997543022960987	595.0	
2086.0	-0.5707635128997962	1290.0	9.590315376687048	-0.5729374721735702	2138.0	0.0	2644.287109375	21112.0	0.0975	560.0	-634.0	-0.4534412955465587	0.4959514170040486	-438.0	-6.239486159963298	129.0	-9.88579574020905	651.0	-3.229132623659571	269.0	
2074.0	-0.26021922372975465	1281.0	9.692363341310251	-0.42321275673639364	2112.0	0.0	2663.818359375	21752.0	0.0975	560.0	-634.0	-0.4534412955465587	0.4959514170040486	-438.0	0.29056430646887904	-30.0	-11.709438012134258	751.0	-0.8075961447369634	-158.0	
2085.0	-0.4514972124950826	1288.0	9.6121835123965	-0.5592592536842497	2128.0	0.0	2683.349609375	22392.0	0.0975	560.0	-634.0	-0.4534412955465587	0.4959514170040486	-438.0	5.0925217923229855	-89.0	-14.356082465162538	910.0	0.07126194656212329	-472.0	
2085.0	-0.203741684413063	1306.0	9.38773632059846	-0.5612706422393903	2107.0	0.0	2702.880859375	23032.0	0.0975	560.0	-634.0	-0.4534412955465587	0.4959514170040486	-438.0	7.860529132894939	-194.0	-14.113764725165561	886.0	1.6848559080652081	-653.0	
2077.0	0.5634859664799037	1261.0	9.920025219418939	-0.4465670455853764	2043.0	0.0	2722.412109375	23672.0	0.095	559.0	-643.0	-0.4716599190283401	0.4716599190283401	-426.0	7.952286282306164	-139.0	-12.278691435169394	767.0	0.8592600397683	-659.0	
2083.0	0.26073620083904475	1206.0	10.597429607713998	-0.5083356121023898	2069.0	0.0	2741.943359375	24312.0	0.095	559.0	-643.0	-0.4716599190283401	0.4716599190283401	-426.0	12.264872304633737	106.0	-12.075211763601935	745.0	-2.898103659756627	-941.0	
2142.0	-0.07660378295351968	1240.0	10.19676456179089	-1.2305656863527534	2097.0	0.0	2761.474609375	24952.0	0.095	559.0	-643.0	-0.4716599190283401	0.4716599190283401	-426.0	16.271601162257227	338.0	-9.877381917201834	594.0	-6.436045569977604	-1203.0	
2174.0	-0.034319466977323826	1284.0	9.663291397505715	-1.6263544751533938	2093.0	0.0	2781.005859375	25592.0	0.095	559.0	-650.0	-0.4858299595141701	0.4534412955465587	-417.0	7.661721975837285	212.0	-12.367023380923914	777.0	-4.527537043691086	-640.0	
2175.0	0.6560191977516826	1284.0	9.649538822787315	-1.631774332771556	2035.0	0.0	2800.537109375	26232.0	0.095	559.0	-650.0	-0.4858299595141701	0.4534412955465587	-417.0	0.5505428964673498	-40.0	-14.39761409244491	925.0	-0.6810330689588208	-175.0	
2128.0	1.3611280804234285	1260.0	9.922331851866657	-1.0530023231222878	1976.0	0.0	2820.068359375	26872.0	0.095	559.0	-650.0	-0.4858299595141701	0.4534412955465587	-417.0	-0.21410001529285827	-169.0	-19.062559926285335	1229.0	1.251755864600888	-125.0	
2100.0	0.5587594750853507	1300.0	9.447376079963648	-0.7331757270233675	2043.0	0.0	2839.599609375	27512.0	0.125	571.0	-660.0	-0.5060728744939271	0.44534412955465585	-413.0	2.1257072946933784	20.0	-21.434251308150785	1379.0	-1.6720684606033738	-278.0	
2115.0	1.0085076513175109	1321.0	9.184098465084412	-0.9146666891248958	2005.0	0.0	2859.130859375	28152.0	0.125	571.0	-660.0	-0.5060728744939271	0.44534412955465585	-413.0	-13.320079522862825	165.0	-20.64042722770443	1369.0	-3.8890803502270215	732.0	
2116.0	1.497968853971527	1309.0	9.320694920962234	-0.9190883407518834	1964.0	0.0	2878.662109375	28792.0	0.125	571.0	-660.0	-0.5060728744939271	0.44534412955465585	-413.0	-21.012387215170516	267.0	-14.426303636166583	986.0	-5.392076447440384	1235.0	
2109.0	1.3800338445795348	1300.0	9.4319558865249	-0.8337051221369595	1974.0	0.0	2898.193359375	29432.0	0.125	571.0	-660.0	-0.5060728744939271	0.44534412955465585	-413.0	-27.435387673956264	561.0	-6.249377099503011	474.0	-9.821585377562469	1655.0	
2157.0	1.0246052828974432	1287.0	9.603385432601469	-1.4121440698442975	2004.0	0.0	2917.724609375	30072.0	0.1825	594.0	-671.0	-0.52834008097166	0.4493927125506073	-415.0	-38.323902737421626	584.0	-0.6116709132836586	136.0	-10.11813143983715	2367.0	
2172.0	1.040016826725469	1356.0	8.763587434451672	-1.609508805935278	2002.0	0.0	2937.255859375	30712.0	0.1825	594.0	-671.0	-0.52834008097166	0.4493927125506073	-415.0	-36.19819544272825	168.0	1.592731382053677	-17.0	-3.7127822151038155	2228.0	
2134.0	1.8713524863557964	1273.0	9.754296254627276	-1.123549947634258	1933.0	0.0	2956.787109375	31352.0	0.1825	594.0	-671.0	-0.52834008097166	0.4493927125506073	-415.0	-19.91130142223582	-459.0	6.043800724821251	-355.0	5.952719731968176	1163.0	
2159.0	0.7595082473183448	1216.0	10.474634255644009	-1.4214664492814062	2027.0	0.0	2976.318359375	31992.0	0.26	625.0	-665.0	-0.5161943319838057	0.49190283400809715	-436.0	-4.939593209970944	-643.0	7.062497307413651	-462.0	8.786291690889083	184.0	
2116.0	0.18911791922423535	1208.0	10.5784585890902	-0.9070215767367971	2075.0	0.0	2995.849609375	32632.0	0.26	625.0	-665.0	-0.5161943319838057	0.49190283400809715	-436.0	-10.123872151705156	-807.0	8.93656348259274	-572.0	11.321527672573358	523.0	
2100.0	0.5301227005922012	1242.0	10.155127202077269	-0.7193070723260266	2046.0	0.0	3015.380859375	33272.0	0.26	625.0	-665.0	-0.5161943319838057	0.49190283400809715	-436.0	-32.482030891573636	-792.0	6.080208412355206	-328.0	11.06279686699911	1985.0	
2092.0	1.4493993101663256	1219.0	10.416121492823043	-0.6085088782466951	1969.0	0.0	3034.912109375	33912.0	0.26	625.0	-665.0	-0.5161943319838057	0.49190283400809715	-436.0	-36.54993118213795	-522.0	7.4840295607532585	-406.0	6.933824490789366	2251.0	
2057.0	0.8110176621492065	1183.0	10.86367097682541	-0.18425495805886719	2023.0	0.0	3054.443359375	34552.0	0.33	653.0	-650.0	-0.4858299595141701	0.4939271255060729	-437.0	-29.43875210276801	-473.0	8.145352244274594	-467.0	6.188558018376459	1786.0	
2046.0	0.4166414738492937	1196.0	10.71176643254842	-0.05870669034547843	2056.0	0.0	3073.974609375	35192.0	0.33	653.0	-650.0	-0.4858299595141701	0.4939271255060729	-437.0	-38.2168527297752	-239.0	12.8697041114381	-749.0	2.6451923610468655	2360.0	
2052.0	2.008884429367668	1218.0	10.41225246057633	-0.12106369685624246	1922.0	0.0	3093.505859375	35832.0	0.33	653.0	-650.0	-0.4858299595141701	0.4939271255060729	-437.0	-49.915889279706384	-270.0	15.05550207880073	-861.0	3.142729334122364	3125.0	
2032.0	1.2081101890970738	1245.0	10.096733195421656	0.10558203085964486	1989.0	0.0	3113.037109375	36472.0	0.40750000000000003	684.0	-615.0	-0.4149797570850203	0.5222672064777328	-451.0	-34.65361676097263	-305.0	20.99188499539862	-1287.0	3.7391500913227143	2127.0	
2055.0	1.0316746784547792	1228.0	10.310324988335065	-0.16901892212344966	2004.0	0.0	3132.568359375	37112.0	0.40750000000000003	684.0	-615.0	-0.4149797570850203	0.5222672064777328	-451.0	-41.79538155681297	-20.0	27.750391548843492	-1705.0	-0.5664426857084348	2594.0	
2065.0	1.49453822637877	1239.0	10.168108352162722	-0.2877165470785001	1965.0	0.0	3152.099609375	37752.0	0.40750000000000003	684.0	-615.0	-0.4149797570850203	0.5222672064777328	-451.0	-51.16990365499312	-9.0	30.57255568224088	-1864.0	-0.707010364613835	3207.0	
2059.0	1.4805562906304923	1256.0	9.960390967811135	-0.21972155749650848	1966.0	0.0	3171.630859375	38392.0	0.4825	714.0	-580.0	-0.3441295546558705	0.5364372469635628	-458.0	-38.033338430952746	-246.0	31.902610254381088	-1987.0	2.9429328080831696	2348.0	
2065.0	0.8136650892593682	1259.0	9.937937497365391	-0.2991286955456407	2022.0	0.0	3191.162109375	39032.0	0.4825	714.0	-580.0	-0.3441295546558705	0.5364372469635628	-458.0	-26.471937605138404	-378.0	33.61938941552821	-2130.0	4.985572442567127	1592.0	
2070.0	1.2557654339050073	1245.0	10.100352914310252	-0.3517003476157087	1985.0	0.0	3210.693359375	39672.0	0.4825	714.0	-580.0	-0.3441295546558705	0.5364372469635628	-458.0	-29.576387826884847	-575.0	36.28190810348219	-2297.0	8.035060910097274	1795.0	
2067.0	1.8524650516112773	1232.0	10.246505161127713	-0.30666572818904375	1935.0	0.0	3230.224609375	40312.0	0.4825	714.0	-580.0	-0.3441295546558705	0.5364372469635628	-458.0	-28.949380639241475	-713.0	34.174641804596675	-2163.0	10.131526991929656	1754.0	
2069.0	1.304836537635852	1233.0	10.24555852548995	-0.33625733158372206	1981.0	0.0	3249.755859375	40952.0	0.525	731.0	-540.0	-0.2631578947368421	0.5344129554655871	-457.0	-12.218993729928124	-967.0	30.03662364024145	-1940.0	13.98764565944983	660.0	
2081.0	1.5159241890402182	1259.0	9.925752237355171	-0.4851208940853859	1963.0	0.0	3269.287109375	41592.0	0.525	731.0	-540.0	-0.2631578947368421	0.5344129554655871	-457.0	2.1410001529285827	-1229.0	26.422844183155146	-1745.0	17.97176258330769	-279.0	
2064.0	1.8746814482390253	1245.0	10.087192442950146	-0.27348524027306464	1933.0	0.0	3288.818359375	42232.0	0.525	731.0	-540.0	-0.2631578947368421	0.5344129554655871	-457.0	8.655757761125555	-1418.0	23.933840114595732	-1602.0	20.846979954007704	-705.0	
2030.0	1.639518756748327	1221.0	10.380447103404116	0.13966678023797524	1953.0	0.0	3308.349609375	42872.0	0.5425	738.0	-513.0	-0.20850202429149797	0.5384615384615384	-459.0	16.745679767548555	-1747.0	20.791269340919296	-1422.0	25.863889369794034	-1234.0	
2023.0	1.3143673637742346	1252.0	10.008164948852027	0.21330697261478285	1980.0	0.0	3327.880859375	43512.0	0.5425	738.0	-513.0	-0.20850202429149797	0.5384615384615384	-459.0	20.828872916348068	-2048.0	16.782740097538323	-1175.0	30.442493658455824	-1501.0	
1976.0	1.3020426829495417	1255.0	9.966173056858933	0.7786089482076378	1981.0	0.0	3347.412109375	44152.0	0.5425	738.0	-513.0	-0.20850202429149797	0.5384615384615384	-459.0	23.48983024927359	-2105.0	13.360714140902637	-960.0	31.282908967402587	-1675.0	
1967.0	1.4652517585903744	1283.0	9.620413954275525	0.8817595918521371	1967.0	0.0	3366.943359375	44792.0	0.5425	738.0	-513.0	-0.20850202429149797	0.5384615384615384	-459.0	-6.820614772901056	-1418.0	11.971411671045423	-784.0	20.7273556695722	307.0	
1953.0	2.1785237819311214	1290.0	9.519044859778786	1.0555396289907906	1907.0	0.0	3386.474609375	45432.0	0.5575	744.0	-500.0	-0.18218623481781376	0.562753036437247	-471.0	-51.70515369322527	-1035.0	7.996087805321327	-405.0	14.810665189853124	3242.0	
1992.0	3.1051270765262555	1305.0	9.32223146214938	0.5909898759118646	1829.0	0.0	3406.005859375	46072.0	0.5575	744.0	-500.0	-0.18218623481781376	0.562753036437247	-471.0	-77.61125554366112	-857.0	7.229234128328274	-286.0	12.07167856193696	4936.0	
1988.0	3.7727521005901075	1296.0	9.418067201867887	0.6477756120312106	1773.0	0.0	3425.537109375	46712.0	0.5575	744.0	-500.0	-0.18218623481781376	0.562753036437247	-471.0	-63.40419024315645	-1104.0	6.238593483617317	-261.0	15.851859619046701	4007.0	
1936.0	2.32901159550515	1227.0	10.282111931467357	1.2771251256687357	1895.0	0.0	3445.068359375	47352.0	0.5825	754.0	-464.0	-0.10931174089068826	0.5425101214574899	-461.0	-20.24774430341031	-1740.0	9.398277400241106	-585.0	25.642548064780378	1185.0	
1919.0	2.735622139404388	1211.0	10.466975845200663	1.4897077864908281	1861.0	0.0	3464.599609375	47992.0	0.5825	754.0	-464.0	-0.10931174089068826	0.5425101214574899	-461.0	-11.332007952286283	-1857.0	21.88200659507855	-1421.0	27.562689944729367	602.0	
1932.0	3.0910022632664367	1225.0	10.29070251711982	1.3331096151437354	1831.0	0.0	3484.130859375	48632.0	0.5825	754.0	-464.0	-0.10931174089068826	0.5425101214574899	-461.0	-30.27985930570424	-1219.0	35.65752996583807	-2261.0	17.910664604553272	1841.0	
1928.0	2.6756335190508804	1215.0	10.42049476223088	1.3797445436881384	1866.0	0.0	3503.662109375	49272.0	0.58	753.0	-421.0	-0.022267206477732795	0.6174089068825911	-498.0	-39.302645664474696	-961.0	47.62428467391584	-3013.0	14.071455367837824	2431.0	
1938.0	2.5200614359695246	1222.0	10.339476930285779	1.2560865385075795	1879.0	0.0	3523.193359375	49912.0	0.58	753.0	-421.0	-0.022267206477732795	0.6174089068825911	-498.0	-27.465973390426672	-1020.0	55.75501084045966	-3573.0	15.058087165332632	1657.0	
1919.0	2.2312122126630594	1248.0	10.025983171067868	1.4758438337407591	1903.0	0.0	3542.724609375	50552.0	0.58	753.0	-421.0	-0.022267206477732795	0.6174089068825911	-498.0	-8.808686343477596	-1312.0	59.76277434200335	-3885.0	19.578754028520542	437.0	
1904.0	1.7587123584600377	1316.0	9.204569179337106	1.6354134469303785	1942.0	0.0	3562.255859375	51192.0	0.58	753.0	-421.0	-0.022267206477732795	0.6174089068825911	-498.0	-2.5386144670438906	-1593.0	58.499898075751716	-3822.0	23.877925173791123	27.0	
1906.0	1.5456911303776035	1306.0	9.331017799665114	1.6117158215139455	1960.0	0.0	3581.787109375	51832.0	0.5825	754.0	-377.0	0.06680161943319839	0.6336032388663968	-506.0	-9.099250649946477	-1524.0	51.174812776237125	-3328.0	22.745904948385355	456.0	
1898.0	2.2849693618100737	1295.0	9.449317133388304	1.717860132671409	1898.0	0.0	3601.318359375	52472.0	0.5825	754.0	-377.0	0.06680161943319839	0.6336032388663968	-506.0	-23.47453739103839	-1555.0	45.39277687012038	-2915.0	23.163763582726062	1396.0	
1892.0	4.032294382390427	1314.0	9.181819191423596	1.8022725806644244	1751.0	0.0	3620.849609375	53112.0	0.5825	754.0	-377.0	0.06680161943319839	0.6336032388663968	-506.0	-37.03930264566448	-1707.0	45.819707678755485	-2909.0	25.5003944068474	2283.0	
1910.0	4.651726910143263	1310.0	9.220310061945334	1.5923692534728695	1699.0	0.0	3640.380859375	53752.0	0.5750000000000001	751.0	-331.0	0.15991902834008098	0.6558704453441295	-517.0	-39.34852423918031	-1832.0	54.62913236201413	-3477.0	27.5065491109456	2434.0	
1910.0	3.3107818764885177	1277.0	9.64961622028037	1.5875459263030225	1812.0	0.0	3659.912109375	54392.0	0.5750000000000001	751.0	-331.0	0.15991902834008098	0.6558704453441295	-517.0	-11.913136565224042	-1688.0	56.860773257663205	-3692.0	25.319259873132104	640.0	
1905.0	2.5623893724204097	1265.0	9.81036581346958	1.6435179569815475	1875.0	0.0	3679.443359375	55032.0	0.5750000000000001	751.0	-331.0	0.15991902834008098	0.6558704453441295	-517.0	29.0411377886527	-1815.0	63.29353442654337	-4218.0	27.332336909402766	-2038.0	
1883.0	3.002262957924763	1269.0	9.750105316285865	1.9117717238567722	1838.0	0.0	3698.974609375	55672.0	0.5750000000000001	751.0	-331.0	0.15991902834008098	0.6558704453441295	-517.0	52.561553754396705	-1839.0	68.42451032373678	-4613.0	27.751914276169703	-3576.0	
1854.0	1.5988454924021542	1260.0	9.884549240215444	2.249824018041583	1956.0	0.0	3718.505859375	56312.0	0.5700000000000001	749.0	-312.0	0.19838056680161945	0.6032388663967612	-491.0	59.27511851965133	-1822.0	71.00403438662778	-4798.0	27.51685329461049	-4015.0	
1871.0	0.9212841920907326	1253.0	9.985562066216124	2.040249384450049	2013.0	0.0	3738.037109375	56952.0	0.5700000000000001	749.0	-312.0	0.19838056680161945	0.6032388663967612	-491.0	22.00642300045879	-1125.0	73.03223340736459	-4826.0	16.842030175104796	-1578.0	
1866.0	2.2799768862309655	1238.0	10.140545765953696	2.1171769492416246	1899.0	0.0	3757.568359375	57592.0	0.5700000000000001	749.0	-312.0	0.19838056680161945	0.6032388663967612	-491.0	16.271601162257227	-1249.0	76.1956745629201	-5018.0	18.77638056026784	-1203.0	
1829.0	2.5874435085756713	1254.0	9.934827048043335	2.5619203736369847	1873.0	0.0	3777.099609375	58232.0	0.5650000000000001	747.0	-277.0	0.2692307692307692	0.6518218623481782	-515.0	30.769230769230774	-1228.0	75.26529303401216	-4995.0	18.44484258815814	-2151.0	
1815.0	1.9440891558179725	1259.0	9.885106057987727	2.723167109103476	1927.0	0.0	3796.630859375	58872.0	0.5650000000000001	747.0	-277.0	0.2692307692307692	0.6518218623481782	-515.0	47.4078605291329	-1155.0	75.24162388787738	-5036.0	17.32445858965367	-3239.0	
1809.0	0.7681853458632029	1239.0	10.151867919653611	2.789032464863752	2026.0	0.0	3816.162109375	59512.0	0.5650000000000001	747.0	-277.0	0.2692307692307692	0.6518218623481782	-515.0	39.455574246826735	-1114.0	78.41140564297955	-5221.0	16.72703257722157	-2719.0	
1802.0	0.9822976732940225	1240.0	10.134529234164154	2.8751641638258616	2008.0	0.0	3835.693359375	60152.0	0.5675	748.0	-252.0	0.31983805668016196	0.6072874493927125	-493.0	-2.003364428811745	-1143.0	82.6183459105921	-5387.0	17.214092005983318	-8.0	
1801.0	1.8483657257083754	1263.0	9.836572570837532	2.8899139038545574	1935.0	0.0	3855.224609375	60792.0	0.5675	748.0	-252.0	0.31983805668016196	0.6072874493927125	-493.0	-17.433858388132744	-1186.0	81.24479478996649	-5258.0	17.860169292076435	1001.0	
1817.0	2.2671621873868952	1245.0	10.04955207202288	2.7055903741577003	1900.0	0.0	3874.755859375	61432.0	0.5675	748.0	-252.0	0.31983805668016196	0.6072874493927125	-493.0	-10.888515063465363	-1026.0	79.51562700578687	-5161.0	15.387760228934653	573.0	
1819.0	1.9454348988667525	1248.0	10.01968036286573	2.677679281547187	1927.0	0.0	3894.287109375	62072.0	0.5675	748.0	-252.0	0.31983805668016196	0.6072874493927125	-493.0	5.276036091145436	-879.0	79.56841502270882	-5205.0	13.132649011359513	-484.0	
1827.0	1.924077840277422	1228.0	10.264926884885048	2.585985099233005	1929.0	0.0	3913.818359375	62712.0	0.5725	750.0	-211.0	0.402834008097166	0.582995951417004	-481.0	13.717693836978132	-694.0	83.67343093598556	-5492.0	10.334969693739172	-1036.0	
1830.0	1.9373247489966336	1217.0	10.39914156633005	2.5526572836358445	1928.0	0.0	3933.349609375	63352.0	0.5725	750.0	-211.0	0.402834008097166	0.582995951417004	-481.0	25.187337513381255	-613.0	83.61163662224358	-5517.0	9.091448574293635	-1786.0	
1814.0	1.1360677167246918	1248.0	10.035343101040596	2.7301398283446856	1995.0	0.0	3952.880859375	63992.0	0.5725	750.0	-211.0	0.402834008097166	0.582995951417004	-481.0	28.949380639241475	-499.0	85.67810255251094	-5660.0	7.36284209657007	-2032.0	
1829.0	1.231182839487251	1249.0	10.023045853487023	2.550122143054974	1987.0	0.0	3972.412109375	64632.0	0.58	753.0	-186.0	0.4534412955465587	0.5344129554655871	-457.0	19.25370851812204	-316.0	84.69432357183254	-5569.0	4.544963797326428	-1398.0	
1831.0	0.8132613722195456	1260.0	9.897565793383132	2.5193369416380507	2022.0	0.0	3991.943359375	65272.0	0.58	753.0	-186.0	0.4534412955465587	0.5344129554655871	-457.0	15.87398684814192	-185.0	85.09568955778188	-5585.0	2.5388500979715585	-1177.0	
1857.0	1.1004123931669254	1248.0	10.041239316692543	2.2118289102655204	1998.0	0.0	4011.474609375	376.0	0.58	753.0	-186.0	0.4534412955465587	0.5344129554655871	-457.0	3.9149717082122653	-127.0	83.89102305322467	-5475.0	1.6368233807547419	-395.0	
1867.0	1.3361556922688822	1267.0	9.806045417364396	2.089000537559133	1978.0	0.0	4031.005859375	1016.0	0.58	753.0	-186.0	0.4534412955465587	0.5344129554655871	-457.0	-0.9328643523474538	-214.0	84.56375148633435	-5507.0	2.9785207433427057	-78.0	
1876.0	0.5702701714156807	1301.0	9.407969522520448	1.9649464295139634	2042.0	0.0	4050.537109375	1656.0	0.59	757.0	-165.0	0.4959514170040486	0.4817813765182186	-431.0	3.1044502217464447	-206.0	82.66548216501447	-5394.0	2.836782180864507	-342.0	
1900.0	0.8209802596500224	1295.0	9.478978345954628	1.6797170803589663	2021.0	0.0	4070.068359375	2296.0	0.59	757.0	-165.0	0.4959514170040486	0.4817813765182186	-431.0	0.9787429270530663	-257.0	80.2510018988277	-5232.0	3.5952060447670093	-203.0	
1902.0	0.6903004029215778	1293.0	9.506230768348253	1.6548589446973856	2032.0	0.0	4089.599609375	2936.0	0.59	757.0	-165.0	0.4959514170040486	0.4817813765182186	-431.0	0.8564000611714331	-433.0	80.38269864139826	-5242.0	6.2971521360226985	-195.0	
1884.0	0.7868386106250778	1282.0	9.636242014888722	1.8752920215847482	2024.0	0.0	4109.130859375	3576.0	0.5925	758.0	-135.0	0.5566801619433198	0.4676113360323887	-424.0	-1.5445786817556202	-503.0	77.28418098516939	-5035.0	7.3402808155291535	-38.0	
1878.0	1.2023172138139266	1291.0	9.517435667106945	1.9493598372875067	1989.0	0.0	4128.662109375	4216.0	0.5925	758.0	-135.0	0.5566801619433198	0.4676113360323887	-424.0	0.6575929041137789	-574.0	74.81657997018165	-4881.0	8.405063145106144	-182.0	
1878.0	0.9632945949851223	1299.0	9.424697593750318	1.9451148496320865	2009.0	0.0	4148.193359375	4856.0	0.5925	758.0	-135.0	0.5566801619433198	0.4676113360323887	-424.0	5.964214711729623	-571.0	73.4820047213222	-4808.0	8.345683941643175	-529.0	
1852.0	1.166578791048822	1291.0	9.515021962025058	2.2622071910064108	1992.0	0.0	4167.724609375	5496.0	0.59	757.0	-114.0	0.5991902834008097	0.3967611336032389	-389.0	1.7892644135188869	-492.0	72.50755365408824	-4733.0	7.123725221978968	-256.0	
1875.0	1.0225590273366079	1301.0	9.398759876517927	1.9813333179242063	2004.0	0.0	4187.255859375	6136.0	0.59	757.0	-114.0	0.5991902834008097	0.3967611336032389	-389.0	-1.4069429576387829	-431.0	70.89134733173253	-4619.0	6.171549655609791	-47.0	
1875.0	1.6084570090751988	1279.0	9.655224717043707	1.992321594552108	1955.0	0.0	4206.787109375	6776.0	0.59	757.0	-114.0	0.5991902834008097	0.3967611336032389	-389.0	2.768007340571953	-730.0	69.29422662610604	-4529.0	10.743579062332874	-320.0	
1846.0	0.8575975542014695	1287.0	9.569279229670773	2.332491680617358	2018.0	0.0	4226.318359375	7416.0	0.59	757.0	-114.0	0.5991902834008097	0.3967611336032389	-389.0	11.301422235815876	-887.0	68.021373792034	-4470.0	13.139934468317763	-878.0	
1851.0	0.7643350532158026	1271.0	9.7668386549136	2.2752692802569356	2026.0	0.0	4245.849609375	8056.0	0.5925	758.0	-90.0	0.6477732793522267	0.3765182186234818	-379.0	-1.2081358005811287	-698.0	65.58222706751232	-4277.0	10.215435589686939	-60.0	
1872.0	1.397014489687851	1256.0	9.939544206880342	2.0320381374682204	1973.0	0.0	4265.380859375	8696.0	0.5925	758.0	-90.0	0.6477732793522267	0.3765182186234818	-379.0	-8.120507722893409	-603.0	61.65895533662149	-4003.0	8.718476924856166	392.0	
1877.0	1.3735814783660276	1253.0	9.977195455650369	1.9723158684749809	1975.0	0.0	4284.912109375	9336.0	0.5925	758.0	-90.0	0.6477732793522267	0.3765182186234818	-379.0	2.1410001529285827	-685.0	62.69712237234013	-4098.0	9.987106255179594	-279.0	
1870.0	0.9820138611549971	1243.0	10.106148020261607	2.0553165929926855	2008.0	0.0	4304.443359375	9976.0	0.5925	758.0	-72.0	0.6842105263157895	0.33805668016194335	-360.0	12.218993729928124	-796.0	62.99990567165469	-4145.0	11.693371774224603	-938.0	
1865.0	0.6605219469538368	1244.0	10.099813743002729	2.112215952160918	2035.0	0.0	4323.974609375	10616.0	0.5925	758.0	-72.0	0.6842105263157895	0.33805668016194335	-360.0	16.072794005199572	-760.0	59.85205392740172	-3950.0	11.109491845089577	-1190.0	
1881.0	0.4590542425768825	1237.0	10.191138543402536	1.9192566867877954	2052.0	0.0	4343.505859375	11256.0	0.5925	758.0	-72.0	0.6842105263157895	0.33805668016194335	-360.0	8.288729163480655	-567.0	59.50086529357863	-3905.0	8.14449461273324	-681.0	
1893.0	0.6723361360414024	1245.0	10.090756461283096	1.7748035508270399	2034.0	0.0	4363.037109375	11896.0	0.5925	758.0	-72.0	0.6842105263157895	0.33805668016194335	-360.0	5.7195289799663565	-487.0	58.016303460011216	-3801.0	6.902090301747573	-513.0	
1900.0	0.7205635581062265	1240.0	10.151593905860752	1.692165224541651	2030.0	0.0	4382.568359375	12536.0	0.595	759.0	-68.0	0.6923076923076923	0.30364372469635625	-343.0	16.592751185196516	-510.0	54.50174701924733	-3601.0	7.219867861476807	-1224.0	
1913.0	0.05258366605939341	1252.0	10.020271367844103	1.526232468836753	2086.0	0.0	4402.099609375	13176.0	0.595	759.0	-68.0	0.6923076923076923	0.30364372469635625	-343.0	20.308915736351125	-445.0	50.533291224846415	-3352.0	6.1827918657546785	-1467.0	
1911.0	0.13285028901722823	1277.0	9.713600330294252	1.544998099857503	2079.0	0.0	4421.630859375	13816.0	0.595	759.0	-68.0	0.6923076923076923	0.30364372469635625	-343.0	11.240250802875059	-439.0	48.928191143960305	-3224.0	6.0746739629970685	-874.0	
1908.0	0.02682246697735892	1268.0	9.825103840593036	1.5823124701563331	2088.0	0.0	4441.162109375	14456.0	0.5925	758.0	-60.0	0.708502024291498	0.24696356275303644	-315.0	9.833307845236275	-441.0	46.90776041621922	-3089.0	6.085158623035907	-782.0	
1894.0	0.20729159375697875	1252.0	10.014873661412162	1.7565872566356924	2073.0	0.0	4460.693359375	15096.0	0.5925	758.0	-60.0	0.708502024291498	0.24696356275303644	-315.0	5.29132894938064	-503.0	43.72691381996148	-2871.0	7.004708143877075	-485.0	
1937.0	0.2418314668730815	1262.0	9.897432401593862	1.236511541013861	2070.0	0.0	4480.224609375	15736.0	0.5925	758.0	-60.0	0.708502024291498	0.24696356275303644	-315.0	-0.015292858235204161	-393.0	40.71070473050895	-2660.0	5.286652850588809	-138.0	
1929.0	0.3219689614762117	1288.0	9.57784852857355	1.3273067806681607	2063.0	0.0	4499.755859375	16376.0	0.6	761.0	-56.0	0.7165991902834008	0.2165991902834008	-300.0	2.0645358617525615	-453.0	38.92643594106694	-2550.0	6.189479182181883	-274.0	
1915.0	0.20475693574990278	1273.0	9.761407860704564	1.4984805458486987	2073.0	0.0	4519.287109375	17016.0	0.6	761.0	-56.0	0.7165991902834008	0.2165991902834008	-300.0	8.655757761125555	-397.0	34.94927346207003	-2308.0	5.29041647253692	-705.0	
1919.0	0.33544401849637695	1275.0	9.734878040113882	1.4510640491800126	2062.0	0.0	4538.818359375	17656.0	0.6	761.0	-56.0	0.7165991902834008	0.2165991902834008	-300.0	10.261507875821993	-288.0	32.08710361573815	-2125.0	3.589246055337986	-810.0	
1936.0	0.3853901166380361	1256.0	9.967583092375037	1.2513983340982182	2058.0	0.0	4558.349609375	18296.0	0.6	761.0	-56.0	0.7165991902834008	0.2165991902834008	-300.0	13.442422388744458	-222.0	26.725183716713165	-1784.0	2.5228909349114925	-1018.0	
1935.0	0.10034154382259038	1251.0	10.034154382259038	1.2619274669388283	2082.0	0.0	4577.880859375	18936.0	0.605	763.0	-61.0	0.7064777327935223	0.16396761133603238	-274.0	15.568129683437837	-307.0	24.412300062772097	-1640.0	3.804043209312699	-1157.0	
1934.0	-0.020268090958226723	1264.0	9.877952808939233	1.2696455318957085	2092.0	0.0	4597.412109375	19576.0	0.605	763.0	-61.0	0.7064777327935223	0.16396761133603238	-274.0	7.631136259366876	-274.0	21.997044703385978	-1462.0	3.273522695000716	-638.0	
1935.0	0.3619498792981832	1253.0	10.004511739342123	1.263950697435246	2060.0	0.0	4616.943359375	20216.0	0.605	763.0	-61.0	0.7064777327935223	0.16396761133603238	-274.0	1.2998929499923537	-213.0	17.214755165536076	-1134.0	2.2896862964765976	-224.0	
1939.0	0.5780258918155264	1238.0	10.18354156250503	1.2214992829393403	2042.0	0.0	4636.474609375	20856.0	0.615	767.0	-62.0	0.7044534412955465	0.1437246963562753	-264.0	4.541978895855636	-174.0	14.1533526795825	-943.0	1.6606374089501907	-436.0	
1935.0	0.5647777787599764	1249.0	10.049206447426203	1.2668728705915455	2043.0	0.0	4656.005859375	21496.0	0.615	767.0	-62.0	0.7044534412955465	0.1437246963562753	-264.0	7.004129071723506	-155.0	14.334644475189435	-961.0	1.3709051374018868	-597.0	
1942.0	0.670444711135173	1261.0	9.901613970660156	1.1806403409823862	2034.0	0.0	4675.537109375	22136.0	0.615	767.0	-62.0	0.7044534412955465	0.1437246963562753	-264.0	8.716929194066372	-154.0	13.512637920433216	-912.0	1.3473405881961995	-709.0	
1947.0	0.5061336971189108	1242.0	10.1371792357006	1.1234675722876106	2048.0	0.0	4695.068359375	22776.0	0.615	767.0	-62.0	0.7044534412955465	0.1437246963562753	-264.0	10.857929346994954	-137.0	8.830782245554143	-613.0	1.0396658092592856	-849.0	
