Device	Device	Device	Device	Device	Device	Device	Device	Device	Device	Device	Device	Device	Device	Device	Device	Device	Device	Device	Device	Device	
Low Noise Accelerometer X	Low Noise Accelerometer X	Low Noise Accelerometer Z	Low Noise Accelerometer Z	Low Noise Accelerometer Y	Low Noise Accelerometer Y	Event_Marker	Timestamp	Timestamp	Magnetometer Z	Magnetometer Z	Magnetometer X	Magnetometer X	Magnetometer Y	Magnetometer Y	Gyroscope Y	Gyroscope Y	Gyroscope Z	Gyroscope Z	Gyroscope X	Gyroscope X	
CAL	UNCAL	CAL	UNCAL	CAL	UNCAL	CAL	CAL	UNCAL	CAL	UNCAL	CAL	UNCAL	UNCAL	CAL	CAL	UNCAL	CAL	UNCAL	UNCAL	CAL	
m/(s^2)	no units	m/(s^2)	no units	m/(s^2)	no units	no units	ms	no units	local_flux	no units	local_flux	no units	no units	local_flux	deg/s	no units	deg/s	no units	no units	deg/s	
-0.2954899821328819	1829.0	9.736716072426091	1275.0	2.5291288192175543	2115.0	0.0	736.175537109375	24123.0	0.635	775.0	0.6336032388663968	-97.0	-349.0	0.3157894736842105	1.330478666462762	31.0	1.5011207824195556	-110.0	-226.0	-1.6115040599370445	
-0.2954984124872496	1822.0	9.735873036989327	1275.0	2.6134492236028657	2115.0	0.0	755.706787109375	24763.0	0.635	775.0	0.6336032388663968	-97.0	-349.0	0.3157894736842105	2.9209359229239946	231.0	0.8529663195321664	-70.0	-330.0	-4.686882336190899	
-0.3434386737705469	1851.0	9.703751670564362	1278.0	2.2629298033000875	2119.0	0.0	775.238037109375	25403.0	0.6375000000000001	776.0	0.6295546558704453	-99.0	-348.0	0.31376518218623484	2.9056430646887907	286.0	0.32369171636631655	-35.0	-329.0	-5.536121683419428	
-0.21215412270407916	1845.0	9.736968681973037	1275.0	2.337196145665432	2108.0	0.0	794.769287109375	26043.0	0.6375000000000001	776.0	0.6295546558704453	-99.0	-348.0	0.31376518218623484	3.226793087628078	124.0	0.10142289218755708	-23.0	-350.0	-3.052538019044981	
-0.38098034052267626	1846.0	9.521013566779988	1293.0	2.3191405884123006	2122.0	0.0	814.300537109375	26683.0	0.6375000000000001	776.0	0.6295546558704453	-99.0	-348.0	0.31376518218623484	0.9634500688178621	-29.0	-0.9850804630804603	52.0	-202.0	-0.7156970529045502	
-0.3442992161453027	1845.0	9.617697433088788	1285.0	2.333489269753335	2119.0	0.0	833.831787109375	27323.0	0.64	777.0	0.6376518218623481	-95.0	-365.0	0.3481781376518219	1.4528215323443954	-95.0	-3.0604142491339434	185.0	-234.0	0.2762855306711587	
-0.4032051675047921	1842.0	9.679483249520793	1280.0	2.3702805048816327	2124.0	0.0	853.363037109375	27963.0	0.64	777.0	0.6376518218623481	-95.0	-365.0	0.3481781376518219	-3.0738645052760365	-151.0	-3.5185661075680983	226.0	62.0	1.1309950969418119	
-0.12713812596126495	1839.0	9.905235022921126	1261.0	2.413700789078328	2101.0	0.0	872.894287109375	28603.0	0.64	777.0	0.6376518218623481	-95.0	-365.0	0.3481781376518219	-5.780700412907173	-165.0	-3.3355479563661756	221.0	239.0	1.3476480496675798	
0.1353319562254218	1846.0	9.961767051113608	1256.0	2.3331187810664544	2079.0	0.0	892.425537109375	29243.0	0.64	777.0	0.6376518218623481	-95.0	-365.0	0.3481781376518219	-0.3976143141153082	-159.0	-3.765259244556561	235.0	-113.0	1.2512840348369265	
-0.21116806498363352	1854.0	9.835574454017602	1267.0	2.230744386743769	2108.0	0.0	911.956787109375	29883.0	0.6375000000000001	776.0	0.6396761133603239	-94.0	-363.0	0.3441295546558705	4.220828872916348	-187.0	-3.262142539317213	190.0	-415.0	1.6859607443168172	
-0.22125996498534933	1839.0	10.016860644322206	1252.0	2.4149920831161085	2109.0	0.0	931.488037109375	30523.0	0.6375000000000001	776.0	0.6396761133603239	-94.0	-363.0	0.3441295546558705	4.389050313503594	-260.0	-2.880172596001005	164.0	-426.0	2.8099277507930975	
-0.3413964424555246	1826.0	9.90797480206659	1261.0	2.5682395075203908	2119.0	0.0	951.019287109375	31163.0	0.6375000000000001	776.0	0.6396761133603239	-94.0	-363.0	0.3441295546558705	1.7892644135188869	-304.0	-2.6598967693155644	156.0	-256.0	3.4872877900174477	
-0.41122472778302976	1827.0	10.068003412173216	1248.0	2.5586936040981643	2125.0	0.0	970.550537109375	31803.0	0.63	773.0	0.631578947368421	-98.0	-368.0	0.354251012145749	3.593821685272978	-333.0	-2.751902008807422	157.0	-374.0	3.9313577637081516	
-0.3174637784236179	1831.0	9.920288824304874	1260.0	2.508484150750054	2117.0	0.0	990.081787109375	32443.0	0.63	773.0	0.631578947368421	-98.0	-368.0	0.354251012145749	9.145129224652088	-314.0	-2.724925573974435	141.0	-737.0	3.640082338552108	
-0.721061689659785	1819.0	10.036688176878652	1251.0	2.6513544719421795	2151.0	0.0	1009.613037109375	33083.0	0.63	773.0	0.631578947368421	-98.0	-368.0	0.354251012145749	13.51888667992048	-218.0	-3.192743363790128	161.0	-1023.0	2.1623337294739597	
-0.7578731467282014	1813.0	9.92697104146557	1260.0	2.72108117128974	2154.0	0.0	1029.144287109375	33723.0	0.63	773.0	0.631578947368421	-98.0	-368.0	0.354251012145749	5.490136106438293	12.0	-3.128570174567028	180.0	-498.0	-1.366255780002537	
-0.42629535420701664	1828.0	9.751416960250726	1274.0	2.5401629760243902	2126.0	0.0	1048.675537109375	34363.0	0.635	775.0	0.631578947368421	-98.0	-360.0	0.33805668016194335	7.585257684661264	129.0	-4.163400188556119	243.0	-635.0	-3.171908668143042	
-0.5210158658874329	1837.0	9.803175316018624	1270.0	2.4318172030831846	2134.0	0.0	1068.206787109375	35003.0	0.635	775.0	0.631578947368421	-98.0	-360.0	0.33805668016194335	10.185043584645971	78.0	-3.9060690710980106	219.0	-805.0	-2.3867666904040905	
-0.7006485370190617	1837.0	9.697051059998598	1279.0	2.427898391251468	2149.0	0.0	1087.738037109375	35643.0	0.635	775.0	0.631578947368421	-98.0	-360.0	0.33805668016194335	4.863128918794923	4.0	-3.1816233848568487	185.0	-457.0	-1.244030442840436	
-0.5103216802203705	1846.0	9.682117692248672	1280.0	2.321069257524697	2133.0	0.0	1107.269287109375	36283.0	0.6475	780.0	0.6275303643724697	-100.0	-355.0	0.32793522267206476	-0.565835754702554	51.0	-4.603011382470074	292.0	-102.0	-1.9794350547484387	
-0.45166796388859903	1842.0	9.595108373044864	1287.0	2.3681083793882762	2128.0	0.0	1126.800537109375	36923.0	0.6475	780.0	0.6275303643724697	-100.0	-355.0	0.32793522267206476	-3.2420859458632822	55.0	-6.048810152963752	393.0	73.0	-2.0552709770858755	
-0.3199984364306939	1852.0	9.666823023597276	1281.0	2.25037743996306	2117.0	0.0	1146.331787109375	37563.0	0.6475	780.0	0.6275303643724697	-100.0	-355.0	0.32793522267206476	-2.27863587704542	-60.0	-6.674074994176307	430.0	10.0	-0.29690800481363666	
-0.2839171890459902	1859.0	9.703519190639069	1278.0	2.1671348263801526	2114.0	0.0	1165.863037109375	38203.0	0.65	781.0	0.6093117408906883	-109.0	-356.0	0.3299595141700405	0.7187643370545955	-198.0	-6.199903851911269	390.0	-186.0	1.8253724514302507	
-0.2592651543574149	1854.0	9.78777027854423	1271.0	2.2293073323405634	2112.0	0.0	1185.394287109375	38843.0	0.65	781.0	0.6093117408906883	-109.0	-356.0	0.3299595141700405	-1.7892644135188869	-206.0	-5.547114579655874	354.0	-22.0	1.9546562134178038	
0.05151571346794767	1836.0	9.91347610869953	1260.0	2.4517967275014407	2086.0	0.0	1204.925537109375	39483.0	0.65	781.0	0.6093117408906883	-109.0	-356.0	0.3299595141700405	-2.875057348218382	-206.0	-4.334753183163735	278.0	49.0	1.9667798273827253	
0.23077665590785976	1831.0	9.98242749554788	1254.0	2.515209328518229	2071.0	0.0	1224.456787109375	40123.0	0.65	781.0	0.6093117408906883	-109.0	-356.0	0.3299595141700405	4.847836060559719	-203.0	-2.9512995530415624	168.0	-456.0	1.9345809127095723	
-0.10213001895336986	1826.0	10.025093342758252	1251.0	2.5729745425692454	2099.0	0.0	1243.988037109375	40763.0	0.645	779.0	0.6012145748987854	-113.0	-354.0	0.3259109311740891	8.701636335831168	-88.0	-0.9037308230788255	26.0	-708.0	0.1904409793248355	
-0.006658823871490666	1833.0	10.048403327136647	1249.0	2.4900581048100414	2091.0	0.0	1263.519287109375	41403.0	0.645	779.0	0.6012145748987854	-113.0	-354.0	0.3259109311740891	6.3924147423153395	147.0	-0.6984117102289491	21.0	-557.0	-3.4134594892060184	
0.21729075986065038	1832.0	9.824314081303134	1267.0	2.499864008501778	2072.0	0.0	1283.050537109375	42043.0	0.645	779.0	0.6012145748987854	-113.0	-354.0	0.3259109311740891	6.728857623489831	226.0	-0.14604156054864767	-15.0	-579.0	-4.620149996701083	
0.4084697286797297	1840.0	9.894591915592018	1261.0	2.406795812707071	2056.0	0.0	1302.581787109375	42683.0	0.6475	780.0	0.6032388663967612	-112.0	-356.0	0.3299595141700405	10.490900749350054	103.0	1.4534016769442002	-130.0	-825.0	-2.716784074376791	
0.4325182733666204	1840.0	9.918494003328702	1259.0	2.407514339908674	2054.0	0.0	1322.113037109375	43323.0	0.6475	780.0	0.6032388663967612	-112.0	-356.0	0.3299595141700405	12.769536626395475	-11.0	3.7134038585311533	-284.0	-974.0	-0.9449129155346825	
0.16910067222231157	1856.0	9.767210079374014	1272.0	2.209083401080788	2076.0	0.0	1341.644287109375	43963.0	0.6475	780.0	0.6032388663967612	-112.0	-356.0	0.3299595141700405	12.555436611102616	29.0	3.6358199176914794	-278.0	-960.0	-1.5594681012680756	
0.7744088881724449	1851.0	9.583745960101643	1286.0	2.2717081647102635	2025.0	0.0	1361.175537109375	44603.0	0.6475	780.0	0.6032388663967612	-112.0	-356.0	0.3299595141700405	10.185043584645971	45.0	2.7640962487603606	-215.0	-805.0	-1.813697076487385	
1.1914951041284978	1864.0	9.625700889040257	1282.0	2.1200916194244996	1990.0	0.0	1380.706787109375	45243.0	0.67	789.0	0.5910931174089069	-118.0	-368.0	0.354251012145749	18.749044196360302	-144.0	2.8693743377974235	-246.0	-1365.0	1.0874631157885928	
1.0626341477594752	1858.0	9.834843347376074	1265.0	2.195275015654032	2001.0	0.0	1400.238037109375	45883.0	0.67	789.0	0.5910931174089069	-118.0	-368.0	0.354251012145749	23.948615996329718	-461.0	7.350034043146238	-554.0	-1705.0	5.996471032467676	
1.0305756774850525	1851.0	10.200424891362402	1235.0	2.2866034112286044	2004.0	0.0	1419.769287109375	46523.0	0.67	789.0	0.5910931174089069	-118.0	-368.0	0.354251012145749	20.890044349288885	-473.0	10.823518479428824	-772.0	-1505.0	6.215339680728	
0.9352468584575986	1861.0	10.191352512426532	1236.0	2.1649867477487694	2012.0	0.0	1439.300537109375	47163.0	0.675	791.0	0.5789473684210527	-124.0	-354.0	0.3259109311740891	18.244379874598565	-183.0	12.834895038428321	-893.0	-1332.0	1.785553185461773	
1.3800121938013568	1852.0	10.620266999183276	1200.0	2.2864464257771004	1975.0	0.0	1458.831787109375	47803.0	0.675	791.0	0.5789473684210527	-124.0	-354.0	0.3259109311740891	15.078758219911302	23.0	15.715499533109371	-1070.0	-1125.0	-1.3466044031651472	
1.632640202341369	1849.0	10.883067853184517	1178.0	2.330373301255779	1954.0	0.0	1478.363037109375	48443.0	0.675	791.0	0.5789473684210527	-124.0	-354.0	0.3259109311740891	20.32420859458633	117.0	20.964896498279074	-1424.0	-1468.0	-2.7364918973771912	
1.3823138861621265	1840.0	10.850436235260249	1181.0	2.43565114067526	1975.0	0.0	1497.894287109375	49083.0	0.685	795.0	0.5789473684210527	-124.0	-361.0	0.340080971659919	28.765866340419027	397.0	27.729970473408216	-1883.0	-2020.0	-6.965296581900874	
1.2272173690640888	1840.0	10.816975001646984	1184.0	2.4334309508320144	1988.0	0.0	1517.425537109375	49723.0	0.685	795.0	0.5789473684210527	-124.0	-361.0	0.340080971659919	29.561094968649645	898.0	31.497164702101767	-2125.0	-2072.0	-14.615210952334515	
1.1428084753319743	1844.0	10.709418961768842	1193.0	2.382242970012793	1995.0	0.0	1536.956787109375	50363.0	0.685	795.0	0.5789473684210527	-124.0	-361.0	0.340080971659919	19.788958556354185	1337.0	35.492930108813084	-2355.0	-1433.0	-21.311481624184236	
1.3191630310730935	1855.0	10.487731678737921	1211.0	2.247042649427658	1980.0	0.0	1556.488037109375	51003.0	0.685	795.0	0.5789473684210527	-124.0	-361.0	0.340080971659919	5.964214711729623	1575.0	39.696847829857234	-2590.0	-529.0	-24.92142955760752	
1.3546684881918918	1890.0	10.466848819189183	1213.0	1.8252932998199194	1977.0	0.0	1576.019287109375	51643.0	0.6925	798.0	0.5688259109311741	-129.0	-342.0	0.3016194331983806	-1.2234286588163328	1640.0	42.80896781297455	-2773.0	-59.0	-25.887699795554468	
1.6026822729833206	1902.0	10.268227298332063	1229.0	1.6792226939976793	1956.0	0.0	1595.550537109375	52283.0	0.6925	798.0	0.5688259109311741	-129.0	-342.0	0.3016194331983806	-2.997400214100016	1536.0	46.278480713314124	-2995.0	57.0	-24.257178366106082	
1.471240893826369	1879.0	10.219327477874984	1233.0	1.9540387175319078	1967.0	0.0	1615.081787109375	52923.0	0.6925	798.0	0.5688259109311741	-129.0	-342.0	0.3016194331983806	2.8138859152775657	1490.0	47.7308729437598	-3105.0	-323.0	-23.536808195527883	
1.4353926120879716	1863.0	10.205927875463814	1234.0	2.1461833270036497	1970.0	0.0	1634.613037109375	53563.0	0.7075	804.0	0.5850202429149798	-121.0	-299.0	0.2145748987854251	3.9302645664474696	1573.0	49.63692647327946	-3231.0	-396.0	-24.79133980385705	
1.6623825282189626	1856.0	10.285871869515331	1227.0	2.234389455443581	1951.0	0.0	1654.144287109375	54203.0	0.7075	804.0	0.5850202429149798	-121.0	-299.0	0.2145748987854251	-3.502064535861753	1653.0	52.6842307953582	-3409.0	90.0	-25.988425453286254	
1.9692721559614252	1846.0	10.022453691380615	1248.0	2.3526719158691547	1925.0	0.0	1673.675537109375	54843.0	0.7075	804.0	0.5850202429149798	-121.0	-299.0	0.2145748987854251	-10.628536473466893	1649.0	58.321134815019974	-3757.0	556.0	-25.87067847845714	
2.2550449167788926	1841.0	10.028301201698788	1247.0	2.415887557539114	1901.0	0.0	1693.206787109375	55483.0	0.7075	804.0	0.5850202429149798	-121.0	-299.0	0.2145748987854251	-6.010093286435235	1608.0	63.051952410611136	-4077.0	254.0	-25.194246472518103	
1.531898302710339	1818.0	10.332687413891046	1223.0	2.691852249377213	1962.0	0.0	1712.738037109375	56123.0	0.7000000000000001	801.0	0.5951417004048583	-116.0	-261.0	0.13765182186234817	4.92430035173574	1546.0	67.80378802471284	-4415.0	-461.0	-24.195370129573345	
1.0702549824894383	1809.0	10.596926820372403	1202.0	2.8009543392443907	2001.0	0.0	1732.269287109375	56763.0	0.7000000000000001	801.0	0.5951417004048583	-116.0	-261.0	0.13765182186234817	-0.3517357394096957	1535.0	74.21154709981789	-4818.0	-116.0	-23.96250321858292	
0.9974008167991416	1828.0	10.454367394199883	1214.0	2.568458946413435	2007.0	0.0	1751.800537109375	57403.0	0.7000000000000001	801.0	0.5951417004048583	-116.0	-261.0	0.13765182186234817	-17.877351276953664	1650.0	79.5597399725601	-5119.0	1030.0	-25.673636910539862	
1.6721896761118282	1837.0	10.076110468325686	1244.0	2.4592079615493185	1950.0	0.0	1771.331787109375	58043.0	0.705	803.0	0.5850202429149798	-121.0	-224.0	0.06275303643724696	-18.397308456950604	1784.0	79.86256781611888	-5136.0	1064.0	-27.726769442293012	
1.3743830082602098	1834.0	10.057348445068582	1246.0	2.4919992327189133	1975.0	0.0	1790.863037109375	58683.0	0.705	803.0	0.5850202429149798	-121.0	-224.0	0.06275303643724696	2.966814497629607	1822.0	79.75219278569858	-5184.0	-333.0	-28.310963571605956	
1.0209400740852432	1810.0	10.427340741857668	1216.0	2.7850212758189694	2005.0	0.0	1810.394287109375	59323.0	0.705	803.0	0.5850202429149798	-121.0	-224.0	0.06275303643724696	6.071264719376052	1687.0	81.97594367705831	-5338.0	-536.0	-26.217220768845497	
0.935555961659727	1814.0	10.222262832639375	1233.0	2.7318731054260113	2012.0	0.0	1829.925537109375	59963.0	0.7075	804.0	0.597165991902834	-115.0	-191.0	-0.004048582995951417	-8.22755773053984	1520.0	85.64450095522982	-5541.0	399.0	-23.618006425156928	
1.3962493542503291	1844.0	9.863030663128164	1262.0	2.3678496128291626	1973.0	0.0	1849.456787109375	60603.0	0.7075	804.0	0.597165991902834	-115.0	-191.0	-0.004048582995951417	-17.112708365193456	1421.0	85.18488496138487	-5489.0	980.0	-22.10349870294101	
1.790368490177171	1844.0	9.989229970098055	1251.0	2.374314790327829	1940.0	0.0	1868.988037109375	61243.0	0.7075	804.0	0.597165991902834	-115.0	-191.0	-0.004048582995951417	1.1010857929346995	1205.0	82.57757997468244	-5369.0	-211.0	-18.815163282653057	
0.8565505138404823	1851.0	10.655051384048244	1198.0	2.293955689445876	2019.0	0.0	1888.519287109375	61883.0	0.7075	804.0	0.597165991902834	-115.0	-191.0	-0.004048582995951417	17.34210123872152	1110.0	81.54429145299302	-5345.0	-1273.0	-17.367770220348085	
1.3537573636909301	1842.0	10.375736369093014	1220.0	2.4017751925850344	1977.0	0.0	1908.050537109375	62523.0	0.7075	804.0	0.5910931174089069	-118.0	-162.0	-0.06275303643724696	7.172350512310752	1041.0	82.3557333640235	-5372.0	-608.0	-16.30088642882716	
1.6013970111179656	1847.0	10.139701111796573	1239.0	2.339289920057954	1956.0	0.0	1927.581787109375	63163.0	0.7075	804.0	0.5910931174089069	-118.0	-162.0	-0.06275303643724696	7.906407707600551	999.0	78.42861013754704	-5119.0	-656.0	-15.695689347450681	
1.3779422627505549	1854.0	10.413273894103103	1217.0	2.2581894788228207	1975.0	0.0	1947.113037109375	63803.0	0.7075	804.0	0.5910931174089069	-118.0	-162.0	-0.06275303643724696	17.097415506958253	981.0	75.38200117345775	-4945.0	-1257.0	-15.449954731245324	
0.5142857616702645	1833.0	10.95238569083598	1174.0	2.513347197939446	2048.0	0.0	1966.644287109375	64443.0	0.7125	806.0	0.5890688259109311	-119.0	-139.0	-0.10931174089068826	10.94968649640618	1032.0	73.75926393032579	-4823.0	-855.0	-16.248750770241013	
0.33138460983883217	1852.0	10.519413364835595	1210.0	2.2739430772505216	2063.0	0.0	1986.175537109375	65083.0	0.7125	806.0	0.5890688259109311	-119.0	-139.0	-0.10931174089068826	-19.22312280165163	1340.0	71.95255045519002	-4624.0	1118.0	-20.99291887169484	
1.8694449938403714	1866.0	9.563547003084784	1286.0	2.1015316550603402	1933.0	0.0	2005.706787109375	187.0	0.7125	806.0	0.5890688259109311	-119.0	-139.0	-0.10931174089068826	-41.1530815109344	1532.0	67.19901797583127	-4256.0	2552.0	-23.986595058848412	
1.8951071729761575	1890.0	9.748812535710982	1271.0	1.8163369609981979	1931.0	0.0	2025.238037109375	827.0	0.7125	806.0	0.5890688259109311	-119.0	-139.0	-0.10931174089068826	-13.947086710506195	1189.0	66.3197327644293	-4273.0	773.0	-18.732230016225586	
1.4483836727704504	1856.0	10.314557753235542	1225.0	2.2328231845635	1969.0	0.0	2044.769287109375	1467.0	0.6875	796.0	0.5789473684210527	-124.0	-103.0	-0.18218623481781376	12.050772289340879	634.0	72.82360158010559	-4769.0	-927.0	-10.151002897809503	
1.5056567202996332	1819.0	10.089481553772844	1243.0	2.674677523579658	1964.0	0.0	2064.300537109375	2107.0	0.6875	796.0	0.5789473684210527	-124.0	-103.0	-0.18218623481781376	8.946322067594433	433.0	76.57753701785812	-5007.0	-724.0	-7.029222328148871	
1.0977693448894081	1788.0	9.776934488940814	1269.0	3.037841684432529	1998.0	0.0	2083.831787109375	2747.0	0.6875	796.0	0.5789473684210527	-124.0	-103.0	-0.18218623481781376	-2.64566447469032	373.0	78.72384253612938	-5117.0	34.0	-6.087090253478664	
1.2811766725697311	1821.0	9.070048209354082	1327.0	2.627947670671815	1982.0	0.0	2103.363037109375	3387.0	0.675	791.0	0.5404858299595142	-143.0	-81.0	-0.22672064777327935	-13.840036702859766	537.0	80.16571987046362	-5180.0	766.0	-8.589166800067806	
1.8720201607702391	1814.0	8.630587505595344	1362.0	2.7094042408762355	1932.0	0.0	2122.894287109375	4027.0	0.675	791.0	0.5404858299595142	-143.0	-81.0	-0.22672064777327935	-21.28765866340419	541.0	79.74131527110667	-5133.0	1253.0	-8.654788780693874	
1.9746214696834825	1806.0	8.176432682633973	1399.0	2.7977326996748153	1923.0	0.0	2142.425537109375	4667.0	0.675	791.0	0.5404858299595142	-143.0	-81.0	-0.22672064777327935	-16.256308304022024	-30.0	78.17587414171912	-5050.0	924.0	0.09125697680157041	
0.7228860514956675	1776.0	8.002890863852468	1415.0	3.1431902922498374	2028.0	0.0	2161.956787109375	5307.0	0.66	785.0	0.5364372469635628	-145.0	-64.0	-0.2611336032388664	-3.700871692919407	-1100.0	78.170907900803	-5093.0	103.0	16.50980482858606	
1.098407322132193	1747.0	8.650256022743132	1361.0	3.5092903984954615	1997.0	0.0	2181.488037109375	5947.0	0.66	785.0	0.5364372469635628	-145.0	-64.0	-0.2611336032388664	-5.688943263495948	-2046.0	83.1193902364272	-5419.0	233.0	31.075171192528458	
2.1139289569465993	1680.0	9.011943313707567	1329.0	4.333908276325545	1912.0	0.0	2201.019287109375	6587.0	0.66	785.0	0.5364372469635628	-145.0	-64.0	-0.2611336032388664	-7.539379109955651	-2281.0	81.7730803650453	-5329.0	354.0	34.66766175347399	
1.5959059130189175	1640.0	9.590591301891761	1282.0	4.822228716493326	1956.0	0.0	2220.550537109375	7227.0	0.66	785.0	0.5364372469635628	-145.0	-64.0	-0.2611336032388664	21.914665851047562	-2257.0	77.50719580529692	-5128.0	-1572.0	34.25673530008151	
0.37558857919006344	1656.0	10.17790553805396	1236.0	4.6290007435409315	2059.0	0.0	2240.081787109375	7867.0	0.665	787.0	0.5040485829959515	-161.0	-42.0	-0.305668016194332	42.02477443034103	-1771.0	83.57571280807923	-5570.0	-2887.0	26.860001412260633	
0.18198240266452448	1657.0	9.864906933119114	1262.0	4.6087565169058955	2075.0	0.0	2259.613037109375	8507.0	0.665	787.0	0.5040485829959515	-161.0	-42.0	-0.305668016194332	12.081358005811287	-1006.0	99.5485206714607	-6523.0	-929.0	15.281199492428895	
-0.09493434222671429	1663.0	9.55418482494762	1288.0	4.527483750667047	2098.0	0.0	2279.144287109375	9147.0	0.665	787.0	0.5040485829959515	-161.0	-42.0	-0.305668016194332	-39.04266707447622	-406.0	117.7274162738935	-7566.0	2414.0	6.2562982535782785	
0.22033573545865837	1664.0	8.938335450627743	1338.0	4.506271271186418	2071.0	0.0	2298.675537109375	9787.0	0.6525	782.0	0.4716599190283401	-177.0	-17.0	-0.35627530364372473	-64.55115461079676	-209.0	129.9135139909669	-8290.0	4082.0	3.355295950098406	
-0.45795336586379987	1684.0	8.966568175524781	1337.0	4.259089179249448	2128.0	0.0	2318.206787109375	10427.0	0.6525	782.0	0.4716599190283401	-177.0	-17.0	-0.35627530364372473	-49.70178926441353	-309.0	131.7959309710909	-8452.0	3111.0	4.908568485712137	
-0.6358408655191524	1716.0	9.034961067132379	1332.0	3.8731359934103478	2143.0	0.0	2337.738037109375	11067.0	0.6525	782.0	0.4716599190283401	-177.0	-17.0	-0.35627530364372473	-40.296681449762964	-287.0	131.546185410544	-8460.0	2496.0	4.56849238962792	
-0.3838006906084277	1731.0	9.23897855820485	1315.0	3.6990138534146393	2122.0	0.0	2357.269287109375	11707.0	0.6525	782.0	0.4716599190283401	-177.0	-17.0	-0.35627530364372473	-27.81770912983637	-526.0	128.59563518191533	-8303.0	1680.0	8.206318481633486	
-0.7808129655343415	1758.0	8.823465351327748	1350.0	3.361432261708561	2155.0	0.0	2376.800537109375	12347.0	0.6225	770.0	0.43724696356275305	-194.0	8.0	-0.4068825910931174	-0.04587857470561248	-739.0	123.71467982605066	-8060.0	-136.0	11.425883947255443	
-1.2669803964254513	1759.0	9.01624607174058	1335.0	3.3483780090368223	2196.0	0.0	2396.331787109375	12987.0	0.6225	770.0	0.43724696356275305	-194.0	8.0	-0.4068825910931174	23.10750879339349	-709.0	120.57841746325109	-7916.0	-1650.0	10.9341868138837	
-2.2270604288905957	1750.0	9.436814253797564	1302.0	3.455622307293069	2277.0	0.0	2415.863037109375	13627.0	0.6225	770.0	0.43724696356275305	-194.0	8.0	-0.4068825910931174	45.06805321914666	-592.0	114.50397380452407	-7577.0	-3086.0	9.078137789295816	
-3.265699950143006	1780.0	9.144290699985119	1328.0	3.0779396578717657	2364.0	0.0	2435.394287109375	14267.0	0.6275000000000001	772.0	0.34615384615384615	-239.0	17.0	-0.4251012145748988	40.64841718917266	-603.0	114.3252974958014	-7554.0	-2797.0	9.245140346447965	
-2.8972044545891267	1788.0	9.08907835061117	1332.0	2.984134823671151	2333.0	0.0	2454.925537109375	14907.0	0.6275000000000001	772.0	0.34615384615384615	-239.0	17.0	-0.4251012145748988	10.047407860529134	-479.0	116.59874835887763	-7621.0	-796.0	7.365158881471238	
-2.3953556812543155	1787.0	9.273955684092245	1316.0	3.0048990508452054	2291.0	0.0	2474.456787109375	15547.0	0.6275000000000001	772.0	0.34615384615384615	-239.0	17.0	-0.4251012145748988	-1.513992965285212	-627.0	104.61083624839937	-6813.0	-40.0	9.51626334176894	
-2.6030288628954388	1776.0	9.935208948551372	1262.0	3.1485775047999045	2309.0	0.0	2493.988037109375	16187.0	0.625	771.0	0.2834008097165992	-270.0	22.0	-0.4352226720647773	11.13320079522863	-1070.0	91.27103984064094	-5983.0	-867.0	16.18047163824069	
-3.0063360003410637	1803.0	10.080685680179311	1251.0	2.8221527632387295	2343.0	0.0	2513.519287109375	16827.0	0.625	771.0	0.2834008097165992	-270.0	22.0	-0.4352226720647773	21.700565835754706	-1289.0	85.1854462873319	-5617.0	-1558.0	19.480057623836952	
-2.218920936435651	1828.0	10.250763499292054	1236.0	2.5322236509829303	2277.0	0.0	2533.050537109375	17467.0	0.625	771.0	0.2834008097165992	-270.0	22.0	-0.4352226720647773	8.105214864658205	-1150.0	82.19758845185832	-5386.0	-669.0	17.317295817002858	
-1.4776308464631278	1871.0	10.570248687020554	1209.0	2.027953966480599	2215.0	0.0	2552.581787109375	18107.0	0.625	771.0	0.2834008097165992	-270.0	22.0	-0.4352226720647773	3.318550237039303	-992.0	74.7844451886149	-4890.0	-356.0	14.818735966386688	
-1.997448704023467	1859.0	10.969415311939029	1177.0	2.175317433656377	2259.0	0.0	2572.113037109375	18747.0	0.6225	770.0	0.25101214574898784	-286.0	9.0	-0.40890688259109315	34.83713105979508	-1143.0	63.76467021880774	-4257.0	-2417.0	17.025555249065476	
-2.3661988432777408	1842.0	10.999163291273527	1175.0	2.377044168958958	2290.0	0.0	2591.644287109375	19387.0	0.6225	770.0	0.25101214574898784	-286.0	9.0	-0.40890688259109315	59.24453280318092	-1183.0	59.413958920970494	-4038.0	-4013.0	17.595827482412098	
-2.2488576891967273	1862.0	10.828516794612973	1189.0	2.1338407951448706	2280.0	0.0	2611.175537109375	20027.0	0.6225	770.0	0.25101214574898784	-286.0	9.0	-0.40890688259109315	47.59137482795535	-804.0	55.13940663621876	-3726.0	-3251.0	11.737522653135244	
-1.5854811818714338	1873.0	10.499500860475674	1215.0	2.0013641210534496	2224.0	0.0	2630.706787109375	20667.0	0.6225	770.0	0.18421052631578946	-319.0	14.0	-0.4190283400809717	27.695366263954735	-461.0	52.72708302651229	-3514.0	-1950.0	6.4502415223013365	
-1.6695327989478905	1870.0	10.427672486163324	1221.0	2.0352316157096912	2231.0	0.0	2650.238037109375	21307.0	0.6225	770.0	0.18421052631578946	-319.0	14.0	-0.4190283400809717	32.971402355100174	-385.0	48.69792633380396	-3265.0	-2295.0	5.24376919735676	
-2.181099334920024	1863.0	10.461495079426175	1219.0	2.115129751612817	2274.0	0.0	2669.769287109375	21947.0	0.6225	770.0	0.18421052631578946	-319.0	14.0	-0.4190283400809717	50.604067900290566	-298.0	41.407713662472446	-2836.0	-3448.0	3.835896992386578	
-2.420372984440208	1857.0	10.343653936931569	1229.0	2.1826693488942293	2294.0	0.0	2689.300537109375	22587.0	0.6225	770.0	0.18421052631578946	-319.0	14.0	-0.4190283400809717	53.892032420859465	-241.0	35.64023284469979	-2469.0	-3663.0	2.9035866156957324	
-2.161826659417554	1845.0	10.0078102487208	1256.0	2.3231162516332526	2272.0	0.0	2708.831787109375	23227.0	0.625	771.0	0.10121457489878542	-360.0	36.0	-0.46356275303643724	22.02171585869399	43.0	26.991791407577246	-1821.0	-1579.0	-1.5407311575829663	
-1.7945369395307056	1864.0	9.83202033264372	1270.0	2.094357687859977	2241.0	0.0	2728.363037109375	23867.0	0.625	771.0	0.10121457489878542	-360.0	36.0	-0.46356275303643724	10.6591221899373	273.0	22.6519952965292	-1507.0	-836.0	-5.113360360062175	
-1.5482394221434352	1868.0	9.461772071370751	1300.0	2.041222926724053	2220.0	0.0	2747.894287109375	24507.0	0.625	771.0	0.10121457489878542	-360.0	36.0	-0.46356275303643724	9.512157822296988	406.0	21.087920060236332	-1401.0	-761.0	-7.169817438955716	
-1.5654512998286931	1913.0	8.931060493321164	1344.0	1.4882679016874134	2221.0	0.0	2767.425537109375	25147.0	0.62	769.0	0.0951417004048583	-363.0	4.0	-0.39878542510121456	5.826578987612786	649.0	20.503576299049715	-1351.0	-520.0	-10.904370405491935	
-1.3531205383308103	1945.0	8.735565214538047	1360.0	1.100939135052031	2203.0	0.0	2786.956787109375	25787.0	0.62	769.0	0.0951417004048583	-363.0	4.0	-0.39878542510121456	-1.238721517051537	609.0	19.78027667822397	-1286.0	-58.0	-10.297824055375195	
-1.2001156303376626	1929.0	8.559865537662313	1374.0	1.291726274931797	2190.0	0.0	2806.488037109375	26427.0	0.62	769.0	0.0951417004048583	-363.0	4.0	-0.39878542510121456	-7.891114849365347	418.0	22.18572099605268	-1427.0	377.0	-7.3429732334950515	
-0.8287438564934462	1896.0	8.792281017322043	1354.0	1.6976786637092174	2159.0	0.0	2826.019287109375	27067.0	0.615	767.0	0.08906882591093118	-366.0	19.0	-0.4291497975708502	-12.601315185808229	188.0	22.800242711468773	-1457.0	685.0	-3.807596774972162	
-0.9377178083312699	1876.0	8.609171547825376	1369.0	1.9338905902225925	2168.0	0.0	2845.550537109375	27707.0	0.615	767.0	0.08906882591093118	-366.0	19.0	-0.4291497975708502	-20.492430035173577	112.0	25.042164665151002	-1583.0	1201.0	-2.6189967974178474	
-0.816266900557109	1867.0	8.849500420479577	1349.0	2.0483454116931767	2158.0	0.0	2865.081787109375	28347.0	0.615	767.0	0.08906882591093118	-366.0	19.0	-0.4291497975708502	-25.569658969261358	-83.0	22.3391218422083	-1396.0	1533.0	0.34614708768708224	
-0.1815645021514502	1847.0	9.224502165807364	1317.0	2.3031563260054764	2105.0	0.0	2884.613037109375	28987.0	0.615	767.0	0.08906882591093118	-366.0	19.0	-0.4291497975708502	-9.710964979354642	-455.0	18.571619576672973	-1196.0	496.0	6.016619985854193	
-0.46027294912344774	1847.0	9.925086040036168	1260.0	2.314380919020332	2129.0	0.0	2904.144287109375	29627.0	0.6075	764.0	0.09919028340080972	-361.0	32.0	-0.45546558704453444	7.095886221134731	-772.0	16.85102939696396	-1131.0	-603.0	10.863615403682699	
-1.0729960310137958	1833.0	10.557539755763262	1209.0	2.4895774613111508	2181.0	0.0	2923.675537109375	30267.0	0.6075	764.0	0.09919028340080972	-361.0	32.0	-0.45546558704453444	8.059336289952594	-937.0	16.01814384049164	-1081.0	-666.0	13.387126351708584	
-1.0074941057741258	1847.0	11.155351327349335	1160.0	2.3335140132000887	2176.0	0.0	2943.206787109375	30907.0	0.6075	764.0	0.09919028340080972	-361.0	32.0	-0.45546558704453444	0.061171432940816645	-886.0	11.747030816188884	-782.0	-143.0	12.561846554901187	
-1.2145204413053874	1867.0	11.881289202794592	1101.0	2.1049986519319943	2194.0	0.0	2962.738037109375	31547.0	0.615	767.0	0.08097165991902834	-370.0	23.0	-0.43724696356275305	3.349135953509711	-811.0	6.028453861742715	-418.0	-358.0	11.353824510997358	
-1.0599924884552259	1901.0	11.85789401162027	1103.0	1.696437473420142	2181.0	0.0	2982.269287109375	32187.0	0.615	767.0	0.08097165991902834	-370.0	23.0	-0.43724696356275305	12.67777947698425	-611.0	6.239736919666522	-454.0	-968.0	8.287040609951614	
-1.1321200574708243	1916.0	11.787994252917569	1109.0	1.5135953109896672	2187.0	0.0	3001.800537109375	32827.0	0.615	767.0	0.08097165991902834	-370.0	23.0	-0.43724696356275305	19.14665851047561	-190.0	4.246058282871179	-337.0	-1391.0	1.8070762035130759	
