Device	Device	Device	Device	Device	Device	Device	Device	Device	Device	Device	Device	Device	Device	Device	Device	Device	Device	Device	Device	Device	
Low Noise Accelerometer X	Low Noise Accelerometer X	Low Noise Accelerometer Z	Low Noise Accelerometer Z	Low Noise Accelerometer Y	Low Noise Accelerometer Y	Event_Marker	Timestamp	Timestamp	Magnetometer Z	Magnetometer Z	Magnetometer X	Magnetometer X	Magnetometer Y	Magnetometer Y	Gyroscope Y	Gyroscope Y	Gyroscope Z	Gyroscope Z	Gyroscope X	Gyroscope X	
CAL	UNCAL	UNCAL	CAL	UNCAL	CAL	CAL	CAL	UNCAL	CAL	UNCAL	UNCAL	CAL	CAL	UNCAL	UNCAL	CAL	UNCAL	CAL	UNCAL	CAL	
m/(s^2)	no units	no units	m/(s^2)	no units	m/(s^2)	no units	ms	no units	local_flux	no units	no units	local_flux	local_flux	no units	no units	deg/s	no units	deg/s	no units	deg/s	
1.717490623819145	2125.0	2828.0	-9.203318570466458	1930.0	-1.39580712782174	0.0	1445.220947265625	47357.0	-0.7725	212.0	-207.0	0.4109311740890688	-0.6619433198380567	134.0	-432.0	10.062700718764338	313.0	-5.425211704025863	-797.0	5.423728548910332	
1.395490626553534	2103.0	2833.0	-9.260461154170414	1957.0	-1.1351097385046198	0.0	1464.752197265625	47997.0	-0.7725	212.0	-207.0	0.4109311740890688	-0.6619433198380567	134.0	-386.0	2.171585869398991	392.0	-6.317617068930192	-281.0	4.708958246987543	
1.6321922836401568	2099.0	2844.0	-9.399819255031941	1937.0	-1.087337112866647	0.0	1484.283447265625	48637.0	-0.7675000000000001	214.0	-206.0	0.41295546558704455	-0.6376518218623481	122.0	-85.0	-0.764642911760208	408.0	-6.400088756860665	-89.0	0.0894439490126424	
1.9658616852662316	2130.0	2841.0	-9.366212425757785	1909.0	-1.4568222581685175	0.0	1503.814697265625	49277.0	-0.7675000000000001	214.0	-206.0	0.41295546558704455	-0.6376518218623481	122.0	133.0	-2.7068359076311364	248.0	-3.8280474452163675	38.0	-3.229933075342144	
1.536285265674121	2135.0	2850.0	-9.466711527825993	1945.0	-1.5233689682612246	0.0	1523.345947265625	49917.0	-0.7675000000000001	214.0	-206.0	0.41295546558704455	-0.6376518218623481	122.0	-48.0	-6.071264719376052	160.0	-2.3677519358574606	258.0	-0.43797857812794705	
2.474743961158834	2135.0	2865.0	-9.668461026973699	1866.0	-1.5180193712893315	0.0	1542.877197265625	50557.0	-0.7625000000000001	216.0	-200.0	0.4251012145748988	-0.6255060728744939	116.0	-22.0	-12.891879492277107	29.0	-0.0760923412426765	704.0	-0.8140185572930467	
2.6052101216223846	2158.0	2869.0	-9.717083075856767	1855.0	-1.794795584397297	0.0	1562.408447265625	51197.0	-0.7625000000000001	216.0	-200.0	0.4251012145748988	-0.6255060728744939	116.0	-181.0	-8.625172044655146	55.0	-0.6710373446680917	425.0	1.619804894314559	
2.272652293062445	2139.0	2863.0	-9.639532598517368	1883.0	-1.567654490485506	0.0	1581.939697265625	51837.0	-0.7625000000000001	216.0	-200.0	0.4251012145748988	-0.6255060728744939	116.0	-541.0	-8.533414895243922	260.0	-3.8829875981697657	419.0	7.1116995087045085	
2.5209026565091954	2145.0	2877.0	-9.814496253842393	1862.0	-1.6409604165840448	0.0	1601.470947265625	52477.0	-0.7625000000000001	216.0	-200.0	0.4251012145748988	-0.6255060728744939	116.0	-85.0	-8.579293469949535	256.0	-3.749665946326529	422.0	0.11594817711798378	
2.501010834632643	2155.0	2845.0	-9.4227260605452	1864.0	-1.75380585864771	0.0	1621.002197265625	53117.0	-0.76	217.0	-206.0	0.41295546558704455	-0.6255060728744939	116.0	-271.0	-5.29132894938064	160.0	-2.4331610243060506	207.0	2.9831871867494213	
2.323542297152712	2130.0	2836.0	-9.31243695139548	1879.0	-1.4521699425624066	0.0	1640.533447265625	53757.0	-0.76	217.0	-206.0	0.41295546558704455	-0.6255060728744939	116.0	-189.0	-6.4841718917265645	138.0	-2.0344952211275564	285.0	1.7289261848149637	
2.3446928854951774	2153.0	2858.0	-9.578330498101302	1877.0	-1.7343847413480382	0.0	1660.064697265625	54397.0	-0.76	217.0	-206.0	0.41295546558704455	-0.6255060728744939	116.0	111.0	-7.478207677014835	226.0	-3.302211468978118	350.0	-2.8870960751010135	
2.1798918534595377	2156.0	2843.0	-9.39176703499858	1891.0	-1.7684460607195929	0.0	1679.595947265625	55037.0	-0.775	211.0	-213.0	0.39878542510121456	-0.6295546558704453	118.0	-239.0	-5.933628995259214	195.0	-2.940886726097672	249.0	2.487086452671508	
2.4527593258410545	2128.0	2850.0	-9.48597217779933	1868.0	-1.4302520912614316	0.0	1699.127197265625	55677.0	-0.775	211.0	-213.0	0.39878542510121456	-0.6295546558704453	118.0	-354.0	-5.260743232910231	227.0	-3.477626603123955	205.0	4.246334674585609	
2.356700297129887	2139.0	2857.0	-9.568065525106489	1876.0	-1.565384668976614	0.0	1718.658447265625	56317.0	-0.775	211.0	-213.0	0.39878542510121456	-0.6295546558704453	118.0	-33.0	1.4069429576387829	334.0	-5.340792572278623	-231.0	-0.6978762393640323	
2.3467579992006264	2147.0	2841.0	-9.371819127556423	1877.0	-1.6579447061735801	0.0	1738.189697265625	56957.0	-0.775	211.0	-213.0	0.39878542510121456	-0.6295546558704453	118.0	-164.0	4.541978895855636	364.0	-5.947702058994379	-436.0	1.3061820249831728	
2.1447701683958384	2136.0	2838.0	-9.33250696993993	1894.0	-1.5266482208473702	0.0	1757.720947265625	57597.0	-0.77	213.0	-224.0	0.3765182186234818	-0.6862348178137652	146.0	-207.0	6.361829025844931	303.0	-5.088862894111428	-555.0	1.9745832139313735	
2.096912066350055	2132.0	2840.0	-9.356412412613558	1898.0	-1.4794121396369633	0.0	1777.252197265625	58237.0	-0.77	213.0	-224.0	0.3765182186234818	-0.6862348178137652	146.0	-173.0	2.003364428811745	272.0	-4.43252310433692	-270.0	1.4594341674528715	
2.1077173153267483	2132.0	2849.0	-9.466363705420404	1897.0	-1.4815031130033331	0.0	1796.783447265625	58877.0	-0.77	213.0	-224.0	0.3765182186234818	-0.6862348178137652	146.0	-110.0	0.10705000764642914	267.0	-4.270108499822205	-146.0	0.49435584303614966	
1.8344540275267507	2135.0	2845.0	-9.411740104467805	1920.0	-1.5192878521755344	0.0	1816.314697265625	59517.0	-0.7675000000000001	214.0	-198.0	0.4291497975708502	-0.6558704453441295	131.0	-18.0	2.9056430646887907	272.0	-4.444829069505391	-329.0	-0.9190838592081736	
2.0494268973323257	2134.0	2839.0	-9.343024552481687	1902.0	-1.5037156196666719	0.0	1835.845947265625	60157.0	-0.7675000000000001	214.0	-198.0	0.4291497975708502	-0.6558704453441295	131.0	-83.0	-0.2752714482336749	115.0	-1.9128065307086015	-121.0	0.10362780395791324	
1.952985300902398	2131.0	2849.0	-9.463374671664935	1910.0	-1.4709424597013832	0.0	1855.377197265625	60797.0	-0.7675000000000001	214.0	-198.0	0.4291497975708502	-0.6558704453441295	131.0	-103.0	-2.2174644441046034	55.0	-0.915352519919251	6.0	0.42049201722830487	
1.9046504285369579	2136.0	2855.0	-9.534957146304226	1914.0	-1.533098421773245	0.0	1874.908447265625	61437.0	-0.7625000000000001	216.0	-203.0	0.4190283400809717	-0.6720647773279352	139.0	-98.0	-3.4256002446857323	164.0	-2.5427622511817516	85.0	0.3274955016250553	
1.9874770005649716	2134.0	2859.0	-9.585633276836184	1907.0	-1.5091872931214354	0.0	1894.439697265625	62077.0	-0.7625000000000001	216.0	-203.0	0.4190283400809717	-0.6720647773279352	139.0	-158.0	1.6516286894020493	181.0	-3.016508955111123	-247.0	1.243427054073256	
1.6665970067198639	2131.0	2855.0	-9.53077551848982	1934.0	-1.4751543595797063	0.0	1913.970947265625	62717.0	-0.7625000000000001	216.0	-203.0	0.4190283400809717	-0.6720647773279352	139.0	-250.0	3.027985930570424	234.0	-3.9008509264199107	-337.0	2.6462761309076592	
1.3686527801591728	2115.0	2858.0	-9.563293412654149	1959.0	-1.2860130753912502	0.0	1933.502197265625	63357.0	-0.7625000000000001	216.0	-203.0	0.4190283400809717	-0.6720647773279352	139.0	-103.0	-4.174950298210736	250.0	-3.836299523588095	134.0	0.3912825471916164	
1.5045580781130317	2136.0	2915.0	-10.25847790298254	1947.0	-1.5515697604110505	0.0	1953.033447265625	63997.0	-0.765	215.0	-208.0	0.40890688259109315	-0.6781376518218624	142.0	123.0	-4.434928888209207	301.0	-4.575642605736713	151.0	-3.0839641903660984	
0.8631698191145329	2135.0	2904.0	-10.111589517118139	2001.0	-1.5429976825126632	0.0	1972.564697265625	64637.0	-0.765	215.0	-208.0	0.40890688259109315	-0.6781376518218624	142.0	-340.0	4.5113931793852275	369.0	-6.050385897613935	-434.0	4.005784310426961	
0.25733184204586046	2105.0	2894.0	-9.981101509699673	2052.0	-1.1850005190024504	0.0	1992.095947265625	65277.0	-0.765	215.0	-208.0	0.40890688259109315	-0.6781376518218624	142.0	-564.0	-0.2752714482336749	539.0	-8.508027502156706	-121.0	7.418372233801512	
0.024616129100149903	2115.0	2948.0	-10.633625185223107	2071.0	-1.3208600773532195	0.0	2011.627197265625	381.0	-0.77	213.0	-209.0	0.4068825910931174	-0.6578947368421053	132.0	-346.0	-3.058571647040832	794.0	-12.28534025417518	61.0	4.035501668810097	
-0.859145124297957	2065.0	2972.0	-10.9145124297957	2145.0	-0.7329057962244357	0.0	2031.158447265625	1021.0	-0.77	213.0	-209.0	0.4068825910931174	-0.6578947368421053	132.0	-976.0	0.25997858999847073	904.0	-14.206607761278793	-156.0	13.683313698357752	
-1.835171981934241	2038.0	2972.0	-10.898150574376487	2227.0	-0.41703762287313717	0.0	2050.689697265625	1661.0	-0.77	213.0	-209.0	0.4068825910931174	-0.6578947368421053	132.0	-1044.0	2.1257072946933784	1142.0	-17.952271826526886	-278.0	14.689281946457765	
-2.861473310295725	2025.0	2994.0	-11.147331029572452	2313.0	-0.27565773923657494	0.0	2070.220947265625	2301.0	-0.77	213.0	-209.0	0.4068825910931174	-0.6578947368421053	132.0	-1168.0	-5.260743232910231	1615.0	-24.950944820363663	205.0	16.522011190126886	
-3.221147715677184	1989.0	3015.0	-11.400485853432711	2343.0	0.14941735999144135	0.0	2089.752197265625	2941.0	-0.7475	222.0	-201.0	0.4230769230769231	-0.645748987854251	126.0	-1497.0	-11.775500841107204	2399.0	-36.79933615381064	631.0	21.45186240031551	
-3.8971363289752112	1996.0	2995.0	-11.142204326092525	2400.0	0.0634857550076745	0.0	2109.283447265625	3581.0	-0.7475	222.0	-201.0	0.4230769230769231	-0.645748987854251	126.0	-1431.0	-15.170515369322528	3228.0	-49.4040320693645	853.0	20.31307951972373	
-4.050804943786955	1967.0	2986.0	-11.03287533107645	2413.0	0.41353323912132434	0.0	2128.814697265625	4221.0	-0.7475	222.0	-201.0	0.4230769230769231	-0.645748987854251	126.0	-1827.0	-26.64015904572565	4055.0	-61.72589811870843	1603.0	26.266276387847753	
-3.849358917464089	1933.0	2993.0	-11.126367936885082	2396.0	0.8233164014852478	0.0	2148.345947265625	4861.0	-0.7475	222.0	-183.0	0.45951417004048584	-0.6497975708502024	128.0	-1976.0	-28.903502064535864	4693.0	-71.47112794411815	1751.0	28.455152154654265	
-3.733871589496306	1932.0	3022.0	-11.482397044868716	2386.0	0.8293988853763372	0.0	2167.877197265625	5501.0	-0.7475	222.0	-183.0	0.45951417004048584	-0.6497975708502024	128.0	-1863.0	-20.446551460467962	5363.0	-82.09711085626324	1198.0	26.6149656721647	
-3.1310852853106446	1922.0	2959.0	-10.727576150112078	2336.0	0.97100509402417	0.0	2187.408447265625	6141.0	-0.7475	222.0	-183.0	0.45951417004048584	-0.6497975708502024	128.0	-2156.0	-4.343171738797982	6211.0	-95.82897924970834	145.0	30.973580700060843	
-3.1447248978964395	1860.0	2875.0	-9.710585027739212	2338.0	1.7381964721529983	0.0	2206.939697265625	6781.0	-0.705	239.0	-156.0	0.5141700404858299	-0.5789473684210527	93.0	-3021.0	5.964214711729623	7110.0	-110.20120901581907	-529.0	44.102836766677775	
-4.641685502047435	1842.0	2950.0	-10.59712163331492	2463.0	1.9223636038794918	0.0	2226.470947265625	7421.0	-0.705	239.0	-156.0	0.5141700404858299	-0.5789473684210527	93.0	-3155.0	-5.0466432176173734	7607.0	-117.42559156423137	191.0	46.086753751382396	
-1.7070696105880223	1819.0	2993.0	-11.183151534992707	2216.0	2.21709759849547	0.0	2246.002197265625	8061.0	-0.705	239.0	-156.0	0.5141700404858299	-0.5789473684210527	93.0	-3177.0	-61.645511546107976	8477.0	-128.54645706071153	3892.0	46.313123736896344	
-0.9445564077262261	1844.0	2987.0	-11.12230743928928	2152.0	1.9247347931610483	0.0	2265.533447265625	8701.0	-0.705	239.0	-156.0	0.5141700404858299	-0.5789473684210527	93.0	-2666.0	-56.15537543966968	9185.0	-139.57718133147813	3533.0	38.36178534488685	
-1.3907029133296893	1783.0	2936.0	-10.498862761540368	2190.0	2.6676819806961367	0.0	2285.064697265625	9341.0	-0.6975	242.0	-130.0	0.5668016194331984	-0.4858299595141701	47.0	-3355.0	-41.214252943875216	9814.0	-149.95494649572896	2556.0	48.8303569336924	
-1.1288929249525845	1748.0	2936.0	-10.508340114306074	2168.0	3.091797280512545	0.0	2304.595947265625	9981.0	-0.6975	242.0	-130.0	0.5668016194331984	-0.4858299595141701	47.0	-2999.0	-49.02890350206454	10036.0	-153.00228862978776	3067.0	43.33724733005935	
-0.2605896830425783	1781.0	2941.0	-10.582777828067352	2095.0	2.701401197210637	0.0	2324.127197265625	10621.0	-0.6975	242.0	-130.0	0.5668016194331984	-0.4858299595141701	47.0	-2063.0	-63.03716164551155	10221.0	-155.1438358259758	3983.0	28.953395154092554	
-0.2338000101017466	1729.0	2916.0	-10.284762914936564	2093.0	3.334135416299046	0.0	2343.658447265625	11261.0	-0.7125	236.0	-120.0	0.5870445344129555	-0.37044534412955465	-10.0	-2310.0	-64.36764031197431	10680.0	-162.18826534911776	4070.0	32.67303832241799	
0.611613493671209	1712.0	2913.0	-10.267222061450525	2022.0	3.54775964551493	0.0	2363.189697265625	11901.0	-0.7125	236.0	-120.0	0.5870445344129555	-0.37044534412955465	-10.0	-2197.0	-59.79507569964827	11264.0	-171.33614722760484	3771.0	30.847632850265004	
0.9126149133394855	1736.0	2885.0	-9.928984856527634	1997.0	3.2683777773040465	0.0	2382.720947265625	12541.0	-0.7125	236.0	-120.0	0.5870445344129555	-0.37044534412955465	-10.0	-2177.0	-41.68833154916654	11672.0	-178.33260599600874	2587.0	30.470778589418465	
0.6052837053976887	1683.0	2867.0	-9.709724698326369	2023.0	3.908243885256124	0.0	2402.252197265625	13181.0	-0.7125	236.0	-120.0	0.5870445344129555	-0.37044534412955465	-10.0	-2818.0	-38.46153846153847	11857.0	-181.40544461958567	2376.0	40.27586422804075	
1.5855499465389415	1724.0	2930.0	-10.492624393724913	1940.0	3.408412650145108	0.0	2421.783447265625	13821.0	-0.73	229.0	-139.0	0.548582995951417	-0.2874493927125506	-51.0	-2052.0	-43.21761737268696	12066.0	-184.31226205349557	2687.0	28.492921571577984	
1.4674373709722017	1772.0	2923.0	-10.399120045636982	1950.0	2.8307883583391504	0.0	2441.314697265625	14461.0	-0.73	229.0	-139.0	0.548582995951417	-0.2874493927125506	-51.0	-1457.0	-37.71218840801346	12073.0	-184.54883161955357	2327.0	19.360588099333082	
1.9108861317058108	1682.0	2897.0	-10.101863019895145	1913.0	3.925505335858914	0.0	2460.845947265625	15101.0	-0.73	229.0	-139.0	0.548582995951417	-0.2874493927125506	-51.0	-2203.0	-50.512310750879344	12165.0	-185.5663617183191	3164.0	30.797397607306607	
3.6564946205154913	1769.0	2931.0	-10.541014138927032	1766.0	2.8859856272820363	0.0	2480.377197265625	15741.0	-0.7125	236.0	-189.0	0.4473684210526316	-0.28542510121457493	-52.0	-945.0	-61.15614008258144	12172.0	-185.05530178881824	3860.0	11.499147764680485	
3.7607842327306007	1847.0	2955.0	-10.826338631701823	1757.0	1.9415629974041129	0.0	2499.908447265625	16381.0	-0.7125	236.0	-189.0	0.4473684210526316	-0.28542510121457493	-52.0	-820.0	-41.627160116225724	12087.0	-184.50984377349445	2583.0	9.58654188756811	
3.667675211192916	1777.0	2937.0	-10.613431261660732	1765.0	2.7882635485654617	0.0	2519.439697265625	17021.0	-0.7125	236.0	-189.0	0.4473684210526316	-0.28542510121457493	-52.0	-2142.0	-30.922159351582813	11858.0	-181.61865200260144	1883.0	29.90086120131816	
3.704385239642408	1800.0	2929.0	-10.513856988140166	1762.0	2.513513700585428	0.0	2538.970947265625	17661.0	-0.6575	258.0	-191.0	0.4433198380566802	-0.2874493927125506	-51.0	-1945.0	-31.45740938981496	11269.0	-172.50777986234016	1918.0	26.969106642070173	
3.7020859559543147	1814.0	2948.0	-10.743785356949493	1762.0	2.3402174415771797	0.0	2558.502197265625	18301.0	-0.6575	258.0	-191.0	0.4433198380566802	-0.2874493927125506	-51.0	-2000.0	-35.678238262731305	11028.0	-168.64065090509754	2194.0	27.85172453283947	
3.562929038009387	1826.0	2918.0	-10.373762865727928	1774.0	2.2016480089691495	0.0	2578.033447265625	18941.0	-0.6575	258.0	-191.0	0.4433198380566802	-0.2874493927125506	-51.0	-1919.0	-38.721517051536935	11002.0	-168.10660565530276	2393.0	26.6141618090293	
3.7423892246781354	1784.0	2910.0	-10.284887055996014	1759.0	2.711244223416018	0.0	2597.564697265625	19581.0	-0.6575	258.0	-191.0	0.4433198380566802	-0.2874493927125506	-51.0	-1961.0	-46.26089616149259	10830.0	-165.1660224241807	2886.0	27.288035954981762	
3.731842232410851	1796.0	2899.0	-10.149110092248247	1760.0	2.569275979515288	0.0	2617.095947265625	20221.0	-0.6175	274.0	-169.0	0.48785425101214575	-0.2894736842105263	-50.0	-1605.0	-50.42055360146812	10532.0	-160.3615800413305	3158.0	21.8734441965178	
3.827323062183436	1811.0	2897.0	-10.124836638799264	1752.0	2.3899933653157284	0.0	2636.627197265625	20861.0	-0.6175	274.0	-169.0	0.48785425101214575	-0.2894736842105263	-50.0	-1343.0	-44.93041749502983	10300.0	-156.97264009112823	2799.0	17.887078877591097	
3.295359029942976	1799.0	2867.0	-9.749811291416654	1797.0	2.536752545193988	0.0	2656.158447265625	21501.0	-0.6175	274.0	-169.0	0.48785425101214575	-0.2894736842105263	-50.0	-1656.0	-39.990824285058885	10131.0	-154.61888736712038	2476.0	22.71343978982427	
3.0665827305336957	1841.0	2889.0	-10.008393613297125	1816.0	2.0232690393767436	0.0	2675.689697265625	22141.0	-0.615	275.0	-127.0	0.5728744939271255	-0.20850202429149797	-90.0	-1535.0	-38.73680990977214	10203.0	-155.75788913643325	2394.0	20.84536724949803	
2.790440755770684	1883.0	2909.0	-10.241638708645853	1839.0	1.509818621336597	0.0	2695.220947265625	22781.0	-0.615	275.0	-127.0	0.5728744939271255	-0.20850202429149797	-90.0	-1135.0	-33.23138094509864	9933.0	-151.76392055835305	2034.0	14.74751347202887	
3.5389915566321277	1817.0	2919.0	-10.386558622501507	1776.0	2.309586453959665	0.0	2714.752197265625	23421.0	-0.615	275.0	-127.0	0.5728744939271255	-0.20850202429149797	-90.0	-1636.0	-37.51338125095581	9769.0	-149.1470892752692	2314.0	22.461268097580287	
2.5670705753134637	1859.0	2886.0	-9.959609135320338	1858.0	1.802382137504559	0.0	2734.283447265625	24061.0	-0.615	275.0	-127.0	0.5728744939271255	-0.20850202429149797	-90.0	-1550.0	-24.682673191619514	9779.0	-149.8008784516269	1475.0	21.13510461121797	
2.599590159535145	1844.0	2912.0	-10.279079284580714	1855.0	1.9770408219278333	0.0	2753.814697265625	24701.0	-0.6375000000000001	266.0	-95.0	0.6376518218623481	-0.11133603238866396	-138.0	-1571.0	-31.625630830402205	9658.0	-147.66534392603714	1929.0	21.478694113294488	
2.9998025050801864	1879.0	2949.0	-10.734035206267073	1821.0	1.5502570799616047	0.0	2773.345947265625	25341.0	-0.6375000000000001	266.0	-95.0	0.6376518218623481	-0.11133603238866396	-138.0	-1470.0	-37.543966967426215	9505.0	-145.05988901817983	2316.0	19.954955812902444	
2.7026342529840615	1900.0	2946.0	-10.688955653974812	1846.0	1.2951749402937178	0.0	2792.877197265625	25981.0	-0.6375000000000001	266.0	-95.0	0.6376518218623481	-0.11133603238866396	-138.0	-1472.0	-26.013151858082278	9378.0	-143.5680320895517	1562.0	20.00056334950498	
2.4507672654154398	1891.0	2864.0	-9.685178220360804	1868.0	1.4211655540300707	0.0	2812.408447265625	26621.0	-0.685	247.0	-83.0	0.6619433198380567	-0.04048582995951417	-173.0	-2035.0	-27.634194831013918	9502.0	-145.4967857999722	1668.0	28.62022011192509	
2.800077062049715	1888.0	2830.0	-9.278008080742746	1839.0	1.4689466331020276	0.0	2831.939697265625	27261.0	-0.685	247.0	-83.0	0.6619433198380567	-0.04048582995951417	-173.0	-2472.0	-27.23658051689861	9458.0	-144.9029861951527	1642.0	35.33169746657387	
3.056643781246936	1953.0	2874.0	-9.811812351496913	1817.0	0.6777036847584347	0.0	2851.470947265625	27901.0	-0.685	247.0	-83.0	0.6619433198380567	-0.04048582995951417	-173.0	-2166.0	-21.3182443798746	9622.0	-147.61518311805256	1255.0	30.609163497958658	
2.5383757283095654	1912.0	2829.0	-9.257665264281583	1861.0	1.1775798495878256	0.0	2871.002197265625	28541.0	-0.735	227.0	-90.0	0.6477732793522267	0.11538461538461539	-250.0	-2674.0	-4.970178926441353	9502.0	-146.50129723558697	186.0	38.415300055110755	
3.087835186007795	1912.0	2813.0	-9.073624256363386	1815.0	1.1867552643231716	0.0	2890.533447265625	29181.0	-0.735	227.0	-90.0	0.6477732793522267	0.11538461538461539	-250.0	-2736.0	-9.435693531120968	9305.0	-143.30220710997733	478.0	39.3986489431706	
2.5513956930641624	1929.0	2820.0	-9.146144979298086	1860.0	0.9751211778266075	0.0	2910.064697265625	29821.0	-0.735	227.0	-90.0	0.6477732793522267	0.11538461538461539	-250.0	-2164.0	-9.512157822296988	9169.0	-141.11961050313548	483.0	30.643430256791568	
2.95775520627202	1906.0	2806.0	-8.986384134702758	1826.0	1.2594884235855324	0.0	2929.595947265625	30461.0	-0.735	227.0	-90.0	0.6477732793522267	0.11538461538461539	-250.0	-2530.0	-12.066065147576083	9189.0	-141.38123383567554	650.0	36.256895042339885	
3.3719976610188684	1987.0	2826.0	-9.228805326684586	1791.0	0.28287880983553304	0.0	2949.127197265625	31101.0	-0.79	205.0	-107.0	0.6133603238866396	0.20647773279352227	-295.0	-1771.0	-9.879186419941888	9112.0	-140.16793251981875	507.0	24.622564958981656	
3.523637556581824	1951.0	2851.0	-9.541006246579501	1778.0	0.7118861301523005	0.0	2968.658447265625	31741.0	-0.79	205.0	-107.0	0.6133603238866396	0.20647773279352227	-295.0	-2337.0	-6.270071876433706	9130.0	-140.67597655458675	271.0	33.30246226913267	
2.9293278121555284	1914.0	2844.0	-9.448171165399533	1828.0	1.1535828668617574	0.0	2988.189697265625	32381.0	-0.79	205.0	-107.0	0.6133603238866396	0.20647773279352227	-295.0	-2154.0	-5.245450374675027	8832.0	-136.105427896762	204.0	30.54012724627406	
4.052251916130702	1878.0	2810.0	-9.060522672644112	1734.0	1.6063000175156537	0.0	3007.720947265625	33021.0	-0.8375	186.0	-140.0	0.5465587044534413	0.26720647773279355	-325.0	-2302.0	-30.448080746291485	8544.0	-130.69048633304908	1852.0	32.86526024331368	
4.4697556255593245	1934.0	2803.0	-8.976818396448524	1699.0	0.9374503449531288	0.0	3027.252197265625	33661.0	-0.8375	186.0	-140.0	0.5465587044534413	0.26720647773279355	-325.0	-1464.0	-34.08778100627008	8297.0	-126.61730339334645	2090.0	20.047314767202028	
4.372945913446694	1929.0	2816.0	-9.133980083901976	1707.0	0.9935799779383551	0.0	3046.783447265625	34301.0	-0.8375	186.0	-140.0	0.5465587044534413	0.26720647773279355	-325.0	-1524.0	-24.193301728092983	8230.0	-125.99174113561345	1443.0	20.97423940926685	
5.049686414482522	1939.0	2830.0	-9.317072837462048	1650.0	0.8762036001666685	0.0	3066.314697265625	34941.0	-0.8375	186.0	-140.0	0.5465587044534413	0.26720647773279355	-325.0	-1492.0	-31.702095121578225	8108.0	-123.8100629689761	1934.0	20.505032713873227	
5.92040843374462	1956.0	2815.0	-9.14963281601413	1577.0	0.6834403436798142	0.0	3085.845947265625	35581.0	-0.875	171.0	-181.0	0.46356275303643724	0.30364372469635625	-343.0	-995.0	-40.449610032115004	7655.0	-116.41648090217194	2506.0	12.952760156453193	
6.411835730157837	1970.0	2787.0	-8.816426984216298	1536.0	0.5263440344847223	0.0	3105.377197265625	36221.0	-0.875	171.0	-181.0	0.46356275303643724	0.30364372469635625	-343.0	-1084.0	-36.22878115919866	7296.0	-111.07727721827419	2230.0	14.37181123886529	
6.021051313429402	2006.0	2771.0	-8.609154371345527	1569.0	0.0928467028158172	0.0	3124.908447265625	36861.0	-0.875	171.0	-181.0	0.46356275303643724	0.30364372469635625	-343.0	-935.0	-16.929194066371007	7034.0	-107.79657628361598	968.0	12.11829018315126	
6.103846572712622	1978.0	2775.0	-8.662961776356898	1562.0	0.4299479048987833	0.0	3144.439697265625	37501.0	-0.92	153.0	-224.0	0.3765182186234818	0.31781376518218624	-350.0	-1474.0	-11.683743691695978	6539.0	-100.47561996318278	625.0	20.462176438084914	
6.851451998922606	2038.0	2794.0	-8.902419155358439	1499.0	-0.29025675468420775	0.0	3163.970947265625	38141.0	-0.92	153.0	-224.0	0.3765182186234818	0.31781376518218624	-350.0	-1515.0	-11.94372228169445	6098.0	-93.68861899978796	642.0	21.159170277701985	
5.8682080508720915	2055.0	2756.0	-8.417290150886092	1582.0	-0.49520589118369973	0.0	3183.502197265625	38781.0	-0.92	153.0	-224.0	0.3765182186234818	0.31781376518218624	-350.0	-1272.0	9.833307845236275	5876.0	-91.10781193785944	-782.0	17.456268819396918	
5.798805953738037	2005.0	2739.0	-8.214642721434398	1588.0	0.11056267498821046	0.0	3203.033447265625	39421.0	-0.9400000000000001	145.0	-248.0	0.32793522267206476	0.3360323886639676	-359.0	-1926.0	11.224957944639854	5475.0	-85.0961502283311	-873.0	27.551677748905888	
5.988587128679279	2067.0	2745.0	-8.284144274929265	1572.0	-0.6359174961395033	0.0	3222.564697265625	40061.0	-0.9400000000000001	145.0	-248.0	0.32793522267206476	0.3360323886639676	-359.0	-1303.0	-6.147729010552073	4993.0	-76.89222304718412	263.0	18.074103701705543	
6.115747474016541	2078.0	2776.0	-8.663347836441226	1561.0	-0.7747600843982976	0.0	3242.095947265625	40701.0	-0.9400000000000001	145.0	-248.0	0.32793522267206476	0.3360323886639676	-359.0	-475.0	-7.187643370545956	4623.0	-71.0327280102276	331.0	5.427466183147686	
5.802660096485055	2104.0	2806.0	-9.019704637208793	1587.0	-1.0982711062371566	0.0	3261.627197265625	41341.0	-0.9400000000000001	145.0	-248.0	0.32793522267206476	0.3360323886639676	-359.0	-345.0	-3.0738645052760365	4424.0	-68.11655542526873	62.0	3.4618450334410373	
5.086830532746806	2120.0	2820.0	-9.174089582462303	1647.0	-1.3012881851169587	0.0	3281.158447265625	41981.0	-0.9500000000000001	141.0	-277.0	0.2692307692307692	0.34615384615384615	-364.0	208.0	2.492735892338278	4093.0	-63.16333538768315	-302.0	-4.974122229126181	
5.228180488415548	2107.0	2832.0	-9.324808301302351	1635.0	-1.1462625539129758	0.0	3300.689697265625	42621.0	-0.9500000000000001	141.0	-277.0	0.2692307692307692	0.34615384615384615	-364.0	168.0	-3.0891573635112404	3615.0	-55.59423939358366	63.0	-4.2846519228601885	
6.057625224596763	2155.0	2863.0	-9.713668016514236	1565.0	-1.7240585538674496	0.0	3320.220947265625	43261.0	-0.9500000000000001	141.0	-277.0	0.2692307692307692	0.34615384615384615	-364.0	147.0	-14.390579599327115	3427.0	-52.25387609170947	802.0	-3.9290141330208237	
5.461796988292292	2173.0	2869.0	-9.77268212315171	1615.0	-1.9480645882427619	0.0	3339.752197265625	43901.0	-0.9525	140.0	-288.0	0.24696356275303644	0.3825910931174089	-382.0	120.0	1.2693072335219453	3067.0	-47.34729563513348	-222.0	-3.4656472696856917	
4.6203026887045295	2104.0	2839.0	-9.398302558118466	1686.0	-1.1176666387331553	0.0	3359.283447265625	44541.0	-0.9525	140.0	-288.0	0.24696356275303644	0.3825910931174089	-382.0	-1017.0	18.90197277871234	2669.0	-42.10545816373591	-1375.0	14.033449024316303	
4.906086288549041	2108.0	2838.0	-9.391371145095881	1662.0	-1.162862945558596	0.0	3378.814697265625	45181.0	-0.9525	140.0	-288.0	0.24696356275303644	0.3825910931174089	-382.0	-1462.0	7.325279094662793	2499.0	-39.09599200485469	-618.0	20.891838913770698	
4.919724195341382	2132.0	2824.0	-9.218056656338026	1661.0	-1.4484169032215393	0.0	3398.345947265625	45821.0	-0.9525	140.0	-288.0	0.24696356275303644	0.3825910931174089	-382.0	-619.0	5.627771830555131	2210.0	-34.45373201534791	-507.0	8.002861789866472	
4.660162908526163	2111.0	2805.0	-8.983709147383589	1683.0	-1.1933135177178318	0.0	3417.877197265625	46461.0	-0.96	137.0	-300.0	0.22267206477732793	0.35627530364372473	-369.0	-886.0	5.428964673497477	2060.0	-32.17963957695859	-494.0	12.122579850969712	
4.705374084918902	2144.0	2825.0	-9.22449627001449	1679.0	-1.5952675098523053	0.0	3437.408447265625	47101.0	-0.96	137.0	-300.0	0.22267206477732793	0.35627530364372473	-369.0	-6.0	-3.899678849977061	1470.0	-22.596893812380266	116.0	-1.2847383105344212	
4.813131422062651	2166.0	2820.0	-9.16304826992536	1670.0	-1.8580212174429407	0.0	3456.939697265625	47741.0	-0.96	137.0	-300.0	0.22267206477732793	0.35627530364372473	-369.0	-231.0	4.649028903502065	1287.0	-20.15865948826661	-443.0	2.1921528557848196	
3.9593145859563585	2153.0	2794.0	-8.830446166268889	1742.0	-1.703280837706778	0.0	3476.470947265625	48381.0	-0.9625	136.0	-296.0	0.23076923076923078	0.3805668016194332	-381.0	-569.0	3.318550237039303	1065.0	-16.742787031195565	-356.0	7.412747056801748	
4.29194855207212	2134.0	2799.0	-8.900382888026067	1714.0	-1.4724375698301615	0.0	3496.002197265625	49021.0	-0.9625	136.0	-296.0	0.23076923076923078	0.3805668016194332	-381.0	-254.0	0.7340571952897997	926.0	-14.45316855286494	-187.0	2.6021308892757085	
4.206602978409427	2170.0	2816.0	-9.101606920962	1721.0	-1.9110504459845434	0.0	3515.533447265625	49661.0	-0.9625	136.0	-296.0	0.23076923076923078	0.3805668016194332	-381.0	-375.0	14.635265331090382	815.0	-13.320467347432485	-1096.0	4.470140423963146	
3.86543293859661	2150.0	2783.0	-8.694801378434242	1750.0	-1.6653621801104297	0.0	3535.064697265625	50301.0	-0.9575	138.0	-293.0	0.2368421052631579	0.3785425101214575	-380.0	-575.0	18.88667992047714	903.0	-14.874695377382462	-1374.0	7.523494875288628	
3.8641100779382564	2165.0	2794.0	-8.827087444269594	1750.0	-1.8487440215999853	0.0	3554.595947265625	50941.0	-0.9575	138.0	-293.0	0.2368421052631579	0.3785425101214575	-380.0	-377.0	33.124330937452214	823.0	-14.183308568316328	-2305.0	4.4922009790705575	
3.046124662861626	2154.0	2767.0	-8.482771809075485	1819.0	-1.7175074425649417	0.0	3574.127197265625	51581.0	-0.9575	138.0	-293.0	0.2368421052631579	0.3785425101214575	-380.0	-719.0	32.3443951674568	622.0	-11.11306427021493	-2254.0	9.77071683313029	
2.80803149794537	2116.0	2767.0	-8.48256449117726	1839.0	-1.262052902554935	0.0	3593.658447265625	52221.0	-0.9575	138.0	-293.0	0.2368421052631579	0.3785425101214575	-380.0	-257.0	1.9727787123413367	548.0	-8.689264060056557	-268.0	2.705803385178167	
3.626877455396756	2133.0	2787.0	-8.740825888895795	1770.0	-1.4638489480432253	0.0	3613.189697265625	52861.0	-0.965	135.0	-289.0	0.24493927125506074	0.3684210526315789	-375.0	483.0	-13.74827955344854	442.0	-6.316591435829842	760.0	-8.625387795591994	
4.006428026282371	2146.0	2798.0	-8.881006895572435	1738.0	-1.6194835684919986	0.0	3632.720947265625	53501.0	-0.965	135.0	-289.0	0.24493927125506074	0.3684210526315789	-375.0	746.0	-4.174950298210736	415.0	-6.243855167756045	134.0	-12.660259634998107	
3.1822484744257324	2154.0	2822.0	-9.156104938379137	1807.0	-1.7296128670353736	0.0	3652.252197265625	54141.0	-0.965	135.0	-289.0	0.24493927125506074	0.3684210526315789	-375.0	891.0	-5.383086098791865	416.0	-6.188668002029879	213.0	-14.884657893768956	
3.001059976989444	2178.0	2844.0	-9.417811824865138	1822.0	-2.0258155162454807	0.0	3671.783447265625	54781.0	-0.9675	134.0	-291.0	0.2408906882591093	0.3684210526315789	-375.0	1086.0	-15.843401131671511	285.0	-3.7255053699374674	897.0	-17.852200580782387	
3.511038169575785	2182.0	2859.0	-9.610468756707206	1779.0	-2.0727616440407957	0.0	3691.314697265625	55421.0	-0.9675	134.0	-291.0	0.2408906882591093	0.3684210526315789	-375.0	843.0	-21.94525156751797	185.0	-1.980668043046846	1296.0	-14.10604267858913	
3.649589188846351	2173.0	2894.0	-10.041081115364893	1767.0	-1.9715546460814848	0.0	3710.845947265625	56061.0	-0.9675	134.0	-291.0	0.2408906882591093	0.3684210526315789	-375.0	369.0	-18.59611561400826	175.0	-2.033538557827399	1077.0	-6.833286129785732	
3.355201808103329	2175.0	2868.0	-9.717914427762349	1792.0	-1.9921315716790329	0.0	3730.377197265625	56701.0	-0.9675	134.0	-291.0	0.2408906882591093	0.3684210526315789	-375.0	-25.0	-11.484936534638326	174.0	-2.3630277888073232	612.0	-0.7908544607943185	
2.8561278844399296	2152.0	2861.0	-9.62530679410226	1834.0	-1.7181617245075254	0.0	3749.908447265625	57341.0	-0.96	137.0	-305.0	0.2125506072874494	0.37044534412955465	-376.0	-250.0	-14.3294081663863	-38.0	0.9769287561521529	798.0	2.69505392773338	
