Device	Device	Device	Device	Device	Device	Device	Device	Device	Device	Device	Device	Device	Device	Device	Device	Device	Device	Device	Device	Device	
Low Noise Accelerometer X	Low Noise Accelerometer X	Low Noise Accelerometer Z	Low Noise Accelerometer Z	Low Noise Accelerometer Y	Low Noise Accelerometer Y	Event_Marker	Timestamp	Timestamp	Magnetometer Z	Magnetometer Z	Magnetometer X	Magnetometer X	Magnetometer Y	Magnetometer Y	Gyroscope Y	Gyroscope Y	Gyroscope Z	Gyroscope Z	Gyroscope X	Gyroscope X	
CAL	UNCAL	UNCAL	CAL	CAL	UNCAL	CAL	CAL	UNCAL	CAL	UNCAL	CAL	UNCAL	CAL	UNCAL	CAL	UNCAL	CAL	UNCAL	CAL	UNCAL	
m/(s^2)	no units	no units	m/(s^2)	m/(s^2)	no units	no units	ms	no units	local_flux	no units	local_flux	no units	local_flux	no units	deg/s	no units	deg/s	no units	deg/s	no units	
-2.839110517564032	1457.0	1438.0	7.755614910263477	6.945998301463363	2327.0	0.0	1830.169677734375	59971.0	0.4975	720.0	-0.20850202429149797	-513.0	-0.10323886639676114	-142.0	-57.22587551613397	-6956.0	-137.6547608534111	9020.0	104.20884444302337	3603.0	
1.2482839455053012	1453.0	1105.0	11.733156455292033	7.114615848078966	1987.0	0.0	1849.700927734375	60611.0	0.4975	720.0	-0.20850202429149797	-513.0	-0.10323886639676114	-142.0	-109.66508640464905	-4194.0	-106.51012706802308	7159.0	62.13882691713625	7032.0	
3.1468464328710026	1611.0	959.0	13.494167096624077	5.265207227947938	1829.0	0.0	1869.232177734375	61251.0	0.5125	726.0	-0.16396761133603238	-491.0	-0.04453441295546559	-171.0	-153.2650252332161	-1035.0	-58.83161967231435	4204.0	14.142388115076766	9883.0	
4.481033318476704	1769.0	1049.0	12.389046133384607	3.352832219707881	1716.0	0.0	1888.763427734375	61891.0	0.5125	726.0	-0.16396761133603238	-491.0	-0.04453441295546559	-171.0	-173.22220523015753	1673.0	15.317405454172421	-538.0	-26.66898337986061	11188.0	
4.04290058856039	1856.0	1129.0	11.432915998896105	2.2811355186346107	1752.0	0.0	1908.294677734375	62531.0	0.5125	726.0	-0.16396761133603238	-491.0	-0.04453441295546559	-171.0	-121.97583728398838	2706.0	58.23025896854705	-3451.0	-42.09070646355989	7837.0	
3.705137353980078	1766.0	1165.0	10.98992587419823	3.35323543319244	1780.0	0.0	1927.825927734375	63171.0	0.555	743.0	-0.07692307692307693	-448.0	-0.08906882591093118	-149.0	-38.49212417800887	2460.0	71.08015059879608	-4506.0	-38.187464567358674	2378.0	
1.1531389241489791	1790.0	1303.0	9.361511462516939	3.005990534154479	1993.0	0.0	1947.357177734375	63811.0	0.555	743.0	-0.07692307692307693	-448.0	-0.08906882591093118	-149.0	11.347300810521487	2399.0	65.84746446703134	-4296.0	-37.30377792553071	-881.0	
-0.18422708417689254	1863.0	1339.0	8.95824396326313	2.1050334517969875	2105.0	0.0	1966.888427734375	64451.0	0.555	743.0	-0.07692307692307693	-448.0	-0.08906882591093118	-149.0	-11.20966508640465	2267.0	58.808334121848894	-3781.0	-35.34869738611005	594.0	
0.9171426871400824	1809.0	1384.0	8.380935380674911	2.7551033874969475	2012.0	0.0	1986.419677734375	65091.0	0.555	743.0	-0.07692307692307693	-448.0	-0.08906882591093118	-149.0	-29.576387826884847	1550.0	51.127336785588014	-3241.0	-24.42351257659709	1795.0	
2.473793647469501	1874.0	1308.0	9.28412665171197	2.0056011924005004	1882.0	0.0	2005.950927734375	195.0	0.55	741.0	-0.058704453441295545	-439.0	-0.10931174089068826	-139.0	11.790793699342409	1156.0	45.075003306763875	-2959.0	-18.438309350084122	-910.0	
1.2183676119101543	1982.0	1258.0	9.931999286253552	0.7047995654586304	1988.0	0.0	2025.482177734375	835.0	0.55	741.0	-0.058704453441295545	-439.0	-0.10931174089068826	-139.0	69.93424070958864	513.0	43.189167690961405	-2994.0	-8.59066471406783	-4712.0	
0.15363560886237676	1999.0	1205.0	10.601656124332916	0.5027261050813061	2078.0	0.0	2045.013427734375	1475.0	0.55	741.0	-0.058704453441295545	-439.0	-0.10931174089068826	-139.0	94.29576387826886	-233.0	43.207756976900654	-3066.0	2.8565059877527417	-6305.0	
-0.36335484674037677	1942.0	1247.0	10.093086754533752	1.1741318010811026	2121.0	0.0	2064.544677734375	2115.0	0.5375	736.0	-0.1417004048582996	-480.0	-0.145748987854251	-121.0	86.32818473772748	-48.0	39.894203558052425	-2828.0	-0.015359023188848187	-5784.0	
-0.5116737093173549	1938.0	1292.0	9.546914782550225	1.2099179440999996	2133.0	0.0	2084.075927734375	2755.0	0.5375	736.0	-0.1417004048582996	-480.0	-0.145748987854251	-121.0	58.63281847377275	652.0	31.773216619845634	-2221.0	-10.83770745325835	-3973.0	
-0.7970759457794437	1947.0	1290.0	9.578119707769906	1.0992542853000131	2157.0	0.0	2103.607177734375	3395.0	0.5375	736.0	-0.1417004048582996	-480.0	-0.145748987854251	-121.0	25.860223275730238	1145.0	25.976838140854277	-1754.0	-18.460501681503843	-1830.0	
-0.2274206447144001	1987.0	1304.0	9.400792671417129	0.6194765867402346	2109.0	0.0	2123.138427734375	4035.0	0.5375	736.0	-0.1417004048582996	-480.0	-0.145748987854251	-121.0	6.866493347606668	1308.0	25.33111427244362	-1661.0	-20.96810975646231	-588.0	
0.43604765653911287	1973.0	1329.0	9.080956130101757	0.7883892377216432	2053.0	0.0	2142.669677734375	4675.0	0.5375	736.0	-0.17206477732793524	-495.0	-0.17611336032388664	-106.0	1.6363358311668452	793.0	26.445648957419735	-1725.0	-13.054555325678221	-246.0	
0.3742305011354777	1982.0	1348.0	8.851621542119194	0.6747506394681965	2058.0	0.0	2162.200927734375	5315.0	0.5375	736.0	-0.17206477732793524	-495.0	-0.17611336032388664	-106.0	-1.1622572258755162	678.0	24.38663758076208	-1585.0	-11.310529818760433	-63.0	
0.5055174608746218	1978.0	1345.0	8.885079420795517	0.7249254377234517	2047.0	0.0	2181.732177734375	5955.0	0.5375	736.0	-0.17206477732793524	-495.0	-0.17611336032388664	-106.0	-0.18351429882244993	341.0	23.80360329286768	-1553.0	-6.145269168851284	-127.0	
0.4112689021685092	1974.0	1337.0	8.984033073993782	0.7741547962846932	2055.0	0.0	2201.263427734375	6595.0	0.5275	732.0	-0.16396761133603238	-491.0	-0.2145748987854251	-87.0	8.166386297599022	342.0	26.37674843855757	-1742.0	-6.13488220105251	-673.0	
0.1406342106099699	2034.0	1312.0	9.301516299092228	0.05490654760601654	2078.0	0.0	2220.794677734375	7235.0	0.5275	732.0	-0.16396761133603238	-491.0	-0.2145748987854251	-87.0	15.308151093439365	552.0	27.584494131891447	-1837.0	-9.3451463123254	-1140.0	
0.7545457060014975	1986.0	1255.0	9.978380123959278	0.652896192069321	2027.0	0.0	2240.325927734375	7875.0	0.5275	732.0	-0.16396761133603238	-491.0	-0.2145748987854251	-87.0	26.16608044043432	14.0	26.052548404107775	-1771.0	-1.1051335615320388	-1850.0	
-0.6979079374981472	1987.0	1258.0	9.971111012090047	0.6261780806258556	2149.0	0.0	2259.857177734375	8515.0	0.525	731.0	-0.1862348178137652	-502.0	-0.2165991902834008	-86.0	51.720446551460476	376.0	20.34875851298387	-1463.0	-6.716874544684494	-3521.0	
-1.6053510886032942	2039.0	1282.0	9.70298637776582	-0.014764867668065923	2225.0	0.0	2279.388427734375	9155.0	0.525	731.0	-0.1862348178137652	-502.0	-0.2165991902834008	-86.0	40.22021715858694	628.0	17.479010256574586	-1244.0	-10.612381909096062	-2769.0	
-1.6312088989589006	2055.0	1299.0	9.498157723157531	-0.21189110320113716	2227.0	0.0	2298.919677734375	9795.0	0.525	731.0	-0.1862348178137652	-502.0	-0.2165991902834008	-86.0	4.220828872916348	781.0	16.035362173581902	-1055.0	-12.9745243896191	-415.0	
-0.9146346735008797	2050.0	1279.0	9.727008840388214	-0.1399073747465216	2167.0	0.0	2318.450927734375	10435.0	0.525	731.0	-0.1862348178137652	-502.0	-0.2165991902834008	-86.0	-18.718458479889893	686.0	13.969788930779334	-862.0	-11.53745417452526	1085.0	
-0.044448437039011746	2027.0	1268.0	9.84087058181311	0.14818015618153474	2094.0	0.0	2337.982177734375	11075.0	0.525	731.0	-0.20040485829959515	-509.0	-0.18016194331983806	-104.0	-5.199571799969415	438.0	9.622762869943646	-617.0	-7.7754924879186404	201.0	
-0.4362454068873337	2032.0	1260.0	9.946887882695197	0.08614156864527155	2127.0	0.0	2357.513427734375	11715.0	0.525	731.0	-0.20040485829959515	-509.0	-0.18016194331983806	-104.0	14.467043890503136	261.0	8.701354904852861	-610.0	-5.06873296008144	-1085.0	
0.08270615098307166	1932.0	1298.0	9.461091288783358	1.2864344294541725	2083.0	0.0	2377.044677734375	12355.0	0.525	731.0	-0.20040485829959515	-509.0	-0.18016194331983806	-104.0	11.653157975225572	-200.0	5.021036073564694	-368.0	1.96827081800126	-901.0	
-0.6661761067379002	1824.0	1289.0	9.572865516686173	2.5823859107121274	2146.0	0.0	2396.575927734375	12995.0	0.515	727.0	-0.20040485829959515	-509.0	-0.18421052631578946	-102.0	-2.9209359229239946	-428.0	7.399264201227034	-487.0	5.490595373330362	52.0	
-0.3540316951851974	1926.0	1268.0	9.834925719575502	1.3618328962348387	2120.0	0.0	2416.107177734375	13635.0	0.515	727.0	-0.20040485829959515	-509.0	-0.18421052631578946	-102.0	-19.941887138706225	134.0	9.90428187023101	-600.0	-3.107954265845795	1165.0	
0.14979882828121055	1951.0	1236.0	10.217978066216295	1.0733274291252102	2078.0	0.0	2435.638427734375	14275.0	0.515	727.0	-0.20040485829959515	-509.0	-0.18421052631578946	-102.0	-16.31747973696284	-180.0	7.603985827863187	-463.0	1.6872106423817468	928.0	
-0.07553383292619589	1917.0	1229.0	10.303759564523268	1.4824282866961431	2097.0	0.0	2455.169677734375	14915.0	0.515	727.0	-0.20040485829959515	-509.0	-0.18421052631578946	-102.0	-2.4468573176326656	-186.0	2.618651116722963	-175.0	1.729424197219094	21.0	
-0.12559460738650083	1906.0	1249.0	10.059586880397537	1.6095743457509533	2101.0	0.0	2474.700927734375	15555.0	0.52	729.0	-0.18421052631578946	-501.0	-0.17813765182186236	-105.0	-1.0857929346994954	52.0	1.3087504962519165	-91.0	-1.9356619196193439	-68.0	
-0.057650520947195624	1960.0	1278.0	9.711138381470912	0.9526824069982595	2095.0	0.0	2494.232177734375	16195.0	0.52	729.0	-0.18421052631578946	-501.0	-0.17813765182186236	-105.0	-8.04404343171739	623.0	4.6585188246363565	-285.0	-10.663864405124821	387.0	
0.27478540527606854	1979.0	1285.0	9.621397670463997	0.7252962893897514	2067.0	0.0	2513.763427734375	16835.0	0.52	729.0	-0.18421052631578946	-501.0	-0.17813765182186236	-105.0	-4.5113931793852275	725.0	9.83922198281004	-630.0	-12.177194706671823	156.0	
0.07473837716737819	1960.0	1266.0	9.8547900976902	0.956879330303791	2084.0	0.0	2533.294677734375	17475.0	0.4975	720.0	-0.18016194331983806	-499.0	-0.23279352226720648	-78.0	7.187643370545956	701.0	13.458894080878364	-896.0	-11.772730377896144	-609.0	
-0.5467399949094952	1964.0	1287.0	9.611714794764763	0.8976102694401761	2136.0	0.0	2552.825927734375	18115.0	0.4975	720.0	-0.18016194331983806	-499.0	-0.23279352226720648	-78.0	3.119743079981649	680.0	14.233600235708726	-936.0	-11.442749159527215	-343.0	
-0.3698641084042045	2003.0	1301.0	9.44216058815098	0.42610842610066424	2121.0	0.0	2572.357177734375	18755.0	0.4975	720.0	-0.18016194331983806	-499.0	-0.23279352226720648	-78.0	-11.010857929346995	599.0	12.479233348289489	-786.0	-10.217389652093292	581.0	
-0.30975358571402195	1994.0	1296.0	9.50083190478828	0.5363166926000711	2116.0	0.0	2591.888427734375	19395.0	0.505	723.0	-0.18016194331983806	-499.0	-0.19433198380566802	-97.0	-18.611408472243465	150.0	11.022456938694761	-676.0	-3.342284253691156	1078.0	
0.06217444464817464	2018.0	1272.0	9.788873036246036	0.2566401690268242	2085.0	0.0	2611.419677734375	20035.0	0.505	723.0	-0.18016194331983806	-499.0	-0.19433198380566802	-97.0	-4.174950298210736	-230.0	5.0188850702287775	-327.0	2.428583817711648	134.0	
0.08073929140024186	1983.0	1217.0	10.454881520976567	0.6918327341769073	2084.0	0.0	2630.950927734375	20675.0	0.505	723.0	-0.18016194331983806	-499.0	-0.19433198380566802	-97.0	12.662486618749046	-812.0	-1.1886126567817814	27.0	11.296998329470236	-967.0	
0.15369127270044894	1944.0	1204.0	10.607222508140131	1.1654885918054698	2078.0	0.0	2650.482177734375	21315.0	0.505	723.0	-0.18016194331983806	-499.0	-0.19433198380566802	-97.0	10.84263648875975	-954.0	-5.8902525597856155	336.0	13.428898609893936	-848.0	
0.17624206359342845	1915.0	1214.0	10.481349216485704	1.5125942242427568	2076.0	0.0	2670.013427734375	21955.0	0.505	723.0	-0.1659919028340081	-492.0	-0.21052631578947367	-89.0	-1.0857929346994954	-738.0	-5.579971561747731	349.0	10.117592949719336	-68.0	
0.5904050321419532	1930.0	1234.0	10.230979404671514	1.3310055661256932	2041.0	0.0	2689.544677734375	22595.0	0.505	723.0	-0.1659919028340081	-492.0	-0.21052631578947367	-89.0	-11.439057959932713	-112.0	-2.962678125166385	212.0	0.5381191140989577	609.0	
0.6728562624692356	1920.0	1241.0	10.142769104066412	1.4505478001277072	2034.0	0.0	2709.075927734375	23235.0	0.505	723.0	-0.1659919028340081	-492.0	-0.21052631578947367	-89.0	-11.653157975225572	212.0	5.032042954939712	-304.0	-4.353546380332451	623.0	
0.5531300524536007	1944.0	1247.0	10.07491000726483	1.1588367295854953	2044.0	0.0	2728.607177734375	23875.0	0.5025000000000001	722.0	-0.15587044534412955	-487.0	-0.22469635627530365	-82.0	-5.887750420553602	524.0	12.739624361521232	-817.0	-9.063949467601608	246.0	
0.19363776622572795	1958.0	1267.0	9.839967098763271	0.9818682497580046	2074.0	0.0	2748.138427734375	24515.0	0.5025000000000001	722.0	-0.15587044534412955	-487.0	-0.22469635627530365	-82.0	-0.9940357852882705	550.0	16.300777954390462	-1061.0	-9.427294506784161	-74.0	
0.08444770945033317	1961.0	1284.0	9.635247135509507	0.9405373716119223	2083.0	0.0	2767.669677734375	25155.0	0.5025000000000001	722.0	-0.15587044534412955	-487.0	-0.22469635627530365	-82.0	1.3151858082275578	414.0	14.0650138231873	-923.0	-7.362802370591206	-225.0	
-0.17874415206569877	1962.0	1295.0	9.506537174382501	0.9232830610031375	2105.0	0.0	2787.200927734375	25795.0	0.5025000000000001	722.0	-0.15587044534412955	-487.0	-0.22469635627530365	-82.0	-2.5997858999847074	155.0	10.182873982780679	-663.0	-3.4274025015409215	31.0	
0.25108450255412984	1964.0	1284.0	9.632259779222512	0.9059994141039673	2069.0	0.0	2806.732177734375	26435.0	0.5025000000000001	722.0	-0.16396761133603238	-491.0	-0.25101214574898784	-69.0	-10.353265025233217	-80.0	8.14981958391587	-513.0	0.15822061412978322	538.0	
1.1369918245588608	1974.0	1242.0	10.127753884457498	0.804286441717871	1995.0	0.0	2826.263427734375	27075.0	0.5025000000000001	722.0	-0.16396761133603238	-491.0	-0.25101214574898784	-69.0	-9.833307845236275	-283.0	6.282953313112218	-395.0	3.2544821340211025	504.0	
1.113290921836922	1959.0	1241.0	10.138615993216014	0.9849895664320871	1997.0	0.0	2845.794677734375	27715.0	0.5025000000000001	722.0	-0.16396761133603238	-491.0	-0.25101214574898784	-69.0	-7.891114849365347	-288.0	5.773846311020648	-367.0	3.3261134822908116	377.0	
1.444844627631342	1954.0	1255.0	9.960653239324698	1.0449868122676267	1969.0	0.0	2865.325927734375	28355.0	0.5075000000000001	724.0	-0.16194331983805668	-490.0	-0.24696356275303644	-71.0	-9.756843554060255	-247.0	9.838362707028498	-626.0	2.737634816267769	499.0	
1.9171773161739525	1968.0	1286.0	9.574874474538095	0.8733198650621399	1929.0	0.0	2884.857177734375	28995.0	0.5075000000000001	724.0	-0.16194331983805668	-490.0	-0.24696356275303644	-71.0	-14.604679614619974	-47.0	14.738678746138458	-930.0	-0.2822587549661128	816.0	
3.1573435542838904	1971.0	1267.0	9.781974476008093	0.8537189491593863	1825.0	0.0	2904.388427734375	29635.0	0.5075000000000001	724.0	-0.16194331983805668	-490.0	-0.24696356275303644	-71.0	-11.3931793852271	-154.0	17.254677596631645	-1103.0	1.384760984958184	606.0	
2.9591214482163135	1949.0	1233.0	10.19785910734561	1.1251146616893162	1842.0	0.0	2923.919677734375	30275.0	0.5	721.0	-0.15789473684210525	-488.0	-0.2125506072874494	-88.0	15.996329714023553	-479.0	20.89274325737538	-1414.0	6.408098830456215	-1185.0	
2.246720806277366	1978.0	1219.0	10.386366342022335	0.7723632096020155	1902.0	0.0	2943.450927734375	30915.0	0.5	721.0	-0.15789473684210525	-488.0	-0.2125506072874494	-88.0	33.91955956568283	-429.0	24.98233899761758	-1726.0	5.681770604952392	-2357.0	
2.696282046010586	1939.0	1241.0	10.1043950772491	1.2410989147761722	1864.0	0.0	2962.982177734375	31555.0	0.5	721.0	-0.15789473684210525	-488.0	-0.2125506072874494	-88.0	26.39547331396238	-556.0	29.41657872835998	-1996.0	7.674862426841679	-1865.0	
2.518557660493922	1904.0	1234.0	10.189099382725546	1.6627025040184864	1879.0	0.0	2982.513427734375	32195.0	0.5	721.0	-0.15789473684210525	-488.0	-0.2125506072874494	-88.0	20.308915736351125	-593.0	32.038349972528486	-2151.0	8.268826034633985	-1467.0	
2.3809878815984487	1918.0	1191.0	10.717835778892503	1.5032268353576899	1891.0	0.0	3002.044677734375	32835.0	0.49	717.0	-0.17611336032388664	-497.0	-0.22672064777327935	-81.0	15.629301116378652	-309.0	36.26807462849548	-2411.0	3.9532899222861824	-1161.0	
2.954221970901763	1893.0	1175.0	10.898387566366752	1.8137750312773167	1843.0	0.0	3021.575927734375	33475.0	0.49	717.0	-0.17611336032388664	-497.0	-0.22672064777327935	-81.0	6.239486159963298	-245.0	40.94466747586411	-2690.0	3.018008896639875	-547.0	
3.3336121006878785	1874.0	1187.0	10.742162449740237	2.04336009289325	1811.0	0.0	3041.107177734375	34115.0	0.49	717.0	-0.17611336032388664	-497.0	-0.22672064777327935	-81.0	6.973543355253097	-257.0	46.74275636845854	-3069.0	3.260123589463318	-595.0	
2.4039031751651154	1888.0	1198.0	10.628412754606808	1.8631133109401727	1889.0	0.0	3060.638427734375	34755.0	0.46	705.0	-0.17206477732793524	-495.0	-0.2611336032388664	-64.0	8.716929194066372	91.0	57.73901031414917	-3785.0	-1.9697941841072424	-709.0	
2.26352482518076	1898.0	1178.0	10.876292041885536	1.7461851854750603	1901.0	0.0	3080.169677734375	35395.0	0.46	705.0	-0.17206477732793524	-495.0	-0.2611336032388664	-64.0	-0.41290717235051233	594.0	68.22494644975853	-4438.0	-9.583210102787977	-112.0	
2.902524679602136	1839.0	1208.0	10.490563198308857	2.455703980641717	1847.0	0.0	3099.700927734375	36035.0	0.46	705.0	-0.17206477732793524	-495.0	-0.2611336032388664	-64.0	-7.493500535250039	464.0	75.51718087242433	-4895.0	-7.515504883005081	351.0	
2.52701063498364	1874.0	1262.0	9.843920641221132	2.0173292420658253	1878.0	0.0	3119.232177734375	36675.0	0.46	705.0	-0.17206477732793524	-495.0	-0.2611336032388664	-64.0	-6.3465361676097265	727.0	79.69521218327056	-5167.0	-11.50932377198347	276.0	
2.0266391417249903	1887.0	1266.0	9.806771315356167	1.854956034591843	1920.0	0.0	3138.763427734375	37315.0	0.4375	696.0	-0.18421052631578946	-501.0	-0.27125506072874495	-59.0	-6.988836213488302	868.0	85.01811898386552	-5510.0	-13.61966689977313	318.0	
2.4403978645006656	1870.0	1289.0	9.515976926257062	2.0580970111460513	1885.0	0.0	3158.294677734375	37955.0	0.4375	696.0	-0.18421052631578946	-501.0	-0.27125506072874495	-59.0	-22.83223734515981	716.0	90.90405418793355	-5853.0	-11.228446031697466	1354.0	
2.378837761470102	1890.0	1306.0	9.312347575581597	1.8124449676805496	1890.0	0.0	3177.825927734375	38595.0	0.4375	696.0	-0.18421052631578946	-501.0	-0.27125506072874495	-59.0	-32.26793087628078	677.0	96.93556201937017	-6221.0	-10.569696090716228	1971.0	
2.1894063727999753	1916.0	1298.0	9.416827756187983	1.4993872453577837	1906.0	0.0	3197.357177734375	39235.0	0.41500000000000004	687.0	-0.2368421052631579	-527.0	-0.3259109311740891	-32.0	-32.91023092215936	530.0	100.44549938222302	-6449.0	-8.278957619343338	2013.0	
1.6645832934179239	1898.0	1307.0	9.315472198935241	1.7089793732984262	1950.0	0.0	3216.888427734375	39875.0	0.41500000000000004	687.0	-0.2368421052631579	-527.0	-0.3259109311740891	-32.0	-18.88667992047714	235.0	97.2246308917995	-6279.0	-3.784543625100725	1096.0	
1.0433306609693274	1887.0	1326.0	9.094970858837488	1.8308869406539128	2002.0	0.0	3236.419677734375	40515.0	0.41500000000000004	687.0	-0.2368421052631579	-527.0	-0.3259109311740891	-32.0	-4.205536014681145	177.0	95.75184442725956	-6222.0	-2.909291437574881	136.0	
1.2094834577354376	1893.0	1330.0	9.043583868781889	1.759231572193956	1988.0	0.0	3255.950927734375	41155.0	0.3925	678.0	-0.2773279352226721	-547.0	-0.3340080971659919	-28.0	-2.5080287505734824	96.0	98.08629473481297	-6379.0	-1.643043758191229	25.0	
0.9590942517000937	1933.0	1334.0	9.00466326524746	1.2740215572195406	2009.0	0.0	3275.482177734375	41795.0	0.3925	678.0	-0.2773279352226721	-547.0	-0.3340080971659919	-28.0	-0.21410001529285827	158.0	100.69568378120286	-6554.0	-2.5683078545310742	-125.0	
0.5370793899908595	1941.0	1281.0	9.660319951466894	1.186529000158162	2045.0	0.0	3295.013427734375	42435.0	0.3925	678.0	-0.2773279352226721	-547.0	-0.3340080971659919	-28.0	17.846765560483256	137.0	96.64786583928382	-6338.0	-2.286551877129642	-1306.0	
-0.07991749970114971	1921.0	1265.0	9.865392887027886	1.4254243453941484	2097.0	0.0	3314.544677734375	43075.0	0.3925	678.0	-0.2773279352226721	-547.0	-0.3340080971659919	-28.0	32.16088086863435	-406.0	93.37732542432187	-6168.0	6.0127973450825625	-2242.0	
-0.3904979189613384	1903.0	1274.0	9.759731913389974	1.6370727916083065	2123.0	0.0	3334.075927734375	43715.0	0.3675	668.0	-0.354251012145749	-585.0	-0.34210526315789475	-24.0	28.81174491512464	-580.0	90.93138274029089	-6002.0	8.658278074755986	-2023.0	
0.6004499630264779	1906.0	1249.0	10.044996302647787	1.6165429799000879	2040.0	0.0	3353.607177734375	44355.0	0.3675	668.0	-0.354251012145749	-585.0	-0.34210526315789475	-24.0	6.774736198195443	-673.0	88.9223130846764	-5815.0	10.065224358405457	-582.0	
1.307083094891576	1910.0	1213.0	10.470214251062362	1.583920899102693	1981.0	0.0	3373.138427734375	44995.0	0.3675	668.0	-0.354251012145749	-585.0	-0.34210526315789475	-24.0	-1.6210429729316411	-591.0	86.04074261936242	-5605.0	8.778160993786075	-33.0	
1.4144277559081075	1893.0	1211.0	10.49039463842981	1.7902172305686412	1972.0	0.0	3392.669677734375	45635.0	0.3675	668.0	-0.4473684210526316	-631.0	-0.32388663967611336	-33.0	7.218229087016364	-590.0	85.13365493071763	-5569.0	8.753745633241502	-611.0	
0.7704687088123858	1883.0	1221.0	10.3802042145719	1.902055759331369	2026.0	0.0	3412.200927734375	46275.0	0.3675	668.0	-0.4473684210526316	-631.0	-0.32388663967611336	-33.0	18.167915583422545	-499.0	87.75505409026212	-5767.0	7.383611611947582	-1327.0	
1.0328108669807061	1885.0	1217.0	10.423943840927747	1.8814575878980004	2004.0	0.0	3431.732177734375	46915.0	0.3675	668.0	-0.4473684210526316	-631.0	-0.32388663967611336	-33.0	13.51888667992048	-310.0	93.24557863554345	-6110.0	4.5384094460147875	-1023.0	
1.0477776561130911	1899.0	1192.0	10.730146563690074	1.7190566114493901	2003.0	0.0	3451.263427734375	47555.0	0.3675	668.0	-0.4473684210526316	-631.0	-0.32388663967611336	-33.0	10.643829331702095	-146.0	94.72385370814072	-6197.0	2.0366968768082754	-835.0	
0.6549837895172794	1886.0	1192.0	10.736474189823182	1.8718817313301905	2036.0	0.0	3470.794677734375	48195.0	0.3625	666.0	-0.5323886639676113	-673.0	-0.2550607287449393	-67.0	18.213794158128156	-23.0	94.40919579800462	-6195.0	0.146178807757551	-1330.0	
0.18981614055984236	1886.0	1200.0	10.648280722650904	1.8654661854971706	2075.0	0.0	3490.325927734375	48835.0	0.3625	666.0	-0.5323886639676113	-673.0	-0.2550607287449393	-67.0	24.759137482795538	84.0	94.19458662121936	-6197.0	-1.4978270354296663	-1758.0	
0.5452760149867281	1864.0	1213.0	10.479982451053752	2.130715059773352	2045.0	0.0	3509.857177734375	49475.0	0.3625	666.0	-0.5323886639676113	-673.0	-0.2550607287449393	-67.0	16.225722587551616	194.0	93.7991115012105	-6148.0	-3.1896749890234943	-1200.0	
0.5314484986562578	1885.0	1229.0	10.287707008482922	1.8737192275658596	2046.0	0.0	3529.388427734375	50115.0	0.375	671.0	-0.5991902834008097	-706.0	-0.1396761133603239	-124.0	6.83590763113626	309.0	94.13078809247568	-6144.0	-4.950973843795207	-586.0	
0.8061685928146667	1877.0	1221.0	10.378764043371431	1.9746731113738885	2023.0	0.0	3548.919677734375	50755.0	0.375	671.0	-0.5991902834008097	-706.0	-0.1396761133603239	-124.0	1.2540143752867412	517.0	94.73971118075984	-6167.0	-8.136537213802347	-221.0	
0.8248546390241873	1878.0	1263.0	9.866416283371112	1.952564823864893	2021.0	0.0	3568.450927734375	51395.0	0.375	671.0	-0.5991902834008097	-706.0	-0.1396761133603239	-124.0	1.2693072335219453	471.0	94.71666106007497	-6166.0	-7.430921466735448	-222.0	
0.42116252518712455	1889.0	1255.0	9.973395375855315	1.8181373640942788	2055.0	0.0	3587.982177734375	52035.0	0.3925	678.0	-0.6255060728744939	-719.0	-0.020242914979757085	-183.0	6.3465361676097265	648.0	92.81810961883433	-6054.0	-10.165880588635963	-554.0	
0.3970041215269411	1899.0	1258.0	9.938507390789347	1.696716092645514	2057.0	0.0	3607.513427734375	52675.0	0.3925	678.0	-0.6255060728744939	-719.0	-0.020242914979757085	-183.0	7.661721975837285	585.0	92.83274494269216	-6059.0	-9.199031764935517	-640.0	
0.6930728439203129	1876.0	1270.0	9.78347486822177	1.9736845631530362	2032.0	0.0	3627.044677734375	53315.0	0.3925	678.0	-0.6255060728744939	-719.0	-0.020242914979757085	-183.0	4.11377886526992	515.0	93.7944667961473	-6113.0	-8.11530069033222	-408.0	
0.22923889464827354	1870.0	1267.0	9.828651369589258	2.0422389103141714	2071.0	0.0	3646.575927734375	53955.0	0.3925	678.0	-0.6255060728744939	-719.0	-0.020242914979757085	-183.0	11.790793699342409	413.0	92.70273155873751	-6063.0	-6.561080709577579	-910.0	
-0.045222942800726126	1890.0	1273.0	9.763420005641672	1.797225809239043	2094.0	0.0	3666.107177734375	54595.0	0.43	693.0	-0.6153846153846154	-714.0	0.09109311740890688	-238.0	15.201101085792937	561.0	91.82000492751729	-6013.0	-8.840891557292265	-1133.0	
0.18114300961083046	1871.0	1271.0	9.78096762774971	2.0287560838559218	2075.0	0.0	3685.638427734375	55235.0	0.43	693.0	-0.6153846153846154	-714.0	0.09109311740890688	-238.0	9.466279247591375	623.0	90.69000423023708	-5924.0	-9.803549551068812	-758.0	
-0.13110429926364905	1886.0	1294.0	9.508617692682716	1.839463720499572	2101.0	0.0	3705.169677734375	55875.0	0.43	693.0	-0.6153846153846154	-714.0	0.09109311740890688	-238.0	5.10781465055819	532.0	89.74295211949592	-5852.0	-8.416672059286858	-473.0	
0.07210496358056678	1899.0	1287.0	9.59144873900906	1.6865259280304445	2084.0	0.0	3724.700927734375	56515.0	0.465	707.0	-0.5951417004048583	-704.0	0.13562753036437247	-260.0	-1.9574858541061326	581.0	88.81797777221153	-5773.0	-9.177801502007824	-11.0	
0.6060061855081087	1900.0	1301.0	9.410142360334689	1.6761906199051484	2039.0	0.0	3744.232177734375	57155.0	0.465	707.0	-0.5951417004048583	-704.0	0.13562753036437247	-260.0	-9.925064994647501	453.0	89.11701009551847	-5773.0	-7.210717270534767	510.0	
0.41726526342253323	1892.0	1287.0	9.583669199396182	1.7741592896341971	2055.0	0.0	3763.763427734375	57795.0	0.465	707.0	-0.5951417004048583	-704.0	0.13562753036437247	-260.0	11.224957944639854	228.0	84.05301879218447	-5501.0	-3.8088483604900008	-873.0	
0.1799673423522551	1907.0	1281.0	9.663400901892176	1.592658052907149	2075.0	0.0	3783.294677734375	58435.0	0.465	707.0	-0.5951417004048583	-704.0	0.13562753036437247	-260.0	7.447621960544426	172.0	83.56489592870982	-5460.0	-2.9544385042697536	-626.0	
0.08597342734653703	1912.0	1271.0	9.787818925129892	1.5339655103664247	2083.0	0.0	3802.825927734375	59075.0	0.4975	720.0	-0.5506072874493927	-682.0	0.2813765182186235	-332.0	0.6728857623489831	141.0	85.09232025282374	-5542.0	-2.463485267626742	-183.0	
0.3711318591352756	1903.0	1275.0	9.732233532575174	1.6441391217729766	2059.0	0.0	3822.357177734375	59715.0	0.4975	720.0	-0.5506072874493927	-682.0	0.2813765182186235	-332.0	-0.3976143141153082	44.0	84.55116701332076	-5505.0	-0.980481885183656	-113.0	
0.47751093614911155	1894.0	1281.0	9.655855519673063	1.7521090872248317	2050.0	0.0	3841.888427734375	60355.0	0.4975	720.0	-0.5506072874493927	-682.0	0.2813765182186235	-332.0	1.0857929346994954	112.0	83.45638152663886	-5437.0	-2.034854628802969	-210.0	
0.4676688625024373	1884.0	1264.0	9.862124345481822	1.8766179707153836	2051.0	0.0	3861.419677734375	60995.0	0.525	731.0	-0.46963562753036436	-642.0	0.354251012145749	-368.0	3.792628842330632	188.0	82.92911965532689	-5409.0	-3.206308005533581	-387.0	
0.23907494661325665	1875.0	1284.0	9.62178037561138	1.977958887098842	2070.0	0.0	3880.950927734375	61635.0	0.525	731.0	-0.46963562753036436	-642.0	0.354251012145749	-368.0	0.1988071570576541	378.0	84.37860875021606	-5492.0	-6.107265009628422	-152.0	
0.0497510082437464	1889.0	1275.0	9.737005586279402	1.809695453133327	2086.0	0.0	3900.482177734375	62275.0	0.525	731.0	-0.46963562753036436	-642.0	0.354251012145749	-368.0	-8.59458632818474	381.0	86.00736860558729	-5575.0	-6.137010862049085	423.0	
0.4309019658785355	1915.0	1273.0	9.756863254520214	1.500651104026298	2054.0	0.0	3920.013427734375	62915.0	0.5650000000000001	747.0	-0.4008097165991903	-608.0	0.4068825910931174	-394.0	-7.187643370545956	129.0	83.98984343038241	-5450.0	-2.2903762319536565	331.0	
0.3599524727941889	1896.0	1269.0	9.804771088942699	1.7298154284345066	2060.0	0.0	3939.544677734375	63555.0	0.5650000000000001	747.0	-0.4008097165991903	-608.0	0.4068825910931174	-394.0	2.202171585869399	-30.0	80.59065448947001	-5255.0	0.1154047802790793	-283.0	
0.34708572312106134	1905.0	1277.0	9.708572312106137	1.619329050461285	2061.0	0.0	3959.075927734375	64195.0	0.5650000000000001	747.0	-0.4008097165991903	-608.0	0.4068825910931174	-394.0	-2.4009787429270535	38.0	79.73930696209662	-5187.0	-0.9365335837471481	18.0	
0.8593969208129666	1923.0	1273.0	9.749215890820459	1.4083975641329727	2018.0	0.0	3978.607177734375	64835.0	0.5650000000000001	747.0	-0.4008097165991903	-608.0	0.4068825910931174	-394.0	-1.4834072488148036	-51.0	80.5964144853265	-5246.0	0.4376965370582672	-42.0	
0.671881043775834	1920.0	1249.0	10.045247234726261	1.4485876105539703	2034.0	0.0	3998.138427734375	65475.0	0.59	757.0	-0.33805668016194335	-577.0	0.4331983805668016	-407.0	4.3278788805627775	-157.0	81.36284967035122	-5312.0	2.0718761566697546	-422.0	
0.4097971423169229	1930.0	1251.0	10.027333279311337	1.3251265647202393	2056.0	0.0	4017.669677734375	579.0	0.59	757.0	-0.33805668016194335	-577.0	0.4331983805668016	-407.0	-3.0738645052760365	-224.0	82.66373693940287	-5378.0	3.11296543445464	62.0	
0.864036435624653	1929.0	1235.0	10.213167371989117	1.3454338322779567	2018.0	0.0	4037.200927734375	1219.0	0.59	757.0	-0.33805668016194335	-577.0	0.4331983805668016	-407.0	-10.674415048172504	-309.0	82.46250430895918	-5346.0	4.41523421909082	559.0	
0.9355701493292725	1927.0	1234.0	10.223681599593931	1.3704558395092679	2012.0	0.0	4056.732177734375	1859.0	0.61	765.0	-0.26720647773279355	-542.0	0.4736842105263158	-427.0	-9.068664933476068	-249.0	82.02296872600482	-5321.0	3.490169843773782	454.0	
1.2566855174933633	1923.0	1236.0	10.19236127314584	1.4212333577462841	1985.0	0.0	4076.263427734375	2499.0	0.61	765.0	-0.26720647773279355	-542.0	0.4736842105263158	-427.0	-2.2327573023398077	-208.0	82.15574885205106	-5347.0	2.8623738150511233	7.0	
0.9212152805529399	1915.0	1254.0	9.978670912436847	1.5099903903313747	2013.0	0.0	4095.794677734375	3139.0	0.61	765.0	-0.26720647773279355	-542.0	0.4736842105263158	-427.0	1.2081358005811287	-114.0	83.98589953587242	-5474.0	1.4382938580255957	-218.0	
0.7755782693828159	1911.0	1277.0	9.700684081138734	1.5511670546780485	2025.0	0.0	4115.325927734375	3779.0	0.61	765.0	-0.26720647773279355	-542.0	0.4736842105263158	-427.0	-1.0246215017586788	-103.0	85.32272619816993	-5555.0	1.2828728044091966	-72.0	
0.19212074305040505	1913.0	1279.0	9.688264781230979	1.5209877078744007	2074.0	0.0	4134.857177734375	4419.0	0.635	775.0	-0.18016194331983806	-499.0	0.5465587044534413	-463.0	-5.643064688790336	-133.0	88.14832482887404	-5727.0	1.771463300459985	230.0	
0.050663337081046304	1938.0	1268.0	9.828238470009392	1.221167788313167	2086.0	0.0	4154.388427734375	5059.0	0.635	775.0	-0.18016194331983806	-499.0	0.5465587044534413	-463.0	-15.369322526380182	-331.0	88.86071355021251	-5750.0	4.816794951982101	866.0	
0.002781148308497683	1914.0	1270.0	9.801924354659292	1.5093193106244636	2090.0	0.0	4173.919677734375	5699.0	0.635	775.0	-0.18016194331983806	-499.0	0.5465587044534413	-463.0	-20.87475149105368	-587.0	87.07289975476147	-5622.0	8.727104630507567	1226.0	
0.5630289942746853	1900.0	1263.0	9.87432799889711	1.6850445607640625	2043.0	0.0	4193.450927734375	6339.0	0.65	781.0	-0.08097165991902834	-450.0	0.5607287449392713	-470.0	-19.360758525768468	-758.0	83.69463753397234	-5408.0	11.317228713839034	1127.0	
0.38642942952387743	1888.0	1247.0	10.07151438095917	1.8318006060108076	2058.0	0.0	4212.982177734375	6979.0	0.65	781.0	-0.08097165991902834	-450.0	0.5607287449392713	-470.0	-12.448386603456187	-696.0	82.32027175382123	-5336.0	10.352127069233779	675.0	
0.2802023632551725	1922.0	1240.0	10.163093468374393	1.4229313628795577	2067.0	0.0	4232.513427734375	7619.0	0.65	781.0	-0.08097165991902834	-450.0	0.5607287449392713	-470.0	-6.545343324667381	-625.0	84.24836664044847	-5476.0	9.281949678373183	289.0	
-0.050785186964048226	1891.0	1221.0	10.397671779785652	1.797807029509205	2095.0	0.0	4252.044677734375	8259.0	0.655	783.0	0.004048582995951417	-408.0	0.5991902834008097	-489.0	1.2234286588163328	-675.0	84.52982308014276	-5515.0	10.051988425676372	-219.0	
-0.9455172121502136	1906.0	1238.0	10.210183546883407	1.6043870530330333	2170.0	0.0	4271.575927734375	8899.0	0.655	783.0	0.004048582995951417	-408.0	0.5991902834008097	-489.0	-8.701636335831168	-370.0	83.65084084921737	-5429.0	5.36313108763902	430.0	
-0.39871311045939695	1928.0	1244.0	10.128688954060307	1.3431649612296241	2124.0	0.0	4291.107177734375	9539.0	0.655	783.0	0.004048582995951417	-408.0	0.5991902834008097	-489.0	-29.48463067747362	-310.0	82.12265380352532	-5275.0	4.427180197694606	1789.0	
0.09667483903162882	1927.0	1281.0	9.667483903162884	1.3509429324776703	2082.0	0.0	4310.638427734375	10179.0	0.655	783.0	0.004048582995951417	-408.0	0.5991902834008097	-489.0	-31.579752255696594	-409.0	79.82263130182568	-5121.0	5.923283854831975	1926.0	
0.0037732277106345136	1928.0	1262.0	9.901132294872975	1.3426386914275776	2090.0	0.0	4330.169677734375	10819.0	0.655	783.0	0.10323886639676114	-359.0	0.597165991902834	-488.0	-12.723658051689862	-639.0	78.20261578302511	-5067.0	9.436314941012698	693.0	
-0.40949547704566386	1947.0	1235.0	10.240928485909802	1.116386265550149	2125.0	0.0	4349.700927734375	11459.0	0.655	783.0	0.10323886639676114	-359.0	0.597165991902834	-488.0	8.533414895243922	-706.0	72.15883856464544	-4730.0	10.40395757392327	-697.0	
-0.6823157159434757	1913.0	1227.0	10.339856977081002	1.5252751872014623	2148.0	0.0	4369.232177734375	12099.0	0.655	783.0	0.10323886639676114	-359.0	0.597165991902834	-488.0	18.167915583422545	-870.0	65.56528888720236	-4328.0	12.854517397081324	-1327.0	
-0.8826935253083827	1923.0	1211.0	10.540171278685536	1.4067957674290605	2165.0	0.0	4388.763427734375	12739.0	0.6525	782.0	0.1417004048582996	-340.0	0.5809716599190283	-480.0	12.218993729928124	-624.0	60.42695541704313	-3976.0	9.028391082481004	-938.0	
-0.5840058413642584	1949.0	1202.0	10.647034911193215	1.0986669048704627	2140.0	0.0	4408.294677734375	13379.0	0.6525	782.0	0.1417004048582996	-340.0	0.5809716599190283	-480.0	3.8690931335066527	-554.0	58.9567342331742	-3858.0	7.939575014573572	-392.0	
-0.4787335200712049	1932.0	1217.0	10.459981326212842	1.3007978334922192	2131.0	0.0	4427.825927734375	14019.0	0.6525	782.0	0.1417004048582996	-340.0	0.5809716599190283	-480.0	6.3924147423153395	-552.0	56.5951538304716	-3711.0	7.885270243230297	-557.0	
-0.9097811980577852	1930.0	1238.0	10.212356384697646	1.3156312434242183	2167.0	0.0	4447.357177734375	14659.0	0.6525	782.0	0.1417004048582996	-340.0	0.5809716599190283	-480.0	7.095886221134731	-342.0	54.461319175481	-3572.0	4.64159032847416	-603.0	
-0.5405446537931489	1946.0	1236.0	10.231248906399399	1.1269303749635504	2136.0	0.0	4466.888427734375	15299.0	0.6525	782.0	0.1902834008097166	-316.0	0.5728744939271255	-476.0	-2.936228781159199	-159.0	51.906783350600946	-3378.0	1.8080044607885017	53.0	
-0.30140133696400756	1945.0	1227.0	10.33605677978972	1.1434661583707326	2116.0	0.0	4486.419677734375	15939.0	0.6525	782.0	0.1902834008097166	-316.0	0.5728744939271255	-476.0	2.8138859152775657	-279.0	48.56686734811179	-3177.0	3.6159433397385987	-323.0	
-0.8994226109922927	1964.0	1251.0	10.057738900770728	0.9030039253994675	2166.0	0.0	4505.950927734375	16579.0	0.6525	782.0	0.1902834008097166	-316.0	0.5728744939271255	-476.0	12.142529438752105	-244.0	46.168875122883804	-3045.0	3.0549064894519473	-933.0	
-1.1980850038733142	1959.0	1260.0	9.953404374573347	0.9581715748021313	2191.0	0.0	4525.482177734375	17219.0	0.66	785.0	0.24898785425101214	-287.0	0.5465587044534413	-463.0	6.530050466432177	-210.0	43.322426274147844	-2845.0	2.5047295565883405	-566.0	
-0.6980563352342636	1965.0	1259.0	9.956271238478406	0.890940042140117	2149.0	0.0	4545.013427734375	17859.0	0.66	785.0	0.24898785425101214	-287.0	0.5465587044534413	-463.0	2.7221287658663407	-120.0	38.981988298017825	-2552.0	1.080321647595799	-317.0	
-0.5661442074393465	1974.0	1251.0	10.05224592273203	0.7857449221633797	2138.0	0.0	4564.544677734375	18499.0	0.66	785.0	0.24898785425101214	-287.0	0.5465587044534413	-463.0	10.03211500229393	-145.0	35.24050312597112	-2328.0	1.4265188873284547	-795.0	
-0.804074522583427	1970.0	1250.0	10.06873821784778	0.8318882359985912	2158.0	0.0	4584.075927734375	19139.0	0.665	787.0	0.26720647773279355	-278.0	0.5182186234817814	-449.0	14.40587245756232	-285.0	32.13713584814206	-2139.0	3.5437129266876504	-1081.0	
-0.7449042928328371	1990.0	1253.0	10.033380240525815	0.5908089233279711	2153.0	0.0	4603.607177734375	19779.0	0.665	787.0	0.26720647773279355	-278.0	0.5182186234817814	-449.0	8.533414895243922	-191.0	28.956534524098345	-1916.0	2.0695254495834723	-697.0	
-0.10172122020168103	1963.0	1249.0	10.065973217927136	0.923193818421586	2099.0	0.0	4623.138427734375	20419.0	0.665	787.0	0.26720647773279355	-278.0	0.5182186234817814	-449.0	5.367793240556661	-314.0	25.81894491965674	-1705.0	3.92552104348842	-490.0	
-0.10123481519131852	1962.0	1245.0	10.114613718963387	0.936219685263499	2099.0	0.0	4642.669677734375	21059.0	0.665	787.0	0.26720647773279355	-278.0	0.5182186234817814	-449.0	12.035479431105674	-240.0	23.318034143840475	-1559.0	2.7650201450290144	-926.0	
-0.11347037512698181	1989.0	1248.0	10.081533915873246	0.6101345287830626	2100.0	0.0	4662.200927734375	21699.0	0.6675	788.0	0.2732793522267207	-275.0	0.5121457489878543	-446.0	11.882550848753633	-155.0	23.583283555459396	-1575.0	1.4633915282045864	-916.0	
-0.16023015180635083	1986.0	1241.0	10.167461009841112	0.6475300512088792	2104.0	0.0	4681.732177734375	22339.0	0.6675	788.0	0.2732793522267207	-275.0	0.5121457489878543	-446.0	12.081358005811287	-206.0	22.967659438416455	-1536.0	2.239803953598527	-929.0	
-0.3271131582561743	1981.0	1243.0	10.145827031525423	0.7056695054334889	2118.0	0.0	4701.263427734375	22979.0	0.6675	788.0	0.2732793522267207	-275.0	0.5121457489878543	-446.0	8.518122037008718	-188.0	22.051667310389522	-1467.0	1.9544433264720094	-696.0	
0.11339763866733434	1982.0	1242.0	10.149287676257243	0.698095633526276	2081.0	0.0	4720.794677734375	23619.0	0.665	787.0	0.2813765182186235	-271.0	0.5364372469635628	-458.0	1.7586786970484785	-184.0	20.738418513080934	-1364.0	1.879932903866424	-254.0	
0.07889509997771696	1970.0	1232.0	10.270462378724076	0.8447524154417285	2084.0	0.0	4740.325927734375	24259.0	0.665	787.0	0.2813765182186235	-271.0	0.5364372469635628	-458.0	7.952286282306164	-220.0	17.362891224670793	-1161.0	2.3985790426748195	-659.0	
-0.19570068317134026	1980.0	1239.0	10.191836444770736	0.7199520112203277	2107.0	0.0	4759.857177734375	24899.0	0.665	787.0	0.2813765182186235	-271.0	0.5364372469635628	-458.0	9.236886374063314	-121.0	16.37309780830689	-1099.0	0.8695772263568147	-743.0	
-0.005998994428422055	1976.0	1245.0	10.114386271443507	0.7684927957255497	2091.0	0.0	4779.388427734375	25539.0	0.665	787.0	0.2813765182186235	-271.0	0.5364372469635628	-458.0	1.6516286894020493	-111.0	17.27785979436724	-1138.0	0.725180009636169	-247.0	
0.1621078527335063	1985.0	1233.0	10.25840432096968	0.6646204902479335	2077.0	0.0	4798.919677734375	26179.0	0.6725	790.0	0.2894736842105263	-267.0	0.5323886639676113	-456.0	0.04587857470561248	-38.0	16.49196392406449	-1082.0	-0.40282625610997663	-142.0	
0.01890527528787138	1978.0	1236.0	10.223860862120473	0.7468349446940833	2089.0	0.0	4818.450927734375	26819.0	0.6725	790.0	0.2894736842105263	-267.0	0.5323886639676113	-456.0	5.031350359382169	-77.0	15.240692906986954	-1014.0	0.18309589638611934	-468.0	
-0.1968956198113274	2000.0	1249.0	10.072342780772022	0.4765863331522669	2107.0	0.0	4837.982177734375	27459.0	0.6725	790.0	0.2894736842105263	-267.0	0.5323886639676113	-456.0	4.4196360299740025	38.0	14.129250114290373	-939.0	-1.5926341522252105	-428.0	
0.25661948549438107	2005.0	1239.0	10.18575807324763	0.42314882619941446	2069.0	0.0	4857.513427734375	28099.0	0.665	787.0	0.31376518218623484	-255.0	0.5263157894736842	-453.0	0.7034714788193914	58.0	13.496534171538324	-888.0	-1.9058509848152292	-185.0	
0.0780863440655054	2007.0	1239.0	10.189586787502922	0.3973436835280629	2084.0	0.0	4877.044677734375	28739.0	0.665	787.0	0.31376518218623484	-255.0	0.5263157894736842	-453.0	5.337207524086252	50.0	11.69500119143038	-783.0	-1.8011104453513094	-488.0	
-0.13687689104936415	2016.0	1245.0	10.121834704587394	0.2854052745788446	2102.0	0.0	4896.575927734375	29379.0	0.665	787.0	0.31376518218623484	-255.0	0.5263157894736842	-453.0	7.906407707600551	51.0	10.854122770298728	-735.0	-1.8248637132207508	-656.0	
-0.017609386308312366	2016.0	1243.0	10.143823273930668	0.28703772101312064	2092.0	0.0	4916.107177734375	30019.0	0.6825	794.0	0.3117408906882591	-256.0	0.52834008097166	-454.0	6.927664780547485	107.0	10.009779397249062	-677.0	-2.692598231806242	-592.0	
-0.07906324337459844	2023.0	1259.0	9.950818519683015	0.1982257379599143	2097.0	0.0	4935.638427734375	30659.0	0.6825	794.0	0.3117408906882591	-256.0	0.52834008097166	-454.0	6.545343324667381	141.0	8.538358380205398	-580.0	-3.2290248863529256	-567.0	
-0.2951368472192653	2021.0	1274.0	9.772029563787758	0.21658560834573118	2115.0	0.0	4955.169677734375	31299.0	0.6825	794.0	0.3117408906882591	-256.0	0.52834008097166	-454.0	8.869857776418414	146.0	7.600215151977803	-525.0	-3.315128736925826	-719.0	
-0.0800468924223676	2016.0	1267.0	9.852453614906098	0.2805859527714887	2097.0	0.0	4974.700927734375	31939.0	0.6825	794.0	0.3117408906882591	-256.0	0.52834008097166	-454.0	7.784064841718918	76.0	6.633156259183224	-460.0	-2.2506854697850285	-648.0	
-0.2834963469309191	2006.0	1276.0	9.745603402146187	0.3968963816820483	2114.0	0.0	4994.232177734375	32579.0	0.6725	790.0	0.32186234817813764	-251.0	0.5323886639676113	-456.0	10.76617219758373	-42.0	4.311718276390575	-318.0	-0.46325077795421615	-843.0	
-0.3080228662738046	2014.0	1282.0	9.673903848810015	0.29883158325322134	2116.0	0.0	5013.763427734375	33219.0	0.6725	790.0	0.32186234817813764	-251.0	0.5323886639676113	-456.0	8.655757761125555	-18.0	2.6771691097473775	-206.0	-0.847863877415646	-705.0	
0.037148272595206006	2016.0	1282.0	9.667208211901553	0.2780529963615735	2087.0	0.0	5033.294677734375	33859.0	0.6725	790.0	0.32186234817813764	-251.0	0.5323886639676113	-456.0	4.832543202324515	-41.0	2.7188885467208443	-199.0	-0.4945235589090383	-455.0	
-0.020788481752573154	2008.0	1269.0	9.82591372950459	0.3770332813388311	2092.0	0.0	5052.825927734375	34499.0	0.675	791.0	0.31376518218623484	-255.0	0.5222672064777328	-451.0	9.48157210582658	-122.0	1.0439699577370312	-103.0	0.7316304315092409	-759.0	
-0.3658365139485703	2007.0	1268.0	9.844920033714395	0.3860111198721516	2121.0	0.0	5072.357177734375	35139.0	0.675	791.0	0.31376518218623484	-255.0	0.5222672064777328	-451.0	13.67181526227252	-187.0	-0.30252994815180734	-27.0	1.7155568702284714	-1033.0	
-0.03209338343934971	1998.0	1264.0	9.885899751303123	0.4986018804687774	2093.0	0.0	5091.888427734375	35779.0	0.675	791.0	0.31376518218623484	-255.0	0.5222672064777328	-451.0	5.91833613702401	-171.0	0.3176472942149355	-47.0	1.4762469041221402	-526.0	
0.2661984850862932	1999.0	1258.0	9.953181841962655	0.4908822481961401	2068.0	0.0	5111.419677734375	36419.0	0.675	791.0	0.31376518218623484	-255.0	0.5222672064777328	-451.0	0.749350053525004	-215.0	0.4714930335170297	-44.0	2.1529426424726577	-188.0	
0.06544894702966941	2004.0	1245.0	10.116323274395514	0.4318966176088094	2085.0	0.0	5130.950927734375	37059.0	0.6900000000000001	797.0	0.3097165991902834	-257.0	0.5121457489878543	-446.0	5.367793240556661	-162.0	1.0177989493679713	-91.0	1.3451480677505463	-490.0	
-0.07726842974194124	1995.0	1244.0	10.130299882948735	0.5391827109519167	2097.0	0.0	5150.482177734375	37699.0	0.6900000000000001	797.0	0.3097165991902834	-257.0	0.5121457489878543	-446.0	5.887750420553602	-176.0	1.7792709803769902	-142.0	1.5675855592743853	-524.0	
