Device	Device	Device	Device	Device	Device	Device	Device	Device	Device	Device	Device	Device	Device	Device	Device	Device	Device	Device	Device	Device	
Low Noise Accelerometer X	Low Noise Accelerometer X	Low Noise Accelerometer Z	Low Noise Accelerometer Z	Low Noise Accelerometer Y	Low Noise Accelerometer Y	Event_Marker	Timestamp	Timestamp	Magnetometer Z	Magnetometer Z	Magnetometer X	Magnetometer X	Magnetometer Y	Magnetometer Y	Gyroscope Y	Gyroscope Y	Gyroscope Z	Gyroscope Z	Gyroscope X	Gyroscope X	
CAL	UNCAL	CAL	UNCAL	CAL	UNCAL	CAL	CAL	UNCAL	CAL	UNCAL	CAL	UNCAL	CAL	UNCAL	CAL	UNCAL	UNCAL	CAL	CAL	UNCAL	
m/(s^2)	no units	m/(s^2)	no units	m/(s^2)	no units	no units	ms	no units	local_flux	no units	local_flux	no units	local_flux	no units	deg/s	no units	no units	deg/s	deg/s	no units	
-6.206194198876765	1522.0	4.380580112323533	1721.0	6.061694238570956	2607.0	0.0	286.956787109375	9403.0	0.7725	830.0	-0.5688259109311741	-691.0	0.0728744939271255	-229.0	0.42820003058571654	-50.0	1.0	-0.18247837020453347	-0.385436875155168	-167.0	
-6.230368258909345	1519.0	4.3441264900178576	1724.0	6.096868003837769	2609.0	0.0	306.488037109375	10043.0	0.7725	830.0	-0.5688259109311741	-691.0	0.0728744939271255	-229.0	-0.09175714941122497	-96.0	56.0	-1.0146790140862878	0.31208736667976017	-133.0	
-6.253818130939904	1510.0	4.380091667914353	1721.0	6.205786543615153	2611.0	0.0	326.019287109375	10683.0	0.7825	834.0	-0.5566801619433198	-685.0	0.0931174089068826	-239.0	-0.3211500229392874	-66.0	109.0	-1.8160790049423507	-0.15626114297254767	-118.0	
-6.218109816583255	1511.0	4.379494532150648	1721.0	6.194083491272361	2608.0	0.0	345.550537109375	11323.0	0.7825	834.0	-0.5566801619433198	-685.0	0.0931174089068826	-239.0	-0.16822144058724578	38.0	187.0	-3.0059343127145874	-1.7639859964952602	-128.0	
-6.347931539609621	1517.0	4.4925603247521995	1712.0	6.122757433267623	2619.0	0.0	365.081787109375	11963.0	0.7825	834.0	-0.5566801619433198	-685.0	0.0931174089068826	-239.0	-0.6728857623489831	102.0	236.0	-3.7295851005786926	-2.7532694584938953	-95.0	
-6.324000079914053	1521.0	4.5047539133566605	1711.0	6.075047848552329	2617.0	0.0	384.613037109375	12603.0	0.785	835.0	-0.5445344129554656	-679.0	0.10323886639676114	-244.0	-0.9787429270530663	74.0	241.0	-3.798551617187078	-2.3243135812324818	-75.0	
-6.347329253944275	1511.0	4.552788891286851	1707.0	6.1962571840814755	2619.0	0.0	404.144287109375	13243.0	0.785	835.0	-0.5445344129554656	-679.0	0.10323886639676114	-244.0	-0.5199571799969415	-36.0	272.0	-4.310580491634211	-0.6415406675832135	-105.0	
-6.4191115896675965	1509.0	4.517412461811705	1710.0	6.218928217676907	2625.0	0.0	423.675537109375	13883.0	0.785	835.0	-0.5445344129554656	-679.0	0.10323886639676114	-244.0	0.1529285823520416	5.0	314.0	-4.977192475790976	-1.2773306174079022	-149.0	
-6.5138441447113955	1508.0	4.567966481241366	1706.0	6.231040165286147	2633.0	0.0	443.206787109375	14523.0	0.785	835.0	-0.5445344129554656	-679.0	0.10323886639676114	-244.0	-0.565835754702554	-67.0	351.0	-5.528578000727266	-0.1780416492722719	-102.0	
-6.632745942442422	1508.0	4.582548612900648	1705.0	6.230142789942023	2643.0	0.0	462.738037109375	15163.0	0.78	833.0	-0.5526315789473685	-683.0	0.08097165991902834	-233.0	-1.91160727940052	-83.0	364.0	-5.677156634763474	0.0659843029173645	-14.0	
-6.679615578095084	1515.0	4.657489809539231	1699.0	6.146835568120677	2647.0	0.0	482.269287109375	15803.0	0.78	833.0	-0.5526315789473685	-683.0	0.08097165991902834	-233.0	-3.3032573788040986	-76.0	329.0	-5.082097311896005	-0.03547648946083515	77.0	
-6.584273511367909	1516.0	4.6678869584471645	1698.0	6.135948738995023	2639.0	0.0	501.800537109375	16443.0	0.78	833.0	-0.5526315789473685	-683.0	0.08097165991902834	-233.0	-0.04587857470561248	-122.0	287.0	-4.573447338378982	0.6754562585480808	-136.0	
-6.763653947471821	1523.0	4.586986205198942	1705.0	6.0481995701714295	2654.0	0.0	521.331787109375	17083.0	0.7775	832.0	-0.5404858299595142	-677.0	0.10121457489878542	-243.0	2.4315644593974617	-145.0	258.0	-4.230023415717918	1.0318136219115643	-298.0	
-6.764384157155534	1524.0	4.513965236827652	1711.0	6.034683655936082	2654.0	0.0	540.863037109375	17723.0	0.7775	832.0	-0.5404858299595142	-677.0	0.10121457489878542	-243.0	2.5692001835142992	-283.0	148.0	-2.56482337480833	3.1660043671418974	-307.0	
-6.823415623860712	1518.0	4.563199518690666	1707.0	6.107367183532797	2659.0	0.0	560.394287109375	18363.0	0.7775	832.0	-0.5404858299595142	-677.0	0.10121457489878542	-243.0	2.0645358617525615	-316.0	86.0	-1.596097923233408	3.6820595823757682	-274.0	
-6.657391955449306	1518.0	4.4988996931646055	1712.0	6.107741423706389	2645.0	0.0	579.925537109375	19003.0	0.7775	832.0	-0.5404858299595142	-677.0	0.10121457489878542	-243.0	3.3338430952745073	-241.0	20.0	-0.6202310101260637	2.5409819771474735	-357.0	
-6.693457546461613	1524.0	4.463769163362519	1715.0	6.034389000573718	2648.0	0.0	599.456787109375	19643.0	0.775	831.0	-0.5526315789473685	-683.0	0.09919028340080972	-242.0	5.520721822908702	-172.0	0.0	-0.38949656125647314	1.484519949225551	-500.0	
-6.74204585819111	1521.0	4.366842752317603	1723.0	6.068109167548778	2652.0	0.0	618.988037109375	20283.0	0.775	831.0	-0.5526315789473685	-683.0	0.09919028340080972	-242.0	3.82321455880104	-269.0	-49.0	0.41716910894699266	2.9810015207657012	-389.0	
-6.611242894789651	1520.0	4.3519009972253215	1724.0	6.0811665548520315	2641.0	0.0	638.519287109375	20923.0	0.775	831.0	-0.5526315789473685	-683.0	0.09919028340080972	-242.0	2.355100168221441	-225.0	-60.0	0.6518265293703658	2.3081908140124394	-293.0	
-6.575158034395934	1530.0	4.388958465168586	1721.0	5.961786625103991	2638.0	0.0	658.050537109375	21563.0	0.77	829.0	-0.5688259109311741	-691.0	0.04048582995951417	-213.0	2.2327573023398077	-129.0	-63.0	0.7175911185128776	0.8357780287238737	-285.0	
-6.587189532757408	1524.0	4.376284819497301	1722.0	6.033701993833456	2639.0	0.0	677.581787109375	22203.0	0.77	829.0	-0.5688259109311741	-691.0	0.04048582995951417	-213.0	2.2174644441046034	-230.0	-65.0	0.73346781444756	2.3857296451538357	-284.0	
-6.599458814110542	1523.0	4.339832874660098	1725.0	6.044898454894265	2640.0	0.0	697.113037109375	22843.0	0.77	829.0	-0.5688259109311741	-691.0	0.04048582995951417	-213.0	1.881021562930112	-116.0	-65.0	0.7644151463316137	0.6367679814464373	-262.0	
-6.599453996765189	1527.0	4.340314609195392	1725.0	5.9967153666740876	2640.0	0.0	716.644287109375	23483.0	0.7675000000000001	828.0	-0.5506072874493927	-682.0	0.06882591093117409	-227.0	-0.6728857623489831	-117.0	-42.0	0.5126514465260769	0.6495948281065069	-95.0	
-6.575661300115032	1517.0	4.338631893258802	1725.0	6.117401567032701	2638.0	0.0	736.175537109375	24123.0	0.7675000000000001	828.0	-0.5506072874493927	-682.0	0.06882591093117409	-227.0	-2.9209359229239946	-172.0	-13.0	0.14808522590034948	1.4898957670971194	52.0	
-6.575049379758979	1519.0	4.399823928864044	1720.0	6.094535141406197	2638.0	0.0	755.706787109375	24763.0	0.7675000000000001	828.0	-0.5506072874493927	-682.0	0.06882591093117409	-227.0	-3.991435999388286	-35.0	28.0	-0.4186883553475881	-0.617966229878472	122.0	
-6.6102616544145585	1525.0	4.450025034734591	1716.0	6.022897884150546	2641.0	0.0	775.238037109375	25403.0	0.7675000000000001	828.0	-0.5506072874493927	-682.0	0.06882591093117409	-227.0	-5.123107508793394	-61.0	38.0	-0.531222296176283	-0.22013499417551152	196.0	
-6.561800062367091	1524.0	4.534279477576694	1709.0	6.0371157816989465	2637.0	0.0	794.769287109375	26043.0	0.7675000000000001	828.0	-0.5607287449392713	-687.0	0.06680161943319839	-226.0	-4.74078605291329	-60.0	23.0	-0.31564953357936126	-0.23332375020766719	171.0	
-6.621183988382574	1529.0	4.548267828409212	1708.0	5.976560745600022	2642.0	0.0	814.300537109375	26683.0	0.7675000000000001	828.0	-0.5607287449392713	-687.0	0.06680161943319839	-226.0	-3.135035938216853	-51.0	17.0	-0.2862079854840752	-0.3711296876498385	66.0	
-6.668927414109713	1519.0	4.535830017600162	1709.0	6.096316482837411	2646.0	0.0	833.831787109375	27323.0	0.7675000000000001	828.0	-0.5607287449392713	-687.0	0.06680161943319839	-226.0	-3.5479431105673656	-162.0	-22.0	0.3131236978877806	1.3381013152357446	93.0	
-6.64499836308682	1521.0	4.547782738936975	1708.0	6.072698442232208	2644.0	0.0	853.363037109375	27963.0	0.7725	830.0	-0.5587044534412956	-686.0	0.06275303643724696	-224.0	-4.052607432329102	-134.0	-31.0	0.4760306754478517	0.9100848425838479	126.0	
-6.572843094335443	1529.0	4.62045247121762	1702.0	5.978487847396661	2638.0	0.0	872.894287109375	28603.0	0.7725	830.0	-0.5587044534412956	-686.0	0.06275303643724696	-224.0	-3.8079217005658363	-116.0	-78.0	1.19189936395192	0.6410428236226403	110.0	
-6.584877001369595	1521.0	4.607537958278688	1703.0	6.074494760236215	2639.0	0.0	892.425537109375	29243.0	0.7725	830.0	-0.5587044534412956	-686.0	0.06275303643724696	-224.0	-2.553907325279095	-313.0	-91.0	1.311467434829087	3.6651017849820184	28.0	
-6.514312484676685	1524.0	4.52113248471247	1710.0	6.037327717618566	2633.0	0.0	911.956787109375	29883.0	0.7725	830.0	-0.5587044534412956	-686.0	0.06275303643724696	-224.0	-1.7280929805780703	-260.0	-132.0	1.9171790704925509	2.857901267458033	-26.0	
-6.633461700090076	1521.0	4.510972848135243	1711.0	6.07207761104614	2643.0	0.0	931.488037109375	30523.0	0.78	833.0	-0.5607287449392713	-687.0	0.09109311740890688	-238.0	-1.2998929499923537	-340.0	-141.0	2.0262048197307814	4.086550217600408	-54.0	
-6.562179017076836	1513.0	4.496384006602077	1712.0	6.168884203214285	2637.0	0.0	951.019287109375	31163.0	0.78	833.0	-0.5607287449392713	-687.0	0.09109311740890688	-238.0	-3.37972166998012	-427.0	-148.0	2.203706259797225	5.42329531025794	82.0	
-6.574319170075266	1518.0	4.472844897235333	1714.0	6.108051055641544	2638.0	0.0	970.550537109375	31803.0	0.78	833.0	-0.5607287449392713	-687.0	0.09109311740890688	-238.0	-4.92430035173574	-311.0	-108.0	1.668052618083568	3.6379786694983136	183.0	
-6.50230146003296	1513.0	4.531758758608753	1709.0	6.1701904738248565	2632.0	0.0	990.081787109375	32443.0	0.78	833.0	-0.5566801619433198	-685.0	0.0951417004048583	-240.0	-5.077228934087781	-365.0	-102.0	1.5735996921861302	4.465636257778083	193.0	
-6.586001822135451	1498.0	4.495055881693074	1712.0	6.349342304231784	2639.0	0.0	1009.613037109375	33083.0	0.78	833.0	-0.5566801619433198	-685.0	0.0951417004048583	-240.0	-4.9090074935005354	-490.0	-88.0	1.3323628692852572	6.381284346814689	182.0	
-6.75216907093762	1480.0	4.54499766814279	1708.0	6.565546937352275	2653.0	0.0	1029.144287109375	33723.0	0.78	833.0	-0.5566801619433198	-685.0	0.0951417004048583	-240.0	-7.799357699954122	-507.0	-25.0	0.4763722346434053	6.633580662656394	371.0	
-6.87048183070302	1463.0	4.618483596364663	1702.0	6.770652805427492	2663.0	0.0	1048.675537109375	34363.0	0.785	835.0	-0.5384615384615384	-676.0	0.1194331983805668	-252.0	-13.289493806392416	-441.0	87.0	-1.0165575440029748	5.605915443433685	730.0	
-6.917119705045714	1460.0	4.716600924000049	1694.0	6.808293351550025	2667.0	0.0	1068.206787109375	35003.0	0.785	835.0	-0.5384615384615384	-676.0	0.1194331983805668	-252.0	-18.12203700871693	-277.0	172.0	-2.1054731263593247	3.0785309676776373	1046.0	
-7.153594418167722	1450.0	4.878653421323081	1681.0	6.92965158207611	2687.0	0.0	1087.738037109375	35643.0	0.785	835.0	-0.5384615384615384	-676.0	0.1194331983805668	-252.0	-23.382780241627163	-382.0	302.0	-3.910666940524835	4.671649813639098	1390.0	
-7.151621098390493	1469.0	5.075985399046033	1665.0	6.704702292177739	2687.0	0.0	1107.269287109375	36283.0	0.785	835.0	-0.5384615384615384	-676.0	0.1194331983805668	-252.0	-27.573023398073104	-254.0	371.0	-4.784704044524497	2.698815534359113	1664.0	
-6.972070586496377	1502.0	5.173893731314721	1657.0	6.31086560249627	2672.0	0.0	1126.800537109375	36923.0	0.8	841.0	-0.520242914979757	-667.0	0.12550607287449392	-255.0	-29.7599021257073	-295.0	345.0	-4.303629770141938	3.33275010708606	1807.0	
-6.674489658273035	1520.0	5.170081791744141	1657.0	6.096897703107573	2647.0	0.0	1146.331787109375	37563.0	0.8	841.0	-0.520242914979757	-667.0	0.12550607287449392	-255.0	-26.991894785135344	-551.0	229.0	-2.6694544888224607	7.27727967637923	1626.0	
-6.568457018887813	1527.0	5.05906001598065	1666.0	6.011400244588566	2638.0	0.0	1165.863037109375	38203.0	0.8	841.0	-0.520242914979757	-667.0	0.12550607287449392	-255.0	-19.116072794005202	-795.0	114.0	-1.2531109211997538	11.035497124637935	1111.0	
-6.463042321540334	1527.0	4.886244036442801	1680.0	6.008998071971284	2629.0	0.0	1185.394287109375	38843.0	0.81	845.0	-0.4939271255060729	-654.0	0.13562753036437247	-260.0	-13.075393791099557	-965.0	-20.0	0.5402183141031298	13.661992638872196	716.0	
-6.299203260498376	1535.0	4.603483473971989	1703.0	5.908595709163612	2615.0	0.0	1204.925537109375	39483.0	0.81	845.0	-0.4939271255060729	-654.0	0.13562753036437247	-260.0	-7.56996482642606	-966.0	-138.0	2.134793621553724	13.693282875604828	356.0	
-6.216010981460336	1533.0	4.58937804444259	1704.0	5.933241908905574	2608.0	0.0	1224.456787109375	40123.0	0.81	845.0	-0.4939271255060729	-654.0	0.13562753036437247	-260.0	-4.450221746444411	-1033.0	-219.0	3.245574175915822	14.732471086242818	152.0	
-5.72995943122421	1537.0	4.3850092585313565	1720.0	5.885822277605373	2567.0	0.0	1243.988037109375	40763.0	0.81	845.0	-0.4939271255060729	-654.0	0.13562753036437247	-260.0	0.24468573176326658	-967.0	-357.0	5.190461093410728	13.739184033981523	-155.0	
-5.777574932932982	1532.0	4.385363849558943	1720.0	5.945594178264259	2571.0	0.0	1263.519287109375	41403.0	0.8	841.0	-0.5040485829959515	-659.0	0.05465587044534413	-220.0	9.527450680532192	-935.0	-323.0	4.301153198937261	13.239267477976792	-762.0	
-5.493120215428515	1546.0	4.2594070285770576	1730.0	5.777244890224485	2547.0	0.0	1283.050537109375	42043.0	0.8	841.0	-0.5040485829959515	-659.0	0.05465587044534413	-220.0	16.730386909313353	-752.0	-388.0	5.0408883588755415	10.438624320139315	-1233.0	
-5.328799566721546	1549.0	4.024805232607203	1749.0	5.738051482478904	2533.0	0.0	1302.581787109375	42683.0	0.8	841.0	-0.5040485829959515	-659.0	0.05465587044534413	-220.0	23.56629454044961	-699.0	-463.0	5.929164468716935	9.634249447357112	-1680.0	
-5.163888675712615	1536.0	3.8492276668337637	1763.0	5.892815546097621	2519.0	0.0	1322.113037109375	43323.0	0.7925	838.0	-0.5080971659919028	-661.0	0.12348178137651822	-254.0	30.295152163939445	-867.0	-539.0	6.803194943428029	12.220863006669205	-2120.0	
-5.271402208183013	1514.0	3.8121601340796722	1766.0	6.156059301081691	2528.0	0.0	1341.644287109375	43963.0	0.7925	838.0	-0.5080971659919028	-661.0	0.12348178137651822	-254.0	38.33919559565683	-854.0	-532.0	6.37579498683704	12.017110719547672	-2646.0	
-5.546148797740863	1500.0	3.718453559247044	1774.0	6.32011240248464	2551.0	0.0	1361.175537109375	44603.0	0.7925	838.0	-0.5080971659919028	-661.0	0.12348178137651822	-254.0	39.10383850741704	-714.0	-350.0	3.5674030896464997	9.84079908843828	-2696.0	
-5.391915231690258	1492.0	3.665619688117088	1778.0	6.4169836028912215	2538.0	0.0	1380.706787109375	45243.0	0.765	827.0	-0.5242914979757085	-669.0	0.1700404858299595	-277.0	31.962073711576696	-610.0	-275.0	2.715448473587148	8.236453241832695	-2229.0	
-5.619169426212349	1482.0	3.5592478549555304	1787.0	6.533065551993614	2557.0	0.0	1400.238037109375	45883.0	0.765	827.0	-0.5242914979757085	-669.0	0.1700404858299595	-277.0	28.33766630983331	-613.0	-126.0	0.5682240737538669	8.261014448808737	-1992.0	
-5.832807391996189	1478.0	3.6240227051430023	1782.0	6.580417440423862	2575.0	0.0	1419.769287109375	46523.0	0.765	827.0	-0.5242914979757085	-669.0	0.1700404858299595	-277.0	23.12280165162869	-408.0	26.0	-1.529617194779556	5.094416886207798	-1651.0	
-6.034657664091904	1480.0	3.6770907336667213	1778.0	6.55536391273121	2592.0	0.0	1439.300537109375	47163.0	0.765	827.0	-0.5242914979757085	-669.0	0.1700404858299595	-277.0	15.95045113931794	-312.0	179.0	-3.5812713839288155	3.6008299131363146	-1182.0	
-6.212327854473347	1490.0	3.7672145526652336	1771.0	6.4349077594965225	2607.0	0.0	1458.831787109375	47803.0	0.75	821.0	-0.5445344129554656	-679.0	0.15789473684210525	-271.0	7.508793393485243	-182.0	229.0	-3.992728543863299	1.6019324659807317	-630.0	
-6.224468007471777	1495.0	3.7436754432984904	1773.0	6.374074611923781	2608.0	0.0	1478.363037109375	48443.0	0.75	821.0	-0.5445344129554656	-679.0	0.15789473684210525	-271.0	-0.8411072029362289	-217.0	190.0	-3.064288226811798	2.1482737971856185	-84.0	
-6.104972354429772	1482.0	3.7884788427370957	1769.0	6.53279214246707	2598.0	0.0	1497.894287109375	49083.0	0.75	821.0	-0.5445344129554656	-679.0	0.15789473684210525	-271.0	-7.845236274659735	-403.0	175.0	-2.58197830126772	5.007170856852293	374.0	
-6.282413192173924	1480.0	3.9015379254647615	1760.0	6.557375301286351	2613.0	0.0	1517.425537109375	49723.0	0.7525000000000001	822.0	-0.5506072874493927	-682.0	0.1437246963562753	-264.0	-8.931029209359231	-374.0	107.0	-1.4882131359699011	4.573118482419647	445.0	
-6.257989305786301	1488.0	3.962974183274593	1755.0	6.462462723137748	2611.0	0.0	1536.956787109375	50363.0	0.7525000000000001	822.0	-0.5506072874493927	-682.0	0.1437246963562753	-264.0	-9.986236427588317	-247.0	95.0	-1.2419549921918533	2.6268316392755655	514.0	
-6.2453687694592	1477.0	4.034551625508469	1749.0	6.596550597827624	2610.0	0.0	1556.488037109375	51003.0	0.7525000000000001	822.0	-0.5506072874493927	-682.0	0.1437246963562753	-264.0	-9.22159351582811	-357.0	46.0	-0.5357600648243749	4.32178679094298	464.0	
-6.268683491453364	1479.0	4.0840318070445445	1745.0	6.573210668696237	2612.0	0.0	1576.019287109375	51643.0	0.7525000000000001	822.0	-0.5506072874493927	-682.0	0.1437246963562753	-264.0	-4.878421777030128	-294.0	-24.0	0.37684625163176577	3.364210383645672	180.0	
-6.435303423848425	1490.0	4.088705234205072	1745.0	6.439107817433569	2626.0	0.0	1595.550537109375	52283.0	0.765	827.0	-0.548582995951417	-681.0	0.16194331983805668	-273.0	-2.660957332925524	-155.0	-2.0	-0.028892395448229774	1.2272697686955103	35.0	
-6.494934767546275	1492.0	4.0779518168010815	1746.0	6.414200050106342	2631.0	0.0	1615.081787109375	52923.0	0.765	827.0	-0.548582995951417	-681.0	0.16194331983805668	-273.0	-4.756078911148494	-219.0	-89.0	1.383206441232286	2.2234377111823096	172.0	
-6.2102555147498695	1490.0	3.9744485250130537	1754.0	6.439073162340714	2607.0	0.0	1634.613037109375	53563.0	0.765	827.0	-0.548582995951417	-681.0	0.16194331983805668	-273.0	-7.233521945251568	-310.0	-190.0	3.0217839620789135	3.636171499280142	334.0	
-6.342037309853744	1488.0	3.891507109863713	1761.0	6.460192901628857	2618.0	0.0	1654.144287109375	54203.0	0.76	825.0	-0.548582995951417	-681.0	0.15182186234817813	-268.0	-7.294693378192385	-304.0	-215.0	3.409668922039711	3.547983446931	338.0	
-6.127180320703153	1492.0	3.9486345963514298	1756.0	6.4152912501657795	2600.0	0.0	1673.675537109375	54843.0	0.76	825.0	-0.548582995951417	-681.0	0.15182186234817813	-268.0	-9.359229239944947	-176.0	-238.0	3.865637423092208	1.5884492237015375	473.0	
-6.068284004034369	1487.0	3.8858853108488356	1761.0	6.4748661914778385	2595.0	0.0	1693.206787109375	55483.0	0.76	825.0	-0.548582995951417	-681.0	0.15182186234817813	-268.0	-6.3924147423153395	-222.0	-245.0	3.8475839282472797	2.294114937026834	279.0	
-6.116504200081164	1486.0	3.825770468074123	1766.0	6.48522988543296	2599.0	0.0	1712.738037109375	56123.0	0.7725	830.0	-0.5364372469635628	-675.0	0.20647773279352227	-295.0	-4.083193148799511	-76.0	-135.0	2.0857468170320654	0.03620195182844556	128.0	
-5.997603606686475	1485.0	3.811067902781018	1767.0	6.498173032832129	2589.0	0.0	1732.269287109375	56763.0	0.7725	830.0	-0.5364372469635628	-675.0	0.20647773279352227	-295.0	-5.47484324820309	-75.0	-182.0	2.8644540927022097	0.028644540927022098	219.0	
-6.045573976378229	1489.0	3.7759356955104613	1770.0	6.448797913905462	2593.0	0.0	1751.800537109375	57403.0	0.7725	830.0	-0.5364372469635628	-675.0	0.20647773279352227	-295.0	-4.29729316409237	-28.0	-116.0	1.8094410715632745	-0.7030963212162379	142.0	
-5.867276209268336	1494.0	3.748569549356898	1772.0	6.389792604798068	2578.0	0.0	1771.331787109375	58043.0	0.7725	830.0	-0.5364372469635628	-675.0	0.20647773279352227	-295.0	-4.174950298210736	30.0	-103.0	1.6134975163030172	-1.595035808940085	134.0	
-5.903102812952645	1496.0	3.7373377523545557	1773.0	6.36511331727901	2581.0	0.0	1790.863037109375	58683.0	0.7775	832.0	-0.5364372469635628	-675.0	0.17813765182186236	-281.0	-2.5233216088086867	-56.0	-77.0	1.13434555697242	-0.28020173393464903	26.0	
-5.986793540364429	1489.0	3.701598344509467	1776.0	6.44789897124558	2588.0	0.0	1810.394287109375	59323.0	0.7775	832.0	-0.5364372469635628	-675.0	0.17813765182186236	-281.0	-1.8351429882244994	-41.0	-82.0	1.1860261610612972	-0.5098521827656338	-19.0	
-6.1293974451537325	1473.0	3.7269221512934405	1774.0	6.639750492670716	2600.0	0.0	1829.925537109375	59963.0	0.7775	832.0	-0.5364372469635628	-675.0	0.17813765182186236	-281.0	-4.541978895855636	-171.0	-83.0	1.2897236477470984	1.4859676676574618	158.0	
-5.9143098990295115	1466.0	3.807105335144134	1767.0	6.727842381206564	2582.0	0.0	1849.456787109375	60603.0	0.7775	832.0	-0.5242914979757085	-669.0	0.1659919028340081	-275.0	-8.609879186419942	-92.0	-120.0	2.0336306194995317	0.2811925283831187	424.0	
-5.913574872000446	1469.0	3.880608038050718	1761.0	6.693175207221733	2582.0	0.0	1868.988037109375	61243.0	0.7775	832.0	-0.5242914979757085	-669.0	0.1659919028340081	-275.0	-7.539379109955651	104.0	-61.0	1.1134251407563287	-2.7355283233967946	354.0	
-6.055681532752342	1461.0	3.955656248575357	1755.0	6.789640646993381	2594.0	0.0	1888.519287109375	61883.0	0.7775	832.0	-0.5242914979757085	-669.0	0.1659919028340081	-275.0	-4.710200336442882	142.0	19.0	-0.22435723893908147	-3.331996526202495	169.0	
-6.043664486426926	1455.0	3.9668846906407573	1754.0	6.86227454292445	2593.0	0.0	1908.050537109375	62523.0	0.7775	832.0	-0.5242914979757085	-669.0	0.1659919028340081	-275.0	-6.851200489371465	218.0	57.0	-0.7115321653710243	-4.503049033484307	309.0	
-5.948087045380768	1449.0	4.000819271446962	1751.0	6.93619816557754	2585.0	0.0	1927.581787109375	63163.0	0.7875	836.0	-0.5121457489878543	-663.0	0.19838056680161945	-291.0	-9.1910077993577	273.0	59.0	-0.6402720307426428	-5.346283033334894	462.0	
-6.055073225405304	1460.0	4.016486983279127	1750.0	6.802911537532011	2594.0	0.0	1947.113037109375	63803.0	0.7875	836.0	-0.5121457489878543	-663.0	0.19838056680161945	-291.0	-7.784064841718918	458.0	153.0	-2.1139464820055105	-8.19974925460063	370.0	
-6.338161726143241	1467.0	4.279065480914019	1729.0	6.720994873079739	2618.0	0.0	1966.644287109375	64443.0	0.7875	836.0	-0.5121457489878543	-663.0	0.19838056680161945	-291.0	-7.340571952897998	730.0	283.0	-4.089444007278025	-12.39320378486333	341.0	
-6.383697662110505	1468.0	4.487376646092367	1712.0	6.712657544252549	2622.0	0.0	1986.175537109375	65083.0	0.7925	838.0	-0.48785425101214575	-651.0	0.19635627530364372	-290.0	-12.188408013457716	764.0	313.0	-4.351754675888621	-12.917539335925682	658.0	
-6.216080832967953	1475.0	4.582392893680817	1704.0	6.631896688098153	2608.0	0.0	2005.706787109375	187.0	0.7925	838.0	-0.48785425101214575	-651.0	0.19635627530364372	-290.0	-15.415201101085794	846.0	368.0	-5.056053734541253	-14.18282998647845	869.0	
-6.085509630876464	1484.0	4.544275007591734	1707.0	6.524006307457528	2597.0	0.0	2025.238037109375	827.0	0.7925	838.0	-0.48785425101214575	-651.0	0.19635627530364372	-290.0	-13.732986695213336	835.0	336.0	-4.632840560982718	-14.009808534503492	759.0	
-6.251404170933165	1490.0	4.621487668588257	1701.0	6.451602458650385	2611.0	0.0	2044.769287109375	1467.0	0.8025	842.0	-0.48785425101214575	-651.0	0.18218623481781376	-283.0	-8.334607738186268	638.0	314.0	-4.540604100251067	-10.98602288924557	406.0	
-6.262448407237856	1494.0	4.70754022859536	1694.0	6.405020296403142	2612.0	0.0	2064.300537109375	2107.0	0.8025	842.0	-0.48785425101214575	-651.0	0.18218623481781376	-283.0	-4.587857470561248	488.0	218.0	-3.236925311382594	-8.671313552638148	161.0	
-6.226748523235575	1488.0	4.706100057394889	1694.0	6.477637648445661	2609.0	0.0	2083.831787109375	2747.0	0.8025	842.0	-0.48785425101214575	-651.0	0.18218623481781376	-283.0	-2.079828719987766	229.0	153.0	-2.3772284662534378	-4.6884953167325065	-3.0	
-6.191768009889962	1492.0	4.632722820527542	1700.0	6.428327137757434	2606.0	0.0	2103.363037109375	3387.0	0.8025	842.0	-0.48785425101214575	-651.0	0.18218623481781376	-283.0	-0.015292858235204161	74.0	75.0	-1.2838877714497319	-2.2991669427751087	-138.0	
-6.12119988018804	1498.0	4.5466786478627945	1707.0	6.355022778974653	2600.0	0.0	2122.894287109375	4027.0	0.8025	842.0	-0.48785425101214575	-651.0	0.16396761133603238	-274.0	2.0492430035173577	7.0	33.0	-0.7307508704998209	-1.2655551686712405	-273.0	
-6.145618949230308	1494.0	4.485724124588258	1712.0	6.401752268903076	2602.0	0.0	2142.425537109375	4667.0	0.8025	842.0	-0.48785425101214575	-651.0	0.16396761133603238	-274.0	4.037314574093899	-113.0	-32.0	0.17106888182328728	0.5848010678269793	-403.0	
-6.169789396253874	1494.0	4.4496318031840545	1715.0	6.4007887180047565	2604.0	0.0	2161.956787109375	5307.0	0.8025	842.0	-0.48785425101214575	-651.0	0.16396761133603238	-274.0	6.453586175256156	-193.0	-28.0	6.304791514163965E-4	1.810655376450253	-561.0	
-6.086830082862141	1501.0	4.41222980902403	1718.0	6.316532921857883	2597.0	0.0	2181.488037109375	5947.0	0.8	841.0	-0.48380566801619435	-649.0	0.14777327935222673	-266.0	6.300657592904114	-68.0	8.0	-0.5277798917970813	-0.11268918452484515	-551.0	
-6.004607000835812	1504.0	4.301204678323598	1727.0	6.278990071750885	2590.0	0.0	2201.019287109375	6587.0	0.8	841.0	-0.48380566801619435	-649.0	0.14777327935222673	-266.0	5.734821838201561	-100.0	-39.0	0.2128349397222558	0.3857404408503452	-514.0	
-6.0644905795613795	1499.0	4.265227758147804	1730.0	6.337912661415535	2595.0	0.0	2220.550537109375	7227.0	0.8	841.0	-0.48380566801619435	-649.0	0.14777327935222673	-266.0	6.46887903349136	-94.0	-59.0	0.49201038108175443	0.2964652933151908	-562.0	
-6.1361510129480275	1497.0	4.242041562340177	1732.0	6.360828718707684	2601.0	0.0	2240.081787109375	7867.0	0.8	841.0	-0.48380566801619435	-649.0	0.14777327935222673	-266.0	5.1384003670285985	-117.0	-3.0	-0.31962447756330875	0.6412720688656129	-475.0	
-6.016502144824552	1510.0	4.302166469925717	1727.0	6.206601199516534	2591.0	0.0	2259.613037109375	8507.0	0.785	835.0	-0.49190283400809715	-653.0	0.145748987854251	-265.0	-0.565835754702554	34.0	2.0	-0.14521354788719645	-1.6740008542144866	-102.0	
-5.636103074927564	1519.0	4.246835364386413	1731.0	6.100864833164958	2559.0	0.0	2279.144287109375	9147.0	0.785	835.0	-0.49190283400809715	-653.0	0.145748987854251	-265.0	-5.780700412907173	189.0	-29.0	0.5639437878059083	-4.045304247866916	239.0	
-5.398896947785506	1529.0	4.157924269068493	1738.0	5.980976744819177	2539.0	0.0	2298.675537109375	9787.0	0.785	835.0	-0.49190283400809715	-653.0	0.145748987854251	-265.0	-7.417036244074018	162.0	-65.0	1.1789536693290663	-3.6248530902823117	346.0	
-5.22154308662422	1560.0	4.036167528054196	1748.0	5.606821172706891	2524.0	0.0	2318.206787109375	10427.0	0.795	839.0	-0.5182186234817814	-666.0	0.1396761133603239	-262.0	-3.63970025997859	331.0	-62.0	1.0076627897810742	-6.219783737300901	99.0	
-4.950174836739467	1603.0	3.792040135577184	1768.0	5.086580018199571	2501.0	0.0	2337.738037109375	11067.0	0.795	839.0	-0.5182186234817814	-666.0	0.1396761133603239	-262.0	-0.3211500229392874	601.0	-61.0	0.9009793056400666	-10.363861159836036	-118.0	
-4.678120937615515	1608.0	3.616477667019985	1782.0	5.025548343964244	2478.0	0.0	2357.269287109375	11707.0	0.795	839.0	-0.5182186234817814	-666.0	0.1396761133603239	-262.0	0.09175714941122497	757.0	-123.0	1.8620037416659097	-12.747990366143263	-145.0	
-4.618873365972765	1591.0	3.588853878914063	1784.0	5.230407621026988	2473.0	0.0	2376.800537109375	12347.0	0.8	841.0	-0.4979757085020243	-656.0	0.11133603238866396	-248.0	2.27863587704542	1123.0	-82.0	1.2000833905081296	-18.370690588528557	-288.0	
-4.416873491804595	1612.0	3.5507460576358083	1787.0	4.978653415150332	2456.0	0.0	2396.331787109375	12987.0	0.8	841.0	-0.4979757085020243	-656.0	0.11133603238866396	-248.0	4.358464597033186	1691.0	10.0	-0.210978882286352	-27.10046792907145	-424.0	
-4.427538773399538	1627.0	3.6746940886175277	1777.0	4.800302831387753	2457.0	0.0	2415.863037109375	13627.0	0.8	841.0	-0.4979757085020243	-656.0	0.11133603238866396	-248.0	5.964214711729623	1974.0	143.0	-2.2774164560410055	-31.46362118005834	-529.0	
-4.393060321436686	1619.0	3.5511107134742215	1787.0	4.89456149057319	2454.0	0.0	2435.394287109375	14267.0	0.8	841.0	-0.4979757085020243	-656.0	0.11133603238866396	-248.0	4.052607432329102	1842.0	301.0	-4.651364812254427	-29.461888820747987	-404.0	
-4.7355917606706806	1582.0	3.821776313884271	1765.0	5.342332620719171	2483.0	0.0	2454.925537109375	14907.0	0.8075	844.0	-0.5080971659919028	-661.0	0.12753036437246965	-256.0	-3.5632359688025694	2103.0	498.0	-7.33671646899881	-33.493652572086035	94.0	
-4.421589645629219	1607.0	4.269606865649477	1728.0	5.053224433627782	2457.0	0.0	2474.456787109375	15547.0	0.8075	844.0	-0.5080971659919028	-661.0	0.12753036437246965	-256.0	-5.994800428200032	2771.0	655.0	-9.551744311913897	-43.76591793414262	253.0	
-4.466968753505999	1637.0	4.4936008398762315	1710.0	4.6958047389010185	2461.0	0.0	2493.988037109375	16187.0	0.8075	844.0	-0.5080971659919028	-661.0	0.12753036437246965	-256.0	-2.2174644441046034	2707.0	953.0	-14.296093953521266	-42.831314476438706	6.0	
-4.765418654458466	1606.0	4.410515506534471	1717.0	5.0646525091282735	2486.0	0.0	2513.519287109375	16827.0	0.8175	848.0	-0.5121457489878543	-663.0	0.07489878542510121	-230.0	-10.322679308762808	2155.0	1084.0	-16.07148397363287	-34.37891339735487	536.0	
-4.9197681011640535	1619.0	4.4517613121660276	1714.0	4.907307424749752	2499.0	0.0	2533.050537109375	17467.0	0.8175	848.0	-0.5121457489878543	-663.0	0.07489878542510121	-230.0	-17.296222664015907	2670.0	1303.0	-19.081929609788126	-42.31142693765075	992.0	
-4.703518399847491	1666.0	4.64816001525087	1698.0	4.3471328355836505	2481.0	0.0	2552.581787109375	18107.0	0.8175	848.0	-0.5121457489878543	-663.0	0.07489878542510121	-230.0	-22.251108732222054	2621.0	1433.0	-20.890764435592086	-41.57763558666067	1316.0	
-4.225948728173201	1676.0	4.786079563632282	1686.0	4.234184995557179	2441.0	0.0	2572.113037109375	18747.0	0.8175	848.0	-0.5121457489878543	-663.0	0.07489878542510121	-230.0	-14.40587245756232	2284.0	1636.0	-24.378532543307337	-36.44142227494973	803.0	
-4.679110169832266	1661.0	4.708030635820993	1693.0	4.408815294150626	2479.0	0.0	2591.644287109375	19387.0	0.8250000000000001	851.0	-0.4777327935222672	-646.0	0.03441295546558704	-210.0	-6.10185043584646	2094.0	1933.0	-29.30788292686978	-33.57526388374162	260.0	
-5.121074160105171	1668.0	4.559250656149534	1706.0	4.317082705256879	2516.0	0.0	2611.175537109375	20027.0	0.8250000000000001	851.0	-0.4777327935222672	-646.0	0.03441295546558704	-210.0	-12.356629454044961	2276.0	2212.0	-33.32101093193911	-36.40809118957104	669.0	
-5.040881266030483	1706.0	4.245206730285111	1732.0	3.8537724303791325	2509.0	0.0	2630.706787109375	20667.0	0.8250000000000001	851.0	-0.4777327935222672	-646.0	0.03441295546558704	-210.0	-27.23658051689861	2277.0	2447.0	-36.340186015005	-36.453627424059825	1642.0	
-3.9902984273358015	1710.0	4.541585837848386	1706.0	3.822013069833007	2421.0	0.0	2650.238037109375	21307.0	0.835	855.0	-0.4777327935222672	-646.0	-0.04048582995951417	-173.0	-19.437222816944487	2173.0	2785.0	-41.866766051062	-34.913066923975414	1132.0	
-3.681174814434024	1733.0	4.501566175645192	1709.0	3.547195478983021	2395.0	0.0	2669.769287109375	21947.0	0.835	855.0	-0.4777327935222672	-646.0	-0.04048582995951417	-173.0	3.700871692919407	2487.0	3319.0	-50.95732000185121	-39.822140332134516	-381.0	
-4.500700399442917	1759.0	4.691864817613031	1695.0	3.229553183924096	2464.0	0.0	2689.300537109375	22587.0	0.835	855.0	-0.4777327935222672	-646.0	-0.04048582995951417	-173.0	24.30035173573941	2517.0	3984.0	-62.00478662018806	-40.39294950806163	-1728.0	
-5.8220130722668575	1736.0	4.703454678076132	1696.0	3.493680288140059	2575.0	0.0	2708.831787109375	23227.0	0.8250000000000001	851.0	-0.4736842105263158	-644.0	-0.10121457489878542	-143.0	14.788193913442424	2310.0	4509.0	-69.73097143450022	-37.2939032389729	-1106.0	
-6.292862459051616	1739.0	5.237563618647963	1653.0	3.463509394770395	2615.0	0.0	2728.363037109375	23867.0	0.8250000000000001	851.0	-0.4736842105263158	-644.0	-0.10121457489878542	-143.0	-10.460315032879647	2552.0	4991.0	-76.0975047353319	-41.07093361724744	545.0	
-5.837098916550533	1789.0	5.575822630660976	1625.0	2.8724225718814487	2577.0	0.0	2747.894287109375	24507.0	0.8250000000000001	851.0	-0.4736842105263158	-644.0	-0.10121457489878542	-143.0	-33.35372381098028	2809.0	5431.0	-81.90994132685361	-45.07259028330076	2042.0	
-4.692126347431653	1813.0	5.787365256834684	1606.0	2.5989465235900875	2481.0	0.0	2767.425537109375	25147.0	0.8250000000000001	851.0	-0.4736842105263158	-644.0	-0.10121457489878542	-143.0	-27.511851965132287	2675.0	5962.0	-90.331309829761	-43.1006431581411	1660.0	
-5.009113896857523	1803.0	6.231467457104883	1570.0	2.7251406198120764	2508.0	0.0	2786.956787109375	25787.0	0.8275	852.0	-0.45546558704453444	-635.0	-0.19230769230769232	-98.0	-4.9090074935005354	2525.0	6682.0	-102.33245941620142	-40.918982105286766	182.0	
-6.0910650036085885	1859.0	6.369690115331718	1561.0	2.0423867667283795	2599.0	0.0	2806.488037109375	26427.0	0.8275	852.0	-0.45546558704453444	-635.0	-0.19230769230769232	-98.0	-3.4714788193913444	2746.0	7306.0	-111.95361044328568	-44.40632450400321	88.0	
-6.212005419645622	1887.0	6.180410416390242	1577.0	1.7000423709988184	2609.0	0.0	2826.019287109375	27067.0	0.8275	852.0	-0.45546558704453444	-635.0	-0.19230769230769232	-98.0	-11.194372228169446	2396.0	7972.0	-121.94197932011842	-39.13563891242782	593.0	
-6.908616064503913	1905.0	6.7574411686563325	1531.0	1.4877494097160393	2668.0	0.0	2845.550537109375	27707.0	0.805	843.0	-0.41700404858299595	-616.0	-0.3117408906882591	-39.0	-24.30035173573941	2231.0	8712.0	-132.82483442708318	-36.712627659906865	1450.0	
-5.981066455287494	1920.0	6.655259233155308	1538.0	1.314258375531918	2590.0	0.0	2865.081787109375	28347.0	0.805	843.0	-0.41700404858299595	-616.0	-0.3117408906882591	-39.0	-20.675944333996025	2501.0	9397.0	-143.46415717108064	-40.96203147504056	1213.0	
-6.996877221043396	2014.0	7.455135038517578	1475.0	0.18756766349967663	2676.0	0.0	2884.613037109375	28987.0	0.805	843.0	-0.41700404858299595	-616.0	-0.3117408906882591	-39.0	9.328643523474538	3257.0	9965.0	-153.28447172402772	-52.66066426611246	-749.0	
-8.466851142551203	2071.0	8.076790506784286	1427.0	-0.5014459543018744	2800.0	0.0	2904.144287109375	29627.0	0.805	843.0	-0.41700404858299595	-616.0	-0.3117408906882591	-39.0	18.764337054595504	3241.0	10253.0	-158.09396131251765	-52.46324742346736	-1366.0	
-9.007643490982113	2081.0	8.759460425598167	1372.0	-0.6136824071207494	2846.0	0.0	2923.675537109375	30267.0	0.7775	832.0	-0.39068825910931176	-603.0	-0.43724696356275305	23.0	15.568129683437837	3247.0	10300.0	-158.68809863250485	-52.56125569861598	-1157.0	
-9.319832991712357	2144.0	8.492891304954707	1395.0	-1.3811718291192343	2872.0	0.0	2943.206787109375	30907.0	0.7775	832.0	-0.39068825910931176	-603.0	-0.43724696356275305	23.0	19.40663710047408	3522.0	10074.0	-155.32338982204567	-56.747341616495746	-1408.0	
-10.180132594083036	2214.0	8.177216782172527	1423.0	-2.2394618095744883	2944.0	0.0	2962.738037109375	31547.0	0.7775	832.0	-0.39068825910931176	-603.0	-0.43724696356275305	23.0	36.47346689096192	2877.0	9716.0	-150.59866230525805	-46.802902381837306	-2524.0	
-10.922451157914358	2228.0	7.754884208564309	1459.0	-2.424006345480146	3006.0	0.0	2982.269287109375	32187.0	0.7275	812.0	-0.32186234817813764	-569.0	-0.576923076923077	92.0	51.52163939440282	1874.0	9474.0	-147.63228678392034	-31.382721517524644	-3508.0	
-12.213295674009634	2272.0	8.432337360941258	1406.0	-2.953486209521271	3115.0	0.0	3001.800537109375	32827.0	0.7275	812.0	-0.32186234817813764	-569.0	-0.576923076923077	92.0	62.89952592139471	1534.0	8738.0	-136.81931960695212	-26.057467401992493	-4252.0	
-13.523499076366619	2299.0	8.364378077623734	1414.0	-3.2932486340304687	3225.0	0.0	3021.331787109375	33467.0	0.7275	812.0	-0.32186234817813764	-569.0	-0.576923076923077	92.0	63.60299740021411	1330.0	7679.0	-120.59058251748706	-22.764905364840363	-4298.0	
-13.624440220226486	2305.0	7.794073215446701	1461.0	-3.3779532993391137	3233.0	0.0	3040.863037109375	34107.0	0.6825	794.0	-0.3076923076923077	-562.0	-0.6356275303643725	121.0	54.99311821379416	1237.0	6484.0	-101.88054130663299	-21.150767972526207	-3735.0	
-13.642897616677935	2328.0	7.1388097607778045	1515.0	-3.6683515761319456	3234.0	0.0	3060.394287109375	34747.0	0.6825	794.0	-0.3076923076923077	-562.0	-0.6356275303643725	121.0	57.65407554671969	1120.0	4841.0	-76.73441234102161	-19.10400209486948	-3909.0	
-17.60797834681449	2387.0	8.24978436616985	1431.0	-4.396626264819446	3568.0	0.0	3079.925537109375	35387.0	0.6825	794.0	-0.3076923076923077	-562.0	-0.6356275303643725	121.0	48.86068206147729	-1560.0	1727.0	-28.898369340723114	22.497574538908253	-3334.0	
-15.609211121100524	2369.0	9.316983128042805	1340.0	-4.13842714744533	3401.0	0.0	3099.456787109375	36027.0	0.6825	794.0	-0.3076923076923077	-562.0	-0.6356275303643725	121.0	28.26120201865729	-2300.0	140.0	-3.7788222926283512	34.103687916401626	-1987.0	
-11.169856635358748	2215.0	8.014336464125197	1438.0	-2.2646648491192765	3027.0	0.0	3118.988037109375	36667.0	0.67	789.0	-0.3360323886639676	-576.0	-0.6295546558704453	118.0	12.891879492277107	-2251.0	-851.0	12.08569159885406	33.51045335606834	-982.0	
-9.153229857081625	2091.0	6.10558572040906	1590.0	-0.7886976925963699	2856.0	0.0	3138.519287109375	37307.0	0.67	789.0	-0.3360323886639676	-576.0	-0.6295546558704453	118.0	55.115461079675796	-1612.0	-1096.0	14.263232808585363	23.727103710623833	-3743.0	
-10.141824963125348	2155.0	4.8651227350842685	1694.0	-1.5944772407127006	2938.0	0.0	3158.050537109375	37947.0	0.67	789.0	-0.3360323886639676	-576.0	-0.6295546558704453	118.0	67.05918336137024	39.0	-1312.0	17.361077317176353	-1.5756603638544757	-4524.0	
-9.9323075900617	2179.0	4.38828861287763	1733.0	-1.891075375932221	2920.0	0.0	3177.581787109375	38587.0	0.655	783.0	-0.38461538461538464	-600.0	-0.6133603238866396	110.0	40.143752867410925	220.0	-1063.0	14.635560631712522	-4.380267072829721	-2764.0	
-9.135234980335875	2162.0	4.333644823555262	1736.0	-1.6793782485129765	2853.0	0.0	3197.113037109375	39227.0	0.655	783.0	-0.38461538461538464	-600.0	-0.6133603238866396	110.0	3.5632359688025694	170.0	-803.0	12.09197871397496	-3.638478709100852	-372.0	
-8.017493664357163	2175.0	4.203014516664734	1745.0	-1.827439947515096	2759.0	0.0	3216.644287109375	39867.0	0.655	783.0	-0.38461538461538464	-600.0	-0.6133603238866396	110.0	-22.404037314574097	483.0	-697.0	11.548233871856754	-8.446739542515129	1326.0	
-7.409583347565012	2205.0	4.279760481594087	1738.0	-2.1812717081811175	2708.0	0.0	3236.175537109375	40507.0	0.655	783.0	-0.38461538461538464	-600.0	-0.6133603238866396	110.0	-27.221287658663407	623.0	-710.0	11.962333988232293	-10.59082625348886	1641.0	
-7.170093593107256	2188.0	4.4192121178457855	1726.0	-1.9712685008030726	2688.0	0.0	3255.706787109375	41147.0	0.6625	786.0	-0.3825910931174089	-599.0	-0.5890688259109311	98.0	-20.155987153999085	330.0	-629.0	10.388957808877606	-6.11062630345181	1179.0	
-7.121150413394779	2182.0	4.551625327188846	1715.0	-1.8958416481925804	2684.0	0.0	3275.238037109375	41787.0	0.6625	786.0	-0.3825910931174089	-599.0	-0.5890688259109311	98.0	-14.92582963755926	331.0	-458.0	7.549824307108203	-6.15436212212763	837.0	
-7.262017577062172	2191.0	4.750623246163675	1699.0	-2.001704096389517	2696.0	0.0	3294.769287109375	42427.0	0.6625	786.0	-0.3825910931174089	-599.0	-0.5890688259109311	98.0	-9.970943569353112	354.0	-261.0	4.325177529996006	-6.539531714035625	513.0	
-7.307555921702113	2190.0	4.958693544074377	1682.0	-1.9859498811066183	2700.0	0.0	3314.300537109375	43067.0	0.665	787.0	-0.37044534412955465	-593.0	-0.5931174089068826	100.0	-6.881786205841872	281.0	-96.0	1.6526059535529223	-5.446110122756937	311.0	
-7.199336266274767	2191.0	5.066373372523283	1673.0	-1.9947622807544507	2691.0	0.0	3333.831787109375	43707.0	0.665	787.0	-0.37044534412955465	-593.0	-0.5931174089068826	100.0	-1.9574858541061326	270.0	-37.0	0.5465039722767964	-5.288381822330324	-11.0	
-7.523116625136977	2209.0	4.831194629159492	1693.0	-2.2195711290898665	2718.0	0.0	3353.363037109375	44347.0	0.665	787.0	-0.37044534412955465	-593.0	-0.5931174089068826	100.0	5.413671815262273	279.0	35.0	-0.8543431659595458	-5.440490646635812	-493.0	
-7.773668680944496	2215.0	4.775989048407541	1698.0	-2.295469917889487	2739.0	0.0	3372.894287109375	44987.0	0.665	787.0	-0.3684210526315789	-592.0	-0.597165991902834	102.0	6.774736198195443	13.0	33.0	-0.9188311212423826	-1.3595028731274155	-582.0	
-7.877514304287595	2202.0	5.105712428383428	1671.0	-2.1332874004993037	2748.0	0.0	3392.425537109375	45627.0	0.665	787.0	-0.3684210526315789	-592.0	-0.597165991902834	102.0	6.4382933170209515	-231.0	92.0	-1.8502734860871735	2.3752367158066137	-560.0	
-8.11422198305591	2201.0	5.244468361075836	1660.0	-2.1208311658620542	2768.0	0.0	3411.956787109375	46267.0	0.665	787.0	-0.3684210526315789	-592.0	-0.597165991902834	102.0	7.294693378192385	-135.0	180.0	-3.2232993834937425	0.8884360256525569	-616.0	
-8.247583691191206	2203.0	5.003535642784046	1680.0	-2.1510798228514116	2779.0	0.0	3431.488037109375	46907.0	0.665	787.0	-0.3684210526315789	-592.0	-0.597165991902834	102.0	7.095886221134731	-41.0	271.0	-4.60057020400636	-0.5677181464163105	-603.0	
-8.43765229128049	2206.0	5.044294681474892	1677.0	-2.188309906391741	2795.0	0.0	3451.019287109375	47547.0	0.66	785.0	-0.3684210526315789	-592.0	-0.5951417004048583	101.0	6.407707600550544	-90.0	316.0	-5.272695843426945	0.17744029643760414	-558.0	
-8.579866402333003	2210.0	5.108597861937897	1672.0	-2.236638754977343	2807.0	0.0	3470.550537109375	48187.0	0.66	785.0	-0.3684210526315789	-592.0	-0.5951417004048583	101.0	4.954886068206148	-123.0	284.0	-4.727469220089501	0.6892605233891005	-463.0	
-8.63694020563335	2210.0	5.353598484284155	1652.0	-2.2323094805634214	2812.0	0.0	3490.081787109375	48827.0	0.66	785.0	-0.3684210526315789	-592.0	-0.5951417004048583	101.0	3.2420859458632822	-178.0	213.0	-3.5753722200878824	1.5447280945859865	-351.0	
-8.481482798870639	2206.0	5.423148684364682	1646.0	-2.1811711314098465	2799.0	0.0	3509.613037109375	49467.0	0.6575	784.0	-0.36639676113360325	-591.0	-0.6012145748987854	104.0	2.1257072946933784	-156.0	137.0	-2.3584120684076577	1.2193190556240407	-278.0	
-8.542216080943918	2204.0	5.302201429417727	1656.0	-2.1601010237873495	2804.0	0.0	3529.144287109375	50107.0	0.6575	784.0	-0.36639676113360325	-591.0	-0.6012145748987854	104.0	4.312586022327573	-73.0	90.0	-1.7102504146571702	-0.04779147146282152	-421.0	
-8.412871128237208	2207.0	5.1414586048505155	1669.0	-2.1981670090648797	2793.0	0.0	3548.675537109375	50747.0	0.6575	784.0	-0.36639676113360325	-591.0	-0.6012145748987854	104.0	3.7467502676250195	-79.0	58.0	-1.1963570785089876	0.04941436384740974	-384.0	
-8.294336241852546	2206.0	5.090185338554853	1673.0	-2.185958932755862	2783.0	0.0	3568.206787109375	51387.0	0.6575	784.0	-0.36639676113360325	-591.0	-0.6012145748987854	104.0	3.609114543508182	-103.0	40.0	-0.9176817132326267	0.4204687252951711	-375.0	
-8.318147003547779	2201.0	5.090061549984087	1673.0	-2.125958552288808	2785.0	0.0	3587.738037109375	52027.0	0.65	781.0	-0.37449392712550605	-595.0	-0.6153846153846154	111.0	3.0891573635112404	-95.0	55.0	-1.1263687319100357	0.2956259858433978	-341.0	
-8.294578842189557	2207.0	5.065925304853639	1675.0	-2.198494752204341	2783.0	0.0	3607.269287109375	52667.0	0.65	781.0	-0.37449392712550605	-595.0	-0.6153846153846154	111.0	0.8564000611714331	-26.0	51.0	-0.9649578916372167	-0.7615292781644926	-195.0	
-8.09369897144189	2209.0	4.915817141525065	1687.0	-2.2235845023056044	2766.0	0.0	3626.800537109375	53307.0	0.65	781.0	-0.37449392712550605	-595.0	-0.6153846153846154	111.0	-1.146964367640312	-5.0	75.0	-1.2507463673038608	-1.086621319741782	-64.0	
-8.046328478742808	2213.0	4.890961649528617	1689.0	-2.2718006783028795	2762.0	0.0	3646.331787109375	53947.0	0.66	785.0	-0.36639676113360325	-591.0	-0.6194331983805668	113.0	-1.2540143752867412	-26.0	66.0	-1.111260417198138	-0.7629923034201018	-57.0	
-8.104868723092274	2210.0	4.989318166963177	1681.0	-2.23427437208443	2767.0	0.0	3665.863037109375	54587.0	0.66	785.0	-0.36639676113360325	-591.0	-0.6194331983805668	113.0	-0.48937146352653316	-8.0	61.0	-1.0621777904488239	-1.0387021829988567	-107.0	
-8.283032544502108	2215.0	5.030078883122496	1678.0	-2.295481759830764	2782.0	0.0	3685.394287109375	55227.0	0.66	785.0	-0.36639676113360325	-591.0	-0.6194331983805668	113.0	-0.3211500229392874	30.0	81.0	-1.370689870769933	-1.6248776828108142	-118.0	
