Device	Device	Device	Device	Device	Device	Device	Device	Device	Device	Device	Device	Device	Device	Device	Device	Device	Device	Device	Device	Device	
Low Noise Accelerometer X	Low Noise Accelerometer X	Low Noise Accelerometer Z	Low Noise Accelerometer Z	Low Noise Accelerometer Y	Low Noise Accelerometer Y	Event_Marker	Timestamp	Timestamp	Magnetometer Z	Magnetometer Z	Magnetometer X	Magnetometer X	Magnetometer Y	Magnetometer Y	Gyroscope Y	Gyroscope Y	Gyroscope Z	Gyroscope Z	Gyroscope X	Gyroscope X	
CAL	UNCAL	CAL	UNCAL	CAL	UNCAL	CAL	UNCAL	CAL	UNCAL	CAL	UNCAL	CAL	CAL	UNCAL	CAL	UNCAL	CAL	UNCAL	CAL	UNCAL	
m/(s^2)	no units	m/(s^2)	no units	m/(s^2)	no units	no units	no units	ms	no units	local_flux	no units	local_flux	local_flux	no units	deg/s	no units	deg/s	no units	deg/s	no units	
-6.183580763247525	2085.0	8.202221751304775	1407.0	-0.2689702166254515	2578.0	0.0	39005.0	1190.338134765625	998.0	0.2108695652173913	203.0	1.9393939393939394	-2.203592814371258	343.0	0.17539436713650253	-8.0	-0.13379745143004934	36.0	0.789120581043464	-55.0	
-6.183095918981441	2086.0	8.239030925324876	1404.0	-0.280645469213674	2578.0	0.0	39645.0	1209.869384765625	993.0	0.2	207.0	1.9474747474747476	-2.1836327345309385	333.0	1.1666920760248476	-48.0	0.16267872472213984	10.0	1.3875726229659873	-119.0	
-6.1222678992563635	2082.0	8.27341683257695	1401.0	-0.23150055885956514	2573.0	0.0	40285.0	1229.400634765625	1000.0	0.21521739130434783	207.0	1.9474747474747476	-2.169660678642715	326.0	1.2810302824052124	-102.0	0.0319140520426949	16.0	2.207722016567583	-126.0	
-6.122386411848437	2083.0	8.249274774895829	1403.0	-0.24379135733338142	2573.0	0.0	40925.0	1248.931884765625	996.0	0.20652173913043478	213.0	1.9595959595959596	-2.1397205588822357	311.0	1.2674205082753556	-120.0	-0.068044300508828	22.0	2.4816223728640145	-125.0	
-6.110067798895143	2086.0	8.225363368859206	1405.0	-0.2800518635774677	2572.0	0.0	41565.0	1268.463134765625	1000.0	0.21521739130434783	212.0	1.9575757575757575	-2.1497005988023954	316.0	1.4056590495871453	-144.0	-0.4221015458991729	44.0	2.845258998857741	-134.0	
-6.11019278782589	2084.0	8.237076745200715	1404.0	-0.25583959416119145	2572.0	0.0	42205.0	1287.994384765625	1001.0	0.21739130434782608	206.0	1.9454545454545455	-2.1516966067864276	317.0	0.34664731048775493	-185.0	-1.0479999633029902	89.0	3.479423260735427	-65.0	
-6.111043963765984	2081.0	8.187600454841634	1408.0	-0.22019829051093018	2572.0	0.0	42845.0	1307.525634765625	1000.0	0.21521739130434783	215.0	1.9636363636363636	-2.1616766467065873	322.0	0.6345888526053045	-189.0	-1.4752717559098174	116.0	3.537380347215392	-84.0	
-6.209062688755531	2079.0	8.164712838996309	1410.0	-0.19731096837711026	2580.0	0.0	43485.0	1327.056884765625	998.0	0.2108695652173913	215.0	1.9636363636363636	-2.135728542914172	309.0	0.9554318818713226	-198.0	-1.7579502796359758	133.0	3.6710540462002985	-105.0	
-6.282573494328355	2079.0	8.129619410101	1413.0	-0.19839701072179156	2586.0	0.0	44125.0	1346.588134765625	1001.0	0.21739130434782608	209.0	1.9515151515151514	-2.1576846307385233	320.0	1.1550173051477157	-184.0	-1.5384367586079641	118.0	3.456130435313542	-118.0	
-6.307436951521298	2080.0	8.06939905010762	1418.0	-0.21129604166473911	2588.0	0.0	44765.0	1366.119384765625	996.0	0.20652173913043478	205.0	1.9434343434343435	-2.169660678642715	326.0	0.5411471654679862	-169.0	-1.3066758766235727	106.0	3.234132254581062	-78.0	
-6.333153743433893	2077.0	7.971654211096037	1426.0	-0.17638607966072795	2590.0	0.0	45405.0	1385.650634765625	1002.0	0.21956521739130436	211.0	1.9555555555555555	-2.131736526946108	307.0	0.3256283856724919	-144.0	-0.9916090728601282	87.0	2.8560593054968875	-64.0	
-6.320725253006758	2075.0	8.019692108104042	1422.0	-0.15168503024420782	2589.0	0.0	46045.0	1405.181884765625	1001.0	0.21739130434782608	209.0	1.9515151515151514	-2.1576846307385233	320.0	-0.49889522900683836	-124.0	-0.26238476398067756	43.0	2.5601220321379774	-10.0	
-6.333892883120588	2070.0	7.982175412440706	1425.0	-0.09195090964655786	2590.0	0.0	46685.0	1424.713134765625	1000.0	0.21521739130434783	213.0	1.9595959595959596	-2.167664670658683	325.0	0.052466602060079824	-91.0	0.12411409940384162	16.0	2.0527072731428975	-46.0	
-6.296587982823161	2073.0	8.01872280139683	1422.0	-0.12735696506727529	2587.0	0.0	47325.0	1444.244384765625	998.0	0.2108695652173913	209.0	1.9515151515151514	-2.187624750499002	335.0	0.11016334457527563	-67.0	0.11970666283293181	17.0	1.6871112943109012	-50.0	
-6.3814326013602045	2079.0	7.997496447192211	1424.0	-0.200706831421198	2594.0	0.0	47965.0	1463.775634765625	999.0	0.21304347826086956	212.0	1.9575757575757575	-2.165668662674651	324.0	0.26009443751554795	-27.0	0.3734861194947601	1.0	1.0772469643700917	-60.0	
-6.283659536673037	2079.0	8.0199071930388	1422.0	-0.19950499331586036	2586.0	0.0	48605.0	1483.306884765625	1001.0	0.21739130434782608	211.0	1.9555555555555555	-2.1716566866267466	327.0	-0.07595925778764055	-24.0	0.5786105967224076	-11.0	1.034980124897268	-38.0	
-6.308531628984213	2076.0	8.007494078408927	1423.0	-0.16373326707201785	2588.0	0.0	49245.0	1502.838134765625	1000.0	0.21521739130434783	217.0	1.9676767676767677	-2.155688622754491	319.0	0.6501624883933983	-52.0	0.6309783326408952	-19.0	1.4535744207434427	-85.0	
-6.320358921332748	2077.0	8.03235922444302	1421.0	-0.17565108130624663	2589.0	0.0	49885.0	1522.369384765625	1005.0	0.22608695652173913	215.0	1.9636363636363636	-2.13373253493014	308.0	1.0891396261768562	-40.0	0.2029283028799032	8.0	1.2666751436621857	-114.0	
-6.356928999502597	2079.0	8.009194256823982	1423.0	-0.2003448173063042	2592.0	0.0	50525.0	1541.900634765625	1001.0	0.21739130434782608	207.0	1.9474747474747476	-2.135728542914172	309.0	0.6877754314412858	-16.0	0.3354190337785283	2.0	0.9056697742026975	-88.0	
-6.356935475841271	2076.0	8.04504969084661	1420.0	-0.16384174941621163	2592.0	0.0	51165.0	1561.431884765625	1001.0	0.21739130434782608	217.0	1.9676767676767677	-2.155688622754491	319.0	0.6996266792375146	12.0	0.4115984224567339	-2.0	0.4796957484167504	-89.0	
-6.344375520144714	2079.0	8.045518777490477	1420.0	-0.19985603730606039	2591.0	0.0	51805.0	1580.963134765625	999.0	0.21304347826086956	216.0	1.9656565656565657	-2.13373253493014	308.0	0.4875847471966247	45.0	1.1960577739604532	-52.0	-0.02008497294725142	-75.0	
-6.246733920726968	2074.0	8.115498333701204	1414.0	-0.137938861894354	2583.0	0.0	52445.0	1600.494384765625	1005.0	0.22608695652173913	208.0	1.9494949494949494	-2.1536926147704594	318.0	-0.05814032595274472	36.0	1.7383100813168284	-86.0	0.12225440706180883	-39.0	
-6.197963742195899	2076.0	8.0906098376025	1416.0	-0.161796430612199	2579.0	0.0	53085.0	1620.025634765625	997.0	0.20869565217391306	198.0	1.9292929292929293	-2.173652694610779	328.0	0.004176910213912439	54.0	2.104743461976857	-110.0	-0.15213302385499083	-43.0	
-6.1852874326868275	2077.0	8.127172793268365	1413.0	-0.173352230731534	2578.0	0.0	53725.0	1639.556884765625	1001.0	0.21739130434782608	215.0	1.9636363636363636	-2.1397205588822357	311.0	0.4798173989575276	27.0	1.6804004347438446	-85.0	0.2537569590902727	-74.0	
-6.221982499787424	2077.0	8.115721201990834	1414.0	-0.17383369731531528	2581.0	0.0	54365.0	1659.088134765625	1004.0	0.22391304347826088	209.0	1.9515151515151514	-2.1437125748502996	313.0	0.2501415697279116	9.0	1.4605477458941318	-70.0	0.529817975937702	-59.0	
-6.210525856672013	2072.0	8.102092562299513	1415.0	-0.11361445342565271	2580.0	0.0	55005.0	1678.619384765625	1001.0	0.21739130434782608	208.0	1.9494949494949494	-2.159680638722555	321.0	-0.07788430892325927	20.0	1.0552877535617264	-41.0	0.36579785449607677	-38.0	
-6.234788115786358	2072.0	8.11477524534823	1414.0	-0.11373024918630896	2582.0	0.0	55645.0	1698.150634765625	1000.0	0.21521739130434783	203.0	1.9393939393939394	-2.1516966067864276	317.0	-0.10742352525509527	42.0	1.5055103221323254	-70.0	0.0314924862031213	-36.0	
-6.222482455510415	2069.0	8.16257470735687	1410.0	-0.07698461965021014	2581.0	0.0	56285.0	1717.681884765625	1001.0	0.21739130434782608	208.0	1.9494949494949494	-2.1397205588822357	311.0	-0.10959232579371497	62.0	1.592791089770671	-75.0	-0.2726683352971959	-36.0	
-6.222478137951298	2071.0	8.138671084675115	1412.0	-0.10131999824360517	2581.0	0.0	56925.0	1737.213134765625	999.0	0.21304347826086956	208.0	1.9494949494949494	-2.165668662674651	324.0	-0.8934940768909447	83.0	1.7950588507794112	-84.0	-0.5842209527672123	15.0	
-6.172867577377926	2071.0	8.223017935639877	1405.0	-0.09998042412822386	2577.0	0.0	57565.0	1756.744384765625	996.0	0.20652173913043478	213.0	1.9595959595959596	-2.1576846307385233	320.0	-1.1783992982544267	59.0	2.1001375686925545	-104.0	-0.2163528891467333	34.0	
-6.185171078874312	2075.0	8.163266662290363	1410.0	-0.1488937429610202	2578.0	0.0	58205.0	1776.275634765625	1003.0	0.2217391304347826	216.0	1.9656565656565657	-2.13373253493014	308.0	-1.2102041113115036	38.0	1.6697854133345613	-76.0	0.10335679396482607	36.0	
-6.209310507837468	2076.0	8.17618778033845	1409.0	-0.1610541188412552	2580.0	0.0	58845.0	1795.806884765625	997.0	0.20869565217391306	207.0	1.9474747474747476	-2.163672654690619	323.0	-0.34195278754195696	-15.0	1.7420293164219818	-87.0	0.9007579309172447	-20.0	
-6.258438382924316	2076.0	8.140601914734667	1412.0	-0.16190125624816148	2584.0	0.0	59485.0	1815.338134765625	996.0	0.20652173913043478	215.0	1.9636363636363636	-2.1497005988023954	316.0	0.05956512730280619	-38.0	1.64012125911902	-83.0	1.2465526377003562	-46.0	
-6.258804714598326	2074.0	8.127934798395687	1413.0	-0.13793520518612273	2584.0	0.0	60125.0	1834.869384765625	1002.0	0.21956521739130436	211.0	1.9555555555555555	-2.1397205588822357	311.0	0.06130799636794615	-52.0	1.6014978376696747	-81.0	1.4594629656636973	-46.0	
-6.259168887492778	2073.0	8.10331587071583	1415.0	-0.1261368434207815	2584.0	0.0	60765.0	1854.400634765625	1000.0	0.21521739130434783	209.0	1.9515151515151514	-2.137724550898204	310.0	-0.6755772138936051	-42.0	1.7338312172346226	-86.0	1.3147405630134608	2.0	
-6.259412389015598	2072.0	8.090887189376216	1416.0	-0.11421537247832149	2584.0	0.0	61405.0	1873.931884765625	998.0	0.2108695652173913	210.0	1.9535353535353535	-2.159680638722555	321.0	-0.8100030052711187	-39.0	2.149809948570932	-113.0	1.2704574445013805	11.0	
-6.271601695479029	2073.0	8.079181596389578	1417.0	-0.12650251424390652	2585.0	0.0	62045.0	1893.463134765625	1000.0	0.21521739130434783	211.0	1.9555555555555555	-2.1257485029940124	304.0	-0.7842021668482392	-21.0	1.9340772243370157	-98.0	0.9964351775620186	9.0	
-6.381684738001257	2074.0	8.032875011216104	1421.0	-0.14011460329194791	2594.0	0.0	62685.0	1912.994384765625	998.0	0.2108695652173913	205.0	1.9434343434343435	-2.167664670658683	325.0	-0.5167243168201622	-19.0	2.6213251721750033	-145.0	0.9633421481111674	-8.0	
-6.4675076801887	2074.0	7.985837554334791	1425.0	-0.14144320728263546	2601.0	0.0	63325.0	1932.525634765625	999.0	0.21304347826086956	205.0	1.9434343434343435	-2.1796407185628746	331.0	-1.18595799715734	-6.0	3.425437768979916	-195.0	0.7723158537358321	36.0	
-6.516887691916601	2069.0	7.985630252754901	1425.0	-0.08169811656029169	2605.0	0.0	63965.0	1952.056884765625	1002.0	0.21956521739130436	214.0	1.9616161616161616	-2.13373253493014	308.0	-1.2253657571343857	-3.0	4.134653320293272	-242.0	0.727082554909747	39.0	
-6.591616005103528	2064.0	7.888393417161531	1433.0	-0.023176804192672984	2611.0	0.0	64605.0	1971.588134765625	998.0	0.2108695652173913	212.0	1.9575757575757575	-2.1497005988023954	316.0	-2.5963791311919278	4.0	5.268817164881446	-311.0	0.6343288103233262	129.0	
-6.604783635217357	2059.0	7.850876721498196	1436.0	0.03655731640497703	2612.0	0.0	65245.0	1991.119384765625	1000.0	0.21521739130434783	210.0	1.9535353535353535	-2.159680638722555	321.0	-3.078438716046003	13.0	6.31234154828283	-378.0	0.5022672768943003	161.0	
-6.569793078776507	2052.0	7.775327543398443	1442.0	0.12048907958597835	2609.0	0.0	349.0	2010.650634765625	997.0	0.20869565217391306	215.0	1.9636363636363636	-2.141716566866268	312.0	-2.5131762608534802	38.0	7.96736882666682	-490.0	0.11638651546024585	125.0	
-6.645131225160265	2044.0	7.6529949101264805	1452.0	0.2148979139580958	2615.0	0.0	989.0	2030.181884765625	1000.0	0.21521739130434783	207.0	1.9474747474747476	-2.137724550898204	310.0	0.17416922831211284	96.0	9.000022547825505	-569.0	-0.79261621699795	-50.0	
-6.840427376673106	2048.0	7.584746665750284	1458.0	0.1640696989148681	2631.0	0.0	1629.0	2049.713134765625	999.0	0.21304347826086956	202.0	1.9373737373737374	-2.173652694610779	328.0	1.5500358315655793	219.0	10.328416466908802	-659.0	-2.6770973164905607	-140.0	
-7.035600698034758	2053.0	7.5167368563734565	1464.0	0.10119690375206163	2647.0	0.0	2269.0	2069.244384765625	998.0	0.2108695652173913	211.0	1.9555555555555555	-2.155688622754491	319.0	1.505315140250687	319.0	11.981570926226809	-765.0	-4.19756265710593	-137.0	
-7.155823792482246	2054.0	7.677910677338378	1451.0	0.08955821824615164	2657.0	0.0	2909.0	2088.775634765625	1003.0	0.2217391304347826	204.0	1.9414141414141415	-2.1397205588822357	311.0	-0.14428254963653206	448.0	14.738580153824964	-936.0	-6.143043866518845	-29.0	
-7.252398778571334	2050.0	7.825209640257741	1439.0	0.1382582290987917	2665.0	0.0	3549.0	2108.306884765625	1000.0	0.21521739130434783	200.0	1.9333333333333333	-2.1477045908183636	315.0	0.6233518623834664	510.0	17.241612059612237	-1104.0	-7.093685990106724	-78.0	
-7.326543163916129	2036.0	7.896490338433484	1433.0	0.3069042910222819	2671.0	0.0	4189.0	2127.838134765625	999.0	0.21304347826086956	207.0	1.9474747474747476	-2.1576846307385233	320.0	3.0954734648537165	506.0	20.365469760591967	-1324.0	-7.057570704230287	-237.0	
-7.692177243731937	2031.0	7.975826192105238	1427.0	0.364282272616263	2701.0	0.0	4829.0	2147.369384765625	997.0	0.20869565217391306	193.0	1.9191919191919191	-2.137724550898204	310.0	6.1864322840447645	493.0	23.84557870731623	-1571.0	-6.8907616612434905	-436.0	
-7.93835327414165	2006.0	8.04793116224726	1421.0	0.6637463812906944	2721.0	0.0	5469.0	2166.900634765625	999.0	0.21304347826086956	193.0	1.9191919191919191	-2.1457085828343314	314.0	9.780941712017228	350.0	28.1260958078335	-1879.0	-4.751801812557435	-666.0	
-8.229627531224098	2003.0	8.223788546514282	1407.0	0.6987367908757931	2745.0	0.0	6109.0	2186.431884765625	994.0	0.20217391304347826	188.0	1.9090909090909092	-2.163672654690619	323.0	9.514081777502136	296.0	32.84944873265693	-2195.0	-3.9278404375468847	-645.0	
-8.546627215337375	1993.0	8.349708337133222	1397.0	0.8173079196516931	2771.0	0.0	6749.0	2205.963134765625	994.0	0.20217391304347826	183.0	1.898989898989899	-2.165668662674651	324.0	12.24927355757687	130.0	38.330204734636325	-2580.0	-1.4304775264502936	-818.0	
-8.70512058105534	1991.0	8.376812798420064	1395.0	0.8400904161495505	2784.0	0.0	7389.0	2225.494384765625	997.0	0.20869565217391306	175.0	1.8828282828282827	-2.1257485029940124	304.0	13.923819397412345	-59.0	44.830309538499165	-3029.0	1.4273017299802493	-921.0	
-8.71976649054256	1972.0	8.36033850544607	1396.0	1.0686948767755406	2785.0	0.0	8029.0	2245.025634765625	994.0	0.20217391304347826	166.0	1.8646464646464647	-2.1437125748502996	313.0	14.01668106887521	-379.0	52.3203239828703	-3542.0	6.293293265356876	-919.0	
-8.757183427093384	1973.0	8.263793624786194	1404.0	1.0553070658323493	2788.0	0.0	8669.0	2264.556884765625	995.0	0.20434782608695654	166.0	1.8646464646464647	-2.1117764471057887	297.0	14.987507568327645	-572.0	58.986914222732764	-3999.0	9.21894621709239	-976.0	
-8.735235511835615	1963.0	8.139014374681595	1414.0	1.1747606801947243	2786.0	0.0	9309.0	2284.088134765625	995.0	0.20434782608695654	157.0	1.8464646464646464	-2.105788423153693	294.0	16.879160403960412	-825.0	66.27255322836643	-4504.0	13.04793843398321	-1092.0	
-8.59282963572577	1949.0	7.913297230315195	1432.0	1.3426022663073394	2774.0	0.0	9949.0	2303.619384765625	991.0	0.1956521739130435	144.0	1.8202020202020202	-2.1217564870259484	302.0	18.33130316445795	-949.0	73.00759105776444	-4965.0	14.919348565313596	-1181.0	
-8.485666452697831	1937.0	7.798507828072444	1441.0	1.4871043173682035	2765.0	0.0	10589.0	2323.150634765625	991.0	0.1956521739130435	141.0	1.814141414141414	-2.0938123752495015	288.0	19.786989187313885	-986.0	79.88526505524507	-5432.0	15.467529347670586	-1271.0	
-8.500017049952833	1943.0	7.50761874425702	1465.0	1.4117627639309933	2766.0	0.0	11229.0	2342.681884765625	996.0	0.20652173913043478	125.0	1.7818181818181817	-2.0538922155688626	268.0	18.772874733957348	-847.0	86.48718677053542	-5862.0	13.363602051139516	-1202.0	
-8.141063071167908	1928.0	6.9968555686893525	1506.0	1.5909675635294307	2736.0	0.0	11869.0	2362.213134765625	993.0	0.2	115.0	1.7616161616161616	-2.0459081836327346	264.0	17.262338911293554	-694.0	92.77235643344069	-6268.0	11.051711211647522	-1101.0	
-7.86439802432019	1929.0	6.601343098653434	1538.0	1.5777308965264645	2713.0	0.0	12509.0	2381.744384765625	987.0	0.18695652173913044	111.0	1.7535353535353535	-2.037924151696607	260.0	16.562994716907617	-446.0	98.74401925711327	-6653.0	7.286841535720659	-1054.0	
-7.890821574226107	1934.0	6.334842290873368	1560.0	1.514560689094183	2715.0	0.0	13149.0	2401.275634765625	988.0	0.1891304347826087	102.0	1.7353535353535354	-2.003992015968064	243.0	22.011799775206207	-30.0	105.10961639590298	-7086.0	0.9053572874190408	-1409.0	
-7.766484859245367	1938.0	6.528377788772376	1544.0	1.4695466401386432	2705.0	0.0	13789.0	2420.806884765625	992.0	0.19782608695652174	92.0	1.715151515151515	-1.9880239520958087	235.0	26.42228633681505	589.0	113.56003407318545	-7645.0	-8.553196247398569	-1697.0	
-7.7750648184576505	1934.0	6.942138642697456	1510.0	1.5217912201701083	2706.0	0.0	14429.0	2440.338134765625	982.0	0.17608695652173914	78.0	1.6868686868686869	-2.0179640718562877	250.0	23.234689611757734	1236.0	120.80218962922147	-8087.0	-18.3616244626575	-1491.0	
-7.180326997829322	1939.0	6.602129467150055	1537.0	1.4640975427654959	2657.0	0.0	15069.0	2459.869384765625	983.0	0.1782608695652174	72.0	1.6747474747474747	-1.978043912175649	230.0	16.19834855247494	1877.0	125.23510433243973	-8324.0	-28.04031048172247	-1036.0	
-6.769187342855164	1943.0	6.204623900215626	1569.0	1.416041112561556	2623.0	0.0	15709.0	2479.400634765625	981.0	0.17391304347826086	58.0	1.6464646464646464	-1.9680638722554893	225.0	11.68309577178778	2183.0	126.51513581669559	-8376.0	-32.64915034935286	-744.0	
-6.91766348679906	1940.0	6.0240095203647055	1584.0	1.4488947856368608	2635.0	0.0	16349.0	2498.931884765625	977.0	0.16521739130434782	45.0	1.6202020202020202	-1.978043912175649	230.0	10.43523600267103	2431.0	128.28209676364978	-8478.0	-36.408534869532424	-664.0	
-6.942132548183737	1956.0	5.821082729278908	1601.0	1.2538497427748068	2637.0	0.0	16989.0	2518.463134765625	972.0	0.15434782608695652	42.0	1.614141414141414	-1.9221556886227547	202.0	11.732318271720098	2630.0	130.56176003872613	-8628.0	-39.448121661804656	-749.0	
-6.275844225991615	1949.0	6.696005875992357	1528.0	1.3535992068614529	2583.0	0.0	17629.0	2537.994384765625	972.0	0.15434782608695652	35.0	1.6	-1.9361277445109784	209.0	11.737687933201574	3016.0	133.89966348348747	-8835.0	-45.31889779187955	-751.0	
-5.725799662613592	1940.0	6.938775308202493	1507.0	1.4699610817570934	2538.0	0.0	18269.0	2557.525634765625	972.0	0.15434782608695652	25.0	1.5797979797979798	-1.9321357285429144	207.0	4.249839316781389	3458.0	137.73319334646294	-9038.0	-51.966452765791395	-265.0	
-5.483911893597718	1935.0	6.798566056378214	1518.0	1.531218830784431	2518.0	0.0	18909.0	2577.056884765625	964.0	0.13695652173913045	26.0	1.5818181818181818	-1.9101796407185632	196.0	12.936671901179173	4120.0	133.99309655661668	-8802.0	-62.12176215627415	-840.0	
-4.907245392878052	1957.0	6.889761334437099	1510.0	1.272837207608361	2471.0	0.0	19549.0	2596.588134765625	966.0	0.14130434782608695	18.0	1.5656565656565657	-1.8702594810379245	176.0	14.47250082657703	4238.0	131.28932426848593	-8624.0	-63.93179725161178	-943.0	
-4.882166498296544	1944.0	7.117783923201488	1491.0	1.4319947284659165	2469.0	0.0	20189.0	2616.119384765625	962.0	0.13260869565217392	7.0	1.5434343434343434	-1.8702594810379245	176.0	15.317766982815652	4307.0	129.38341545805963	-8498.0	-64.98967957096885	-1000.0	
-5.000318750410276	1954.0	7.378625629882676	1470.0	1.3129396953007475	2479.0	0.0	20829.0	2635.650634765625	957.0	0.12173913043478261	4.0	1.5373737373737373	-1.880239520958084	181.0	14.934237323470223	4428.0	126.63514557750653	-8308.0	-66.82614845688491	-978.0	
-4.6692119705648185	1957.0	7.5311662417395455	1457.0	1.2816315909045177	2452.0	0.0	21469.0	2655.181884765625	953.0	0.11304347826086956	2.0	1.5333333333333334	-1.8343313373253496	158.0	16.581203861962532	4416.0	123.85954316278105	-8131.0	-66.66010861656639	-1087.0	
-4.140658542312738	1946.0	8.090897645505779	1410.0	1.4250445597066288	2409.0	0.0	22109.0	2674.713134765625	950.0	0.10652173913043478	-5.0	1.5191919191919192	-1.848303393213573	165.0	18.92832856894085	4455.0	121.27613140797226	-7968.0	-67.27673575717232	-1242.0	
-3.5865305813152766	1928.0	8.855701755352118	1346.0	1.6551013502945848	2364.0	0.0	22749.0	2694.244384765625	949.0	0.10434782608695653	-6.0	1.5171717171717172	-1.8542914171656688	168.0	21.015634363779476	4382.0	117.09843828126218	-7702.0	-66.18734265542487	-1380.0	
-3.336711544315998	1906.0	8.49176845605995	1375.0	1.9190204486355111	2343.0	0.0	23389.0	2713.775634765625	945.0	0.09565217391304348	-5.0	1.5191919191919192	-1.8223552894211579	152.0	26.99368918338964	4181.0	110.21825521153875	-7279.0	-63.19008898308865	-1772.0	
-3.6947439885699214	1899.0	8.131532353129927	1405.0	1.9961751125612621	2372.0	0.0	24029.0	2733.306884765625	941.0	0.08695652173913043	-19.0	1.490909090909091	-1.8163672654690621	149.0	32.40937674928364	3982.0	103.91815976764451	-6892.0	-60.21762988916584	-2127.0	
-4.002547403935409	1899.0	7.8329316534797515	1430.0	1.9901110714111054	2397.0	0.0	24669.0	2752.838134765625	937.0	0.0782608695652174	-25.0	1.4787878787878788	-1.8403193612774453	161.0	30.447158179526905	3919.0	100.11835220938912	-6632.0	-59.23983279852531	-2001.0	
-4.3806229268557	1890.0	7.935940478188761	1422.0	2.095794139368752	2428.0	0.0	25309.0	2772.369384765625	938.0	0.08043478260869566	-21.0	1.486868686868687	-1.786427145708583	134.0	30.084498368297496	4114.0	99.0478317073597	-6551.0	-62.20198566809363	-1980.0	
-4.212773102135383	1922.0	8.488930644874445	1377.0	1.7174603706081129	2415.0	0.0	25949.0	2791.900634765625	939.0	0.08260869565217391	-32.0	1.4646464646464648	-1.788423153692615	135.0	21.94570500036504	4629.0	100.28741980051369	-6575.0	-69.95329735418616	-1454.0	
-3.5044765157826596	1915.0	8.680215123117252	1360.0	1.8107935306516587	2357.0	0.0	26589.0	2811.431884765625	941.0	0.08695652173913043	-36.0	1.4565656565656566	-1.7984031936127747	140.0	22.692225299716892	4841.0	98.35543986946035	-6441.0	-73.18509715794013	-1506.0	
-2.8097935457778003	1920.0	8.58204112754084	1367.0	1.7565176565405216	2300.0	0.0	27229.0	2830.963134765625	935.0	0.07391304347826087	-35.0	1.4585858585858587	-1.8003992015968067	141.0	28.42059287804225	5121.0	95.30849698668442	-6253.0	-77.50093596680324	-1884.0	
-2.679561203823594	1916.0	9.468513186838843	1294.0	1.8148774716373808	2290.0	0.0	27869.0	2850.494384765625	931.0	0.06521739130434782	-35.0	1.4585858585858587	-1.7724550898203595	127.0	41.65956065697653	5102.0	88.27355686842212	-5846.0	-77.34435226056216	-2751.0	
-2.2219801647809643	1907.0	10.22524271217315	1231.0	1.9354543122209091	2253.0	0.0	28509.0	2870.025634765625	932.0	0.06739130434782609	-51.0	1.4262626262626263	-1.794411177644711	138.0	43.09629581269964	5059.0	82.4202639739822	-5464.0	-76.70472721668213	-2848.0	
-2.006358795330515	1868.0	10.309033787543486	1223.0	2.408327954741406	2235.0	0.0	29149.0	2889.556884765625	923.0	0.04782608695652174	-54.0	1.4202020202020202	-1.8143712574850301	148.0	42.61882349861691	4589.0	72.03263195437387	-4788.0	-69.55166352015726	-2819.0	
-2.02134081357793	1861.0	10.112567019458238	1239.0	2.4905508162756695	2236.0	0.0	29789.0	2909.088134765625	921.0	0.043478260869565216	-60.0	1.408080808080808	-1.7844311377245512	133.0	43.612717816704084	4121.0	59.93961164615506	-4005.0	-62.44373174090469	-2887.0	
-2.3401376155883256	1857.0	9.983922246928252	1250.0	2.534269171614603	2262.0	0.0	30429.0	2928.619384765625	919.0	0.0391304347826087	-70.0	1.387878787878788	-1.790419161676647	136.0	41.553249850925965	3579.0	49.87315680625403	-3346.0	-54.17979105364235	-2754.0	
-2.4011100532601746	1850.0	10.068816018085576	1243.0	2.6188457343470484	2267.0	0.0	31069.0	2948.150634765625	910.0	0.01956521739130435	-75.0	1.3777777777777778	-1.8083832335329344	145.0	34.408335916535876	3250.0	42.50912130954048	-2835.0	-49.10453963292962	-2290.0	
-2.7551711361480575	1838.0	10.170617101088007	1235.0	2.760901447601206	2296.0	0.0	31709.0	2967.681884765625	908.0	0.015217391304347827	-78.0	1.3717171717171717	-1.790419161676647	136.0	27.36536133277705	2967.0	36.83014354093949	-2435.0	-44.72992737758633	-1832.0	
-3.359622231200002	1863.0	10.396123081568234	1218.0	2.4559071771783803	2346.0	0.0	32349.0	2987.213134765625	912.0	0.02391304347826087	-84.0	1.3595959595959597	-1.8023952095808387	142.0	24.35807452303435	2961.0	29.149743541269274	-1909.0	-44.60859975663719	-1641.0	
-2.4142338469319546	1867.0	10.999820571641886	1167.0	2.42320526483746	2269.0	0.0	32989.0	3006.744384765625	908.0	0.015217391304347827	-91.0	1.3454545454545455	-1.8343313373253496	158.0	11.815276705039313	2705.0	23.345241694100025	-1474.0	-40.58963565678424	-825.0	
-2.864815946419971	1876.0	10.950125334041761	1172.0	2.30976875652682	2306.0	0.0	33629.0	3026.275634765625	902.0	0.002173913043478261	-84.0	1.3595959595959597	-1.8263473053892219	154.0	14.033794496832522	2320.0	15.265457900683222	-961.0	-34.75630752671738	-971.0	
-3.3881718705736743	1891.0	10.866767277542536	1180.0	2.122978725154025	2349.0	0.0	34269.0	3045.806884765625	903.0	0.004347826086956522	-104.0	1.3191919191919192	-1.850299401197605	166.0	14.852499365302766	1761.0	8.826420985715563	-558.0	-26.262593434717665	-1023.0	
-3.545460681354884	1888.0	11.027726013572698	1167.0	2.159160002719768	2362.0	0.0	34909.0	3065.338134765625	899.0	-0.004347826086956522	-102.0	1.3232323232323233	-1.8542914171656688	168.0	10.146327785601859	948.0	3.1571208916442544	-191.0	-13.850512707513813	-712.0	
-4.00385769501379	1912.0	11.237848692462464	1151.0	1.8675206328660523	2400.0	0.0	35549.0	3084.869384765625	895.0	-0.013043478260869566	-90.0	1.3474747474747475	-1.8243512974051899	153.0	6.482999396805311	308.0	0.0392266894601323	8.0	-4.080039119443339	-469.0	
-4.100277469258317	1924.0	11.206108920268044	1154.0	1.721660724148651	2408.0	0.0	36189.0	3104.400634765625	895.0	-0.013043478260869566	-93.0	1.3414141414141414	-1.8542914171656688	168.0	3.650318879411644	-280.0	-2.100347872460599	140.0	4.89125346519828	-280.0	
-4.051737839572719	1931.0	11.097080874784467	1163.0	1.6367184905930807	2404.0	0.0	36829.0	3123.931884765625	902.0	0.002173913043478261	-100.0	1.3272727272727274	-1.8303393213572856	156.0	-0.2601870819752439	-979.0	-4.742179428025951	306.0	15.561537232036484	-20.0	
-3.8668854670519557	1954.0	11.013539880074651	1170.0	1.3606231706362506	2389.0	0.0	37469.0	3143.463134765625	897.0	-0.008695652173913044	-96.0	1.3353535353535353	-1.8383233532934133	160.0	0.07460671836375783	-1552.0	-7.602829854611986	472.0	24.2730181913715	-38.0	
-3.675116849450677	1937.0	10.883644528015155	1180.0	1.5660611804001021	2373.0	0.0	38109.0	3162.994384765625	904.0	0.006521739130434783	-96.0	1.3353535353535353	-1.8143712574850301	148.0	2.9963149248494614	-2311.0	-10.906610454883214	648.0	35.78752734504808	-223.0	
-3.844571220120176	1946.0	10.901427746309034	1179.0	1.4561107339365869	2387.0	0.0	38749.0	3182.525634765625	900.0	-0.002173913043478261	-97.0	1.3333333333333333	-1.8263473053892219	154.0	4.714805166885318	-3119.0	-15.56575232308413	918.0	48.05931582665815	-330.0	
-3.3743274850967095	1930.0	10.558873619317286	1206.0	1.6501587143542533	2348.0	0.0	39389.0	3202.056884765625	898.0	-0.006521739130434783	-97.0	1.3333333333333333	-1.8263473053892219	154.0	0.7563592285529213	-3742.0	-21.846167436848187	1330.0	57.57418545714413	-70.0	
