Device	Device	Device	Device	Device	Device	Device	Device	Device	Device	Device	Device	Device	Device	Device	Device	Device	Device	Device	Device	Device	
Low Noise Accelerometer X	Low Noise Accelerometer X	Low Noise Accelerometer Z	Low Noise Accelerometer Z	Low Noise Accelerometer Y	Low Noise Accelerometer Y	Event_Marker	Timestamp	Timestamp	Magnetometer Z	Magnetometer Z	Magnetometer X	Magnetometer X	Magnetometer Y	Magnetometer Y	Gyroscope Y	Gyroscope Y	Gyroscope Z	Gyroscope Z	Gyroscope X	Gyroscope X	
CAL	UNCAL	UNCAL	CAL	UNCAL	CAL	CAL	UNCAL	CAL	CAL	UNCAL	CAL	UNCAL	UNCAL	CAL	CAL	UNCAL	CAL	UNCAL	UNCAL	CAL	
m/(s^2)	no units	no units	m/(s^2)	no units	m/(s^2)	no units	no units	ms	local_flux	no units	local_flux	no units	no units	local_flux	deg/s	no units	deg/s	no units	no units	deg/s	
-4.819941180329897	1900.0	2753.0	-8.184594223465938	2480.0	1.2700364145707557	0.0	52665.0	1607.208251953125	-0.62	273.0	-0.8340080971659919	-822.0	-52.0	-0.28542510121457493	0.749350053525004	82.0	-0.25197394755957936	6.0	-188.0	-2.411603673801206	
-4.618088499561505	1900.0	2757.0	-8.237421384722012	2463.0	1.2709983981533182	0.0	53305.0	1626.739501953125	-0.62	273.0	-0.8340080971659919	-822.0	-52.0	-0.28542510121457493	0.6575929041137789	83.0	0.2132707253297706	-24.0	-182.0	-2.4222957107304373	
-4.5716956342285	1902.0	2767.0	-8.360039613326256	2459.0	1.2449135766923944	0.0	53945.0	1646.270751953125	-0.63	269.0	-0.8279352226720648	-819.0	-32.0	-0.3259109311740891	-0.41290717235051233	33.0	-0.1361027982080403	1.0	-112.0	-1.6585652630595702	
-4.440403857144004	1902.0	2764.0	-8.32610000011464	2448.0	1.246905286727472	0.0	54585.0	1665.802001953125	-0.63	269.0	-0.8279352226720648	-819.0	-32.0	-0.3259109311740891	-0.3211500229392874	36.0	-1.6466220884548424	99.0	-118.0	-1.7197039069364128	
-4.202959947010285	1907.0	2769.0	-8.391232796266639	2428.0	1.1877361060503475	0.0	55225.0	1685.333251953125	-0.63	269.0	-0.8279352226720648	-819.0	-32.0	-0.3259109311740891	0.6270071876433706	110.0	-2.7652212698728684	170.0	-180.0	-2.866381689451836	
-4.050061284981417	1904.0	2784.0	-8.577557069570185	2415.0	1.2216831855178183	0.0	55865.0	1704.864501953125	-0.6175	274.0	-0.8279352226720648	-819.0	-53.0	-0.2834008097165992	0.9022786358770455	53.0	-3.769342000040695	234.0	-198.0	-2.0017873282403946	
-3.825630113584266	1898.0	2798.0	-8.753487548902738	2396.0	1.2926980442716447	0.0	56505.0	1724.395751953125	-0.6175	274.0	-0.8279352226720648	-819.0	-53.0	-0.2834008097165992	1.1775500841107205	52.0	-5.3339569786722425	335.0	-216.0	-2.0020889943685853	
-3.587948420458888	1898.0	2801.0	-8.79484204588882	2376.0	1.2942477712631766	0.0	57145.0	1743.927001953125	-0.6175	274.0	-0.8279352226720648	-819.0	-53.0	-0.2834008097165992	4.037314574093899	89.0	-7.795907983589976	488.0	-403.0	-2.5944543997683844	
-3.4584791567428277	1903.0	2813.0	-8.943153769520865	2365.0	1.2323352655722748	0.0	57785.0	1763.458251953125	-0.6175	274.0	-0.8279352226720648	-819.0	-53.0	-0.2834008097165992	5.0466432176173734	245.0	-10.55010861625305	666.0	-469.0	-5.0157358567625	
-3.4940679774354777	1900.0	2812.0	-8.93060726735729	2368.0	1.2683748857218728	0.0	58425.0	1782.989501953125	-0.625	271.0	-0.8218623481781376	-816.0	-51.0	-0.2874493927125506	5.627771830555131	383.0	-13.33608682364805	847.0	-507.0	-7.1611343836576875	
-3.386815110347165	1908.0	2811.0	-8.919606272811768	2359.0	1.1732818921149917	0.0	59065.0	1802.520751953125	-0.625	271.0	-0.8218623481781376	-816.0	-51.0	-0.2874493927125506	9.695672121119438	507.0	-15.971436459906407	1009.0	-773.0	-9.09020385362776	
-3.6130868601578263	1904.0	2812.0	-8.927733634830233	2378.0	1.2190493984608533	0.0	59705.0	1822.052001953125	-0.625	271.0	-0.8218623481781376	-816.0	-51.0	-0.2874493927125506	17.097415506958253	553.0	-17.952297024127365	1119.0	-1257.0	-9.815858707543715	
-3.909303980287315	1905.0	2801.0	-8.787540885874296	2403.0	1.2068428894675924	0.0	60345.0	1841.583251953125	-0.64	265.0	-0.8076923076923077	-809.0	-48.0	-0.2935222672064777	21.853494418106745	587.0	-19.321619288031748	1196.0	-1568.0	-10.351264374559005	
-4.052879490761004	1892.0	2807.0	-8.859377647529001	2415.0	1.360596905153858	0.0	60985.0	1861.114501953125	-0.64	265.0	-0.8076923076923077	-809.0	-48.0	-0.2935222672064777	23.795687413977674	614.0	-19.610486594935217	1210.0	-1695.0	-10.768454106397412	
-4.255223393885112	1889.0	2807.0	-8.855672721844478	2432.0	1.3947921429495604	0.0	61625.0	1880.645751953125	-0.64	265.0	-0.8076923076923077	-809.0	-48.0	-0.2935222672064777	21.104144364581742	706.0	-19.504100835454643	1211.0	-1519.0	-12.179082745350097	
-4.148459340479838	1896.0	2810.0	-8.893553095602853	2423.0	1.3107648266108556	0.0	62265.0	1900.177001953125	-0.64	265.0	-0.8076923076923077	-809.0	-48.0	-0.2935222672064777	16.13396543814039	845.0	-19.8684538684308	1249.0	-1194.0	-14.31560950415922	
-4.042057381075576	1906.0	2816.0	-8.967642869462315	2414.0	1.1898651230168653	0.0	62905.0	1919.708251953125	-0.6675	254.0	-0.8117408906882592	-811.0	-33.0	-0.32388663967611336	14.574093898149565	963.0	-20.741564635894626	1311.0	-1092.0	-16.1349896834926	
-3.9354296820430363	1901.0	2820.0	-9.019158680494096	2405.0	1.250142047641977	0.0	63545.0	1939.239501953125	-0.6675	254.0	-0.8117408906882592	-811.0	-33.0	-0.32388663967611336	19.17724422694602	951.0	-22.32715807625703	1402.0	-1393.0	-15.966711813998725	
-3.888290950653921	1915.0	2824.0	-9.067190303487344	2401.0	1.0809781037008224	0.0	64185.0	1958.770751953125	-0.6675	254.0	-0.8117408906882592	-811.0	-33.0	-0.32388663967611336	23.214558801039917	1021.0	-23.246929987708306	1452.0	-1657.0	-17.05002338918198	
-3.770479047934942	1921.0	2834.0	-9.190761936351354	2391.0	1.0073956334442258	0.0	64825.0	1978.302001953125	-0.6925	244.0	-0.7692307692307693	-790.0	-25.0	-0.340080971659919	24.40740174338584	1034.0	-24.04629918096182	1501.0	-1735.0	-17.25749536867014	
-3.4513044824669485	1925.0	2852.0	-9.416162532409155	2364.0	0.9578865960934124	0.0	65465.0	1997.833251953125	-0.6925	244.0	-0.7692307692307693	-790.0	-25.0	-0.340080971659919	22.205230157516443	1089.0	-24.580391646544783	1542.0	-1591.0	-18.106782894522837	
-3.1658926113141543	1924.0	2854.0	-9.446403988558249	2340.0	0.9721840784530431	0.0	569.0	2017.364501953125	-0.6925	244.0	-0.7692307692307693	-790.0	-25.0	-0.340080971659919	22.480501605750117	1184.0	-25.822663177513558	1623.0	-1609.0	-19.576931557354396	
-2.904660821875631	1915.0	2859.0	-9.513701235182133	2318.0	1.0818841863547095	0.0	1209.0	2036.895751953125	-0.72	233.0	-0.7489878542510121	-780.0	-15.0	-0.3603238866396761	25.187337513381255	1367.0	-27.99462486088712	1759.0	-1786.0	-22.406691683624985	
-2.8683731042440623	1891.0	2854.0	-9.456358043453836	2315.0	1.3725505538716152	0.0	1849.0	2056.427001953125	-0.72	233.0	-0.7489878542510121	-780.0	-15.0	-0.3603238866396761	26.563694754549626	1529.0	-30.824107435781432	1941.0	-1876.0	-24.920792861990165	
-2.831078855174298	1893.0	2841.0	-9.29836170790597	2312.0	1.3519870375311014	0.0	2489.0	2075.958251953125	-0.72	233.0	-0.7489878542510121	-780.0	-15.0	-0.3603238866396761	23.902737421624103	1776.0	-33.84820912792574	2147.0	-1702.0	-28.741121342468457	
-2.8191861198582338	1885.0	2841.0	-9.299564366775737	2311.0	1.4484674538755413	0.0	3129.0	2095.489501953125	-0.72	233.0	-0.7489878542510121	-780.0	-15.0	-0.3603238866396761	19.024315644593976	1901.0	-37.49447149611659	2398.0	-1383.0	-30.69564442341598	
-2.7708440214747636	1886.0	2835.0	-9.227259290333505	2307.0	1.4383487836171365	0.0	3769.0	2115.020751953125	-0.7425	224.0	-0.7267206477732794	-769.0	-4.0	-0.3825910931174089	15.568129683437837	1992.0	-41.18745350053774	2648.0	-1157.0	-32.128922256349554	
-2.7823734584534785	1892.0	2832.0	-9.189726797728829	2308.0	1.3666949824729366	0.0	4409.0	2134.552001953125	-0.7425	224.0	-0.7267206477732794	-769.0	-4.0	-0.3825910931174089	17.005658357547027	2042.0	-45.35930792135387	2916.0	-1251.0	-32.93786498346397	
-2.8189326804941772	1893.0	2839.0	-9.27422043037011	2311.0	1.3525913248286199	0.0	5049.0	2154.083251953125	-0.7425	224.0	-0.7267206477732794	-769.0	-4.0	-0.3825910931174089	20.828872916348068	2064.0	-48.89260214253214	3136.0	-1501.0	-33.310776566154495	
-3.044115739629129	1882.0	2831.0	-9.173478724817672	2330.0	1.4848844488302466	0.0	5689.0	2173.614501953125	-0.77	213.0	-0.7064777327935223	-759.0	2.0	-0.39473684210526316	19.91130142223582	2037.0	-51.643954206295405	3317.0	-1441.0	-32.92398902802275	
-3.0203025692612213	1889.0	2831.0	-9.173114068979258	2328.0	1.4007925242531039	0.0	6329.0	2193.145751953125	-0.77	213.0	-0.7064777327935223	-759.0	2.0	-0.39473684210526316	16.990365499311824	2131.0	-54.00438123137279	3479.0	-1250.0	-34.38997476213727	
-3.067540320596585	1894.0	2828.0	-9.134984440610879	2332.0	1.340841775451696	0.0	6969.0	2212.677001953125	-0.77	213.0	-0.7064777327935223	-759.0	2.0	-0.39473684210526316	13.794158128154153	2194.0	-56.6354076084458	3659.0	-1041.0	-35.38298749636987	
-3.1378477849164232	1902.0	2819.0	-9.022873729737562	2338.0	1.2459953728572892	0.0	7609.0	2232.208251953125	-0.77	213.0	-0.7064777327935223	-759.0	2.0	-0.39473684210526316	12.983636641688333	2186.0	-59.54193319211576	3850.0	-988.0	-35.28929688294157	
-3.364607144073785	1898.0	2824.0	-9.079762026426101	2357.0	1.2907827844162822	0.0	8249.0	2251.739501953125	-0.7875	206.0	-0.6821862348178138	-747.0	1.0	-0.39271255060728744	15.354029668144978	2086.0	-62.78974738790911	4054.0	-1143.0	-33.78732665908701	
-3.376746092735876	1904.0	2826.0	-9.103180702159023	2358.0	1.217903864788497	0.0	8889.0	2271.270751953125	-0.7875	206.0	-0.6821862348178138	-747.0	1.0	-0.39271255060728744	14.451751032267932	2029.0	-64.28509570292158	4153.0	-1084.0	-32.92764457372401	
-3.874817097970094	1904.0	2811.0	-8.910281225580835	2400.0	1.2167811442677183	0.0	9529.0	2290.802001953125	-0.7875	206.0	-0.6821862348178138	-747.0	1.0	-0.39271255060728744	16.31747973696284	2004.0	-66.59375619426888	4298.0	-1206.0	-32.567119087184366	
-3.9912591709135286	1922.0	2790.0	-8.649726615162352	2410.0	1.0039603458671358	0.0	10169.0	2310.333251953125	-0.8075	198.0	-0.6477732793522267	-730.0	14.0	-0.4190283400809717	11.57669368404955	2107.0	-67.32656383519239	4359.0	-896.0	-34.15492898038047	
-4.02744666426251	1928.0	2794.0	-8.697047378631956	2413.0	0.9303628990377477	0.0	10809.0	2329.864501953125	-0.8075	198.0	-0.6477732793522267	-730.0	14.0	-0.4190283400809717	10.552072182290871	2028.0	-66.00572429484389	4275.0	-829.0	-32.92950637598511	
-4.169193639686072	1915.0	2785.0	-8.586030635273879	2425.0	1.0877922701747702	0.0	11449.0	2349.395751953125	-0.8075	198.0	-0.6477732793522267	-730.0	14.0	-0.4190283400809717	13.30478666462762	1837.0	-64.11487307025496	4143.0	-1009.0	-29.97980148503737	
-4.003066133983064	1900.0	2789.0	-8.639946731639778	2411.0	1.2690981148707474	0.0	12089.0	2368.927001953125	-0.8325	188.0	-0.6032388663967612	-708.0	18.0	-0.4271255060728745	14.543508181679158	1664.0	-62.68365061920156	4045.0	-1090.0	-27.310893587671227	
-3.920234744609698	1902.0	2793.0	-8.69014112763644	2404.0	1.244826155302379	0.0	12729.0	2388.458251953125	-0.8325	188.0	-0.6032388663967612	-708.0	18.0	-0.4271255060728745	12.784829484630679	1526.0	-61.83468681313951	3993.0	-975.0	-25.184865204789368	
-3.743270677185202	1913.0	2806.0	-8.850877242329767	2389.0	1.1108509532008295	0.0	13369.0	2407.989501953125	-0.8325	188.0	-0.6032388663967612	-708.0	18.0	-0.4271255060728745	10.94968649640618	1462.0	-62.078722137315054	4013.0	-855.0	-24.20525860391113	
-3.6832567657685917	1925.0	2802.0	-8.801867053049689	2384.0	0.9678529828475853	0.0	14009.0	2427.520751953125	-0.8325	188.0	-0.6032388663967612	-708.0	18.0	-0.4271255060728745	13.075393791099557	1522.0	-62.462150373780005	4033.0	-994.0	-25.129761905763274	
-3.6356268120237614	1942.0	2802.0	-8.800776440471392	2380.0	0.7635318175281658	0.0	14649.0	2447.052001953125	-0.845	183.0	-0.5789473684210527	-696.0	32.0	-0.45546558704453444	19.25370851812204	1686.0	-62.88404505569562	4046.0	-1398.0	-27.650476172514914	
-3.528377557944464	1947.0	2801.0	-8.790136746827342	2371.0	0.7045761400864181	0.0	15289.0	2466.583251953125	-0.845	183.0	-0.5789473684210527	-696.0	32.0	-0.45546558704453444	20.11010857929347	1767.0	-61.72155511124525	3969.0	-1454.0	-28.88175444937853	
-3.42089533821886	1943.0	2798.0	-8.756200488552665	2362.0	0.754522458533505	0.0	15929.0	2486.114501953125	-0.845	183.0	-0.5789473684210527	-696.0	32.0	-0.45546558704453444	19.284294234592448	1826.0	-60.69510800818285	3905.0	-1400.0	-29.77681451417728	
-3.264827215436436	1940.0	2787.0	-8.62557868650072	2349.0	0.7948401541156211	0.0	16569.0	2505.645751953125	-0.87	173.0	-0.5263157894736842	-670.0	35.0	-0.46153846153846156	18.290258449304176	1892.0	-60.67598562756459	3907.0	-1335.0	-30.789359211807334	
-3.2289945900704353	1943.0	2786.0	-8.613744721329258	2346.0	0.7592905813594574	0.0	17209.0	2525.177001953125	-0.87	173.0	-0.5263157894736842	-670.0	35.0	-0.46153846153846156	21.669980119284297	1926.0	-62.25173119053372	4001.0	-1556.0	-31.326829111813275	
-3.2173251857099716	1952.0	2788.0	-8.63728047575906	2345.0	0.650502825374707	0.0	17849.0	2544.708251953125	-0.87	173.0	-0.5263157894736842	-670.0	35.0	-0.46153846153846156	21.333537238109805	1920.0	-64.37711420099056	4140.0	-1534.0	-31.25601603996909	
-3.372425315817024	1949.0	2791.0	-8.671103010273796	2358.0	0.6844199516965948	0.0	18489.0	2564.239501953125	-0.87	173.0	-0.5263157894736842	-670.0	35.0	-0.46153846153846156	22.49579446398532	1896.0	-66.42677455509043	4270.0	-1610.0	-30.908245035715094	
-3.4671578708608224	1948.0	2787.0	-8.620548990844135	2366.0	0.6965318993058345	0.0	19129.0	2583.770751953125	-0.9125	156.0	-0.48785425101214575	-651.0	67.0	-0.5263157894736842	22.067594433399606	1820.0	-68.51308557867584	4406.0	-1582.0	-29.762927387933455	
-3.443613796229368	1934.0	2789.0	-8.647093908651057	2364.0	0.8649111404911913	0.0	19769.0	2603.302001953125	-0.9125	156.0	-0.48785425101214575	-651.0	67.0	-0.5263157894736842	21.226487230463377	1623.0	-70.09388347870795	4509.0	-1527.0	-26.75587208628317	
-3.3753678326059635	1935.0	2815.0	-8.96535468916778	2358.0	0.8471801917460066	0.0	20409.0	2622.833251953125	-0.9125	156.0	-0.48785425101214575	-651.0	67.0	-0.5263157894736842	22.29698730692767	1487.0	-71.52644887374811	4598.0	-1597.0	-24.683347962728583	
-3.3897118623552522	1932.0	2835.0	-9.20928147362045	2359.0	0.878302794072713	0.0	21049.0	2642.364501953125	-0.9325	148.0	-0.4352226720647773	-625.0	57.0	-0.5060728744939271	17.984401284600093	1344.0	-73.8983396725113	4762.0	-1315.0	-22.512805707604354	
-3.982879925306956	1932.0	2819.0	-9.002278244981337	2409.0	0.8765111780159782	0.0	21689.0	2661.895751953125	-0.9325	148.0	-0.4352226720647773	-625.0	57.0	-0.5060728744939271	15.277565376968957	1313.0	-76.87097553951077	4962.0	-1138.0	-22.066853072872476	
-3.4614761330335013	1945.0	2838.0	-9.242851398588241	2365.0	0.7202872468424784	0.0	22329.0	2681.427001953125	-0.9325	148.0	-0.4352226720647773	-625.0	57.0	-0.5060728744939271	12.035479431105674	1458.0	-79.42606289535888	5138.0	-926.0	-24.317354076859072	
-3.5815752760771913	1963.0	2847.0	-9.348003798195323	2375.0	0.5001157375403817	0.0	22969.0	2700.958251953125	-0.9450000000000001	143.0	-0.38866396761133604	-602.0	73.0	-0.5384615384615384	8.67105061936076	1482.0	-79.45700471036228	5149.0	-706.0	-24.685931102804105	
-4.199028462371107	1969.0	2835.0	-9.18856052282499	2427.0	0.4248409145583433	0.0	23609.0	2720.489501953125	-0.9450000000000001	143.0	-0.38866396761133604	-602.0	73.0	-0.5384615384615384	1.7892644135188869	1518.0	-79.63765864916141	5179.0	-256.0	-25.24013905388459	
-4.117312259072891	1956.0	2848.0	-9.350273526336677	2420.0	0.5790503225451882	0.0	24249.0	2740.020751953125	-0.9450000000000001	143.0	-0.38866396761133604	-602.0	73.0	-0.5384615384615384	6.423000458785748	1818.0	-83.468331305081	5419.0	-559.0	-29.881790877881254	
-4.637731197962238	1951.0	2821.0	-9.011215034319031	2464.0	0.6408682668520692	0.0	24889.0	2759.552001953125	-0.9450000000000001	143.0	-0.38866396761133604	-602.0	73.0	-0.5384615384615384	-2.355100168221441	1988.0	-83.93709846972872	5474.0	15.0	-32.495040771408966	
-5.403828507864774	1950.0	2759.0	-8.239993643620233	2529.0	0.6606799143381042	0.0	25529.0	2779.083251953125	-0.96	137.0	-0.3623481781376518	-589.0	92.0	-0.576923076923077	-14.619972472855178	2265.0	-82.78882422984287	5434.0	817.0	-36.73398000231071	
-5.555528620244641	1936.0	2734.0	-7.933814405416501	2542.0	0.8339611967735607	0.0	26169.0	2798.614501953125	-0.96	137.0	-0.3623481781376518	-589.0	92.0	-0.576923076923077	-5.383086098791865	2690.0	-82.49320748442622	5395.0	213.0	-43.25242938955963	
-5.710990844352704	1936.0	2740.0	-8.003846340032323	2555.0	0.8310059358401638	0.0	26809.0	2818.145751953125	-0.96	137.0	-0.3623481781376518	-589.0	92.0	-0.576923076923077	0.7187643370545955	2886.0	-75.92429144730282	4954.0	-186.0	-46.19425902618087	
-5.982552316784602	1935.0	2722.0	-7.779041202269754	2578.0	0.8448346166421806	0.0	27449.0	2837.677001953125	-0.98	129.0	-0.33805668016194335	-577.0	83.0	-0.5587044534412956	-0.6728857623489831	2705.0	-65.66822905660364	4289.0	-95.0	-43.31434686015328	
-6.087236804448367	1934.0	2702.0	-7.533204254360615	2587.0	0.86075270349481	0.0	28089.0	2857.208251953125	-0.98	129.0	-0.33805668016194335	-577.0	83.0	-0.5587044534412956	1.3763572411683744	2374.0	-58.95655943088509	3844.0	-229.0	-38.168206073056744	
-6.241722605526691	1935.0	2700.0	-7.505593886002462	2600.0	0.8477118600801057	0.0	28729.0	2876.739501953125	-0.98	129.0	-0.33805668016194335	-577.0	83.0	-0.5587044534412956	9.328643523474538	2165.0	-55.98445230462146	3628.0	-749.0	-34.931487917246	
-5.969315042756096	1930.0	2711.0	-7.645789989895341	2577.0	0.9078729774853754	0.0	29369.0	2896.270751953125	-0.98	129.0	-0.33805668016194335	-577.0	83.0	-0.5587044534412956	7.64642911760208	1913.0	-50.08040315813107	3246.0	-639.0	-31.005637543933624	
-6.038928427482369	1907.0	2696.0	-7.464271319665446	2583.0	1.1879156507776505	0.0	30009.0	2915.802001953125	-0.99	125.0	-0.29959514170040485	-558.0	74.0	-0.5404858299595142	9.00749350053525	1600.0	-45.81474185014964	2962.0	-728.0	-26.160157545860713	
-6.228881146916667	1905.0	2692.0	-7.411924215476198	2599.0	1.211159451209261	0.0	30649.0	2935.333251953125	-0.99	125.0	-0.29959514170040485	-558.0	74.0	-0.5404858299595142	10.001529285823521	1426.0	-40.72865791511617	2627.0	-793.0	-23.439356549996646	
-5.93289337942447	1916.0	2705.0	-7.575052228161289	2574.0	1.0783266481485536	0.0	31289.0	2954.864501953125	-0.99	125.0	-0.29959514170040485	-558.0	74.0	-0.5404858299595142	11.102615078758221	1220.0	-32.883237349560574	2112.0	-865.0	-20.19993871076736	
-5.363665206522702	1905.0	2722.0	-7.795092080841629	2526.0	1.212148253305892	0.0	31929.0	2974.395751953125	-1.0150000000000001	115.0	-0.2834008097165992	-550.0	73.0	-0.5384615384615384	9.206300657592905	958.0	-27.51048423218891	1765.0	-741.0	-16.125956461164915	
-5.211981954851569	1905.0	2747.0	-8.102957389918892	2513.0	1.207507779641058	0.0	32569.0	2993.927001953125	-1.0150000000000001	115.0	-0.2834008097165992	-550.0	73.0	-0.5384615384615384	3.318550237039303	433.0	-21.5108781389622	1385.0	-356.0	-8.010106479717074	
-5.319867216013685	1878.0	2753.0	-8.177197791844657	2522.0	1.5302453238101987	0.0	33209.0	3013.458251953125	-1.0150000000000001	115.0	-0.2834008097165992	-550.0	73.0	-0.5384615384615384	8.22755773053984	42.0	-21.259646279793444	1352.0	-677.0	-2.0079010507985484	
-5.231839289487021	1879.0	2812.0	-8.898214662987856	2514.0	1.5046570728815172	0.0	33849.0	3032.989501953125	-1.0125	116.0	-0.2550607287449393	-536.0	60.0	-0.5121457489878543	16.39394402813886	-218.0	-19.795856150931765	1233.0	-1211.0	1.9963026016025438	
-5.51936083478978	1849.0	2827.0	-9.078940621835118	2538.0	1.8596131213840743	0.0	34489.0	3052.520751953125	-1.0125	116.0	-0.2550607287449393	-536.0	60.0	-0.5121457489878543	16.348065453433247	-502.0	-16.99216366709541	1048.0	-1208.0	6.38217288534838	
-5.539152432383744	1841.0	2794.0	-8.677148000279233	2540.0	1.9638366000079268	0.0	35129.0	3072.052001953125	-1.0125	116.0	-0.2550607287449393	-536.0	60.0	-0.5121457489878543	7.860529132894939	-346.0	-14.275512405520958	895.0	-653.0	4.01559994729664	
-5.406511299241453	1848.0	2780.0	-8.508272781288142	2529.0	1.8842031663215817	0.0	35769.0	3091.583251953125	-1.0125	116.0	-0.2550607287449393	-536.0	60.0	-0.5121457489878543	4.00672885762349	75.0	-11.90348247743203	755.0	-401.0	-2.420707373493056	
-4.696502939255157	1857.0	2814.0	-8.936008211229945	2469.0	1.7743148063828496	0.0	36409.0	3111.114501953125	-1.0075	118.0	-0.23481781376518218	-526.0	68.0	-0.52834008097166	-0.18351429882244993	603.0	-8.471071599396197	548.0	-127.0	-10.488270636202648	
-4.7925523332756175	1876.0	2821.0	-9.017138089466515	2477.0	1.5428160522273109	0.0	37049.0	3130.645751953125	-1.0075	118.0	-0.23481781376518218	-526.0	68.0	-0.52834008097166	-6.040679002905644	544.0	-4.785200844589578	323.0	256.0	-9.546087392825212	
-4.7182232961818364	1867.0	2797.0	-8.727091522945535	2471.0	1.6577940088684273	0.0	37689.0	3150.177001953125	-1.0075	118.0	-0.23481781376518218	-526.0	68.0	-0.52834008097166	-12.769536626395475	449.0	-4.453745700215706	318.0	696.0	-8.085046893859607	
-4.869704894951456	1832.0	2770.0	-8.399060923717064	2484.0	2.0845265518532528	0.0	38329.0	3169.708251953125	-1.0150000000000001	115.0	-0.23076923076923078	-524.0	57.0	-0.5060728744939271	-10.597950756996484	408.0	-7.51536824580082	511.0	554.0	-7.486539289332337	
-5.210837600337788	1843.0	2737.0	-7.988521938540772	2513.0	1.9567958840209871	0.0	38969.0	3189.239501953125	-1.0150000000000001	115.0	-0.23076923076923078	-524.0	57.0	-0.5060728744939271	-6.010093286435235	710.0	-8.806081798979436	586.0	254.0	-12.133480489617845	
-4.890429559466985	1859.0	2745.0	-8.090574994317501	2486.0	1.7651878189768113	0.0	39609.0	3208.770751953125	-1.0150000000000001	115.0	-0.23076923076923078	-524.0	57.0	-0.5060728744939271	-1.5904572564612327	917.0	-5.244338352117109	345.0	-35.0	-15.274171172381077	
-4.8425714574212	1863.0	2743.0	-8.066669551643875	2482.0	1.7179517377664044	0.0	40249.0	3228.302001953125	-1.0150000000000001	115.0	-0.23076923076923078	-524.0	57.0	-0.5060728744939271	0.5505428964673498	679.0	1.8163059354261641	-122.0	-175.0	-11.551577618871917	
-4.663683448009344	1852.0	2740.0	-8.035011467601022	2467.0	1.8529039000233078	0.0	40889.0	3247.833251953125	-1.0275	110.0	-0.23481781376518218	-526.0	51.0	-0.4939271255060729	1.2998929499923537	467.0	5.5374627379072825	-368.0	-224.0	-8.261335515324625	
-4.672633666536468	1874.0	2716.0	-7.739557129837273	2468.0	1.593663243629456	0.0	41529.0	3267.364501953125	-1.0275	110.0	-0.23481781376518218	-526.0	51.0	-0.4939271255060729	-1.0857929346994954	412.0	3.6557110252015277	-240.0	-68.0	-7.436206431254814	
-4.468691785335863	1888.0	2703.0	-7.5834642478719925	2451.0	1.430149821285587	0.0	42169.0	3286.895751953125	-1.0275	110.0	-0.23481781376518218	-526.0	51.0	-0.4939271255060729	-3.3338430952745073	638.0	2.457557975905142	-154.0	79.0	-10.916041268484006	
-4.030372821799831	1891.0	2720.0	-7.7991869418878625	2414.0	1.394073978727377	0.0	42809.0	3306.427001953125	-1.0325	108.0	-0.24898785425101214	-533.0	45.0	-0.4817813765182186	-10.001529285823521	825.0	3.814199116903996	-223.0	515.0	-13.771893301143374	
-4.05516121086114	1884.0	2728.0	-7.897073467066426	2416.0	1.476205713730783	0.0	43449.0	3325.958251953125	-1.0325	108.0	-0.24898785425101214	-533.0	45.0	-0.4817813765182186	-4.083193148799511	741.0	5.241098743629316	-332.0	128.0	-12.46868767759363	
-4.089796490914477	1863.0	2719.0	-7.789172900971526	2419.0	1.7310294204449186	0.0	44089.0	3345.489501953125	-1.0325	108.0	-0.24898785425101214	-533.0	45.0	-0.4817813765182186	-1.437528674109191	381.0	5.203093815043609	-340.0	-45.0	-6.94505360995452	
-4.220250608014645	1850.0	2715.0	-7.73934651575022	2430.0	1.8873479130024393	0.0	44729.0	3365.020751953125	-1.025	111.0	-0.24898785425101214	-533.0	49.0	-0.4898785425101215	4.939593209970944	99.0	4.135731787727874	-290.0	-462.0	-2.6285828386364547	
-4.314606617021375	1858.0	2708.0	-7.651137892613589	2438.0	1.79178298320643	0.0	45369.0	3384.552001953125	-1.025	111.0	-0.24898785425101214	-533.0	49.0	-0.4898785425101215	3.976143141153082	28.0	4.040326756508146	-282.0	-399.0	-1.5400785492217837	
-4.253763475974802	1850.0	2697.0	-7.519204740337352	2433.0	1.8914156198310952	0.0	46009.0	3404.083251953125	-1.025	111.0	-0.24898785425101214	-533.0	49.0	-0.4898785425101215	1.8504358464597035	-15.0	4.241794764600374	-290.0	-260.0	-0.8782510718414905	
-4.078391364945113	1855.0	2723.0	-7.839136494511367	2418.0	1.8265297420024902	0.0	46649.0	3423.614501953125	-1.025	111.0	-0.24898785425101214	-533.0	49.0	-0.4898785425101215	4.92430035173574	100.0	5.536141554432806	-381.0	-461.0	-2.6299232246275306	
-4.079368992311192	1853.0	2731.0	-7.936899231119164	2418.0	1.8486610965388421	0.0	47289.0	3443.145751953125	-1.0325	108.0	-0.24696356275303644	-532.0	53.0	-0.4979757085020243	4.618443187031657	-84.0	7.5657781291092165	-514.0	-441.0	0.21375813421421636	
-3.9959497693085373	1837.0	2730.0	-7.928310264187059	2411.0	2.04243815244486	0.0	47929.0	3462.677001953125	-1.0325	108.0	-0.24696356275303644	-532.0	53.0	-0.4979757085020243	4.954886068206148	-368.0	7.2318949886610415	-496.0	-463.0	4.5682526617172075	
-4.1855223296967505	1847.0	2723.0	-7.83794725538937	2427.0	1.9218677593060887	0.0	48569.0	3482.208251953125	-1.0325	108.0	-0.24696356275303644	-532.0	53.0	-0.4979757085020243	5.413671815262273	-525.0	5.6821473034949355	-398.0	-493.0	6.961839119191157	
-4.093948396379464	1857.0	2753.0	-8.204363447470108	2419.0	1.7949732470868032	0.0	49209.0	3501.739501953125	-1.0225	112.0	-0.25101214574898784	-534.0	54.0	-0.5	4.144364581740327	-508.0	5.658619263437766	-393.0	-410.0	6.700747616602462	
-4.059844081781003	1842.0	2766.0	-8.365360559052736	2416.0	1.9728172395673997	0.0	49849.0	3521.270751953125	-1.0225	112.0	-0.25101214574898784	-534.0	54.0	-0.5	6.071264719376052	-671.0	6.448623184495132	-451.0	-536.0	9.209798492087394	
-3.9058567290764254	1832.0	2772.0	-8.442815764785378	2403.0	2.093289936690637	0.0	50489.0	3540.802001953125	-1.0225	112.0	-0.25101214574898784	-534.0	54.0	-0.5	3.792628842330632	-978.0	7.692352094868849	-529.0	-387.0	13.932992264235478	
-3.9430086020917647	1847.0	2784.0	-8.586574494890721	2406.0	1.9093203517921113	0.0	51129.0	3560.333251953125	-1.0225	112.0	-0.25101214574898784	-534.0	54.0	-0.5	3.7161645511546113	-1013.0	6.797959101217269	-471.0	-382.0	14.461105262333335	
-3.8737934414566495	1843.0	2802.0	-8.80791557423641	2400.0	1.9537784528958857	0.0	51769.0	3579.864501953125	-1.0225	112.0	-0.25101214574898784	-534.0	64.0	-0.520242914979757	4.434928888209207	-969.0	5.2378912188542	-371.0	-429.0	13.770347302552208	
-3.9476457082307745	1843.0	2822.0	-9.05028510879173	2406.0	1.948192539537038	0.0	52409.0	3599.395751953125	-1.0225	112.0	-0.25101214574898784	-534.0	64.0	-0.520242914979757	2.0339501452821533	-1001.0	5.544340973212264	-385.0	-272.0	14.264435277155785	
-3.8993036098473044	1844.0	2816.0	-8.977980032349498	2402.0	1.9380738692786332	0.0	53049.0	3618.927001953125	-1.0225	112.0	-0.25101214574898784	-534.0	64.0	-0.520242914979757	0.5811286129377581	-911.0	4.739556161846632	-328.0	-177.0	12.875383899810888	
-4.017726228585998	1837.0	2811.0	-8.915480001456908	2412.0	2.0224769931066886	0.0	53689.0	3638.458251953125	-1.0275	110.0	-0.2611336032388664	-539.0	69.0	-0.5303643724696356	-0.18351429882244993	-670.0	4.02269907651752	-277.0	-127.0	9.170194767349493	
-4.018563888570327	1850.0	2818.0	-8.999245999889833	2412.0	1.8641667905140902	0.0	54329.0	3657.989501953125	-1.0275	110.0	-0.2611336032388664	-539.0	69.0	-0.5303643724696356	2.3398073099862366	-504.0	3.8395806246893343	-270.0	-292.0	6.621179295582478	
-4.066405129907375	1860.0	2820.0	-9.021465371689928	2416.0	1.7427620629538747	0.0	54969.0	3677.520751953125	-1.0275	110.0	-0.2611336032388664	-539.0	69.0	-0.5303643724696356	2.553907325279095	-485.0	5.633475805974609	-387.0	-306.0	6.3475730578909575	
-3.9951164252124443	1857.0	2821.0	-9.035452045053974	2410.0	1.779339794846796	0.0	55609.0	3697.052001953125	-1.0125	116.0	-0.2651821862348178	-541.0	62.0	-0.5161943319838057	2.1410001529285827	-589.0	6.772206374281583	-461.0	-279.0	7.954786664019017	
-3.9114533975364396	1841.0	2818.0	-9.002482610786831	2403.0	1.9736068981462482	0.0	56249.0	3716.583251953125	-1.0125	116.0	-0.2651821862348178	-541.0	62.0	-0.5161943319838057	1.8351429882244994	-512.0	6.519400713926373	-443.0	-259.0	6.770733365739847	
-3.981768087874307	1843.0	2809.0	-8.891094501716458	2409.0	1.9510351278821085	0.0	56889.0	3736.114501953125	-1.0125	116.0	-0.2651821862348178	-541.0	62.0	-0.5161943319838057	3.6855788346842027	-414.0	5.568345544252271	-385.0	-380.0	5.257463415546866	
-3.946168428154613	1855.0	2810.0	-8.902557101175619	2406.0	1.8065835592371102	0.0	57529.0	3755.645751953125	-1.0125	116.0	-0.2651821862348178	-541.0	62.0	-0.5161943319838057	2.5692001835142992	-342.0	6.193129448879572	-422.0	-307.0	4.158908431208146	
-3.862973740443897	1855.0	2811.0	-8.916421663437372	2399.0	1.8071382148689823	0.0	58169.0	3775.177001953125	-1.01	117.0	-0.25303643724696356	-535.0	54.0	-0.5	-0.04587857470561248	-352.0	7.234411204638985	-483.0	-136.0	4.322766085346989	
-3.7309517536756873	1854.0	2802.0	-8.809461081854465	2388.0	1.8226458391394067	0.0	58809.0	3794.708251953125	-1.01	117.0	-0.25303643724696356	-535.0	54.0	-0.5	-0.5505428964673498	-308.0	6.692260356666709	-446.0	-103.0	3.64218729590977	
-3.576222147924014	1853.0	2802.0	-8.81269098287758	2375.0	1.8361767299475453	0.0	59449.0	3814.239501953125	-1.01	117.0	-0.25303643724696356	-535.0	54.0	-0.5	-1.498700107050008	-297.0	5.039992387762734	-336.0	-41.0	3.456875295981356	
-3.635977802631215	1853.0	2804.0	-8.835875501216737	2380.0	1.8351154830336907	0.0	60089.0	3833.770751953125	-1.01	117.0	-0.25708502024291496	-537.0	57.0	-0.5060728744939271	-3.5632359688025694	-270.0	3.2041193095299842	-211.0	94.0	3.0242155064296563	
-3.6589280219516906	1854.0	2797.0	-8.74994505231193	2382.0	1.8245563970474974	0.0	60729.0	3853.302001953125	-1.01	117.0	-0.25708502024291496	-537.0	57.0	-0.5060728744939271	-5.016057501146965	-226.0	2.423038163084697	-156.0	189.0	2.3412474140077073	
-3.634011708872015	1866.0	2788.0	-8.639266125296727	2380.0	1.682440825465586	0.0	61369.0	3872.833251953125	-1.01	117.0	-0.25708502024291496	-537.0	57.0	-0.5060728744939271	-1.3610643829331703	-119.0	2.370173566753907	-161.0	-50.0	0.6988590166250349	
-3.788741314623689	1867.0	2788.0	-8.636036224273612	2393.0	1.6689099346574474	0.0	62009.0	3892.364501953125	-1.01	117.0	-0.25708502024291496	-537.0	57.0	-0.5060728744939271	0.749350053525004	-44.0	2.9586432071209754	-204.0	-188.0	-0.44609256133066233	
-3.6455531892141124	1862.0	2785.0	-8.60293796903029	2381.0	1.7312447448718316	0.0	62649.0	3911.895751953125	-1.0075	118.0	-0.25101214574898784	-534.0	61.0	-0.5141700404858299	0.10705000764642914	-79.0	3.1020082942453584	-212.0	-146.0	0.09239801757495321	
-3.597580410849683	1860.0	2782.0	-8.567564894492087	2377.0	1.7565283196884083	0.0	63289.0	3931.427001953125	-1.0075	118.0	-0.25101214574898784	-534.0	61.0	-0.5141700404858299	-1.5445786817556202	-171.0	2.215727962917094	-151.0	-38.0	1.4952277108091618	
-3.634017730553706	1861.0	2788.0	-8.639868293465845	2380.0	1.7426696857408086	0.0	63929.0	3950.958251953125	-1.0075	118.0	-0.25101214574898784	-534.0	61.0	-0.5141700404858299	-0.10705000764642914	-221.0	1.1508148879200113	-86.0	-132.0	2.2518027629654362	
-3.7649498223098687	1856.0	2788.0	-8.637839373844026	2391.0	1.8016419070711052	0.0	64569.0	3970.489501953125	-1.0125	116.0	-0.24696356275303644	-532.0	58.0	-0.5080971659919028	-1.1163786511699039	-264.0	0.12331748237821094	-17.0	-66.0	2.9013405862093893	
-3.8842125097055678	1860.0	2790.0	-8.659346208652007	2401.0	1.7518263724166512	0.0	65209.0	3990.020751953125	-1.0125	116.0	-0.24696356275303644	-532.0	58.0	-0.5080971659919028	-0.6575929041137789	-257.0	0.07528047228347025	-15.0	-96.0	2.7934488305015672	
-3.9197929000438503	1864.0	2789.0	-8.645956671051664	2404.0	1.7035455881809378	0.0	313.0	4009.552001953125	-1.0125	116.0	-0.24696356275303644	-532.0	58.0	-0.5080971659919028	-0.5046643217617374	-198.0	0.6780640025013518	-54.0	-106.0	1.8941521299743769	
-3.9913374527755137	1857.0	2790.0	-8.657554801360892	2410.0	1.786935529445027	0.0	953.0	4029.083251953125	-1.01	117.0	-0.2591093117408907	-538.0	55.0	-0.5020242914979757	1.146964367640312	-174.0	1.4616268633804144	-109.0	-214.0	1.5337201507881697	
-3.9206642814456503	1849.0	2796.0	-8.73309481123165	2404.0	1.8825170031295846	0.0	1593.0	4048.614501953125	-1.01	117.0	-0.2591093117408907	-538.0	55.0	-0.5020242914979757	0.3211500229392874	-198.0	2.106202258942427	-149.0	-160.0	1.9084335125387875	
-3.9688712297927236	1859.0	2801.0	-8.791884884034305	2408.0	1.7603772044792179	0.0	2233.0	4068.145751953125	-1.01	117.0	-0.2591093117408907	-538.0	55.0	-0.5020242914979757	-0.6270071876433706	-255.0	1.4586279981760533	-105.0	-98.0	2.7765933384442434	
-4.015742069781724	1865.0	2795.0	-8.717064121029544	2412.0	1.6891157547129172	0.0	2873.0	4087.677001953125	-1.01	117.0	-0.2591093117408907	-538.0	55.0	-0.5020242914979757	0.21410001529285827	-216.0	0.7080774161584876	-58.0	-153.0	2.1706529699571964	
-4.1698657768590355	1863.0	2790.0	-8.653244352570306	2425.0	1.7129472985534975	0.0	3513.0	4107.208251953125	-1.0150000000000001	115.0	-0.25303643724696356	-535.0	75.0	-0.5425101214574899	0.3058571647040832	-140.0	1.577387944257473	-114.0	-159.0	1.0131653172206936	
-3.968498296764669	1865.0	2798.0	-8.754591581228805	2408.0	1.6888376432391026	0.0	4153.0	4126.739501953125	-1.0150000000000001	115.0	-0.25303643724696356	-535.0	75.0	-0.5425101214574899	-2.8138859152775657	-115.0	3.5978283571587752	-237.0	45.0	0.649757629896584	
-3.7666588636959975	1854.0	2802.0	-8.808743512456937	2391.0	1.8223031194271544	0.0	4793.0	4146.270751953125	-1.0150000000000001	115.0	-0.25303643724696356	-535.0	75.0	-0.5425101214574899	-3.1044502217464447	-187.0	4.059824168146191	-267.0	64.0	1.7591804113914513	
-3.706288879960068	1858.0	2795.0	-8.724126091244893	2386.0	1.7764063966044172	0.0	5433.0	4165.802001953125	-1.0125	116.0	-0.2651821862348178	-541.0	74.0	-0.5404858299595142	-1.0246215017586788	-165.0	2.0574259349764152	-142.0	-72.0	1.4015777885810057	
-3.9323168250973786	1854.0	2794.0	-8.707872985928319	2405.0	1.822663950343713	0.0	6073.0	4185.333251953125	-1.0125	116.0	-0.2651821862348178	-541.0	74.0	-0.5404858299595142	1.1010857929346995	-161.0	0.3426645168893965	-36.0	-211.0	1.3230522397676359	
-3.8861689687740615	1855.0	2806.0	-8.854992115501426	2401.0	1.8081348535443995	0.0	6713.0	4204.864501953125	-1.0125	116.0	-0.2651821862348178	-541.0	74.0	-0.5404858299595142	0.6423000458785748	-166.0	1.2061860590977969	-91.0	-181.0	1.4084098734803443	
-3.8861629470923704	1860.0	2806.0	-8.854389947332308	2401.0	1.747905993269177	0.0	7353.0	4224.395751953125	-1.0125	116.0	-0.2651821862348178	-541.0	74.0	-0.5404858299595142	-0.12234286588163329	-170.0	2.7588453698847104	-190.0	-131.0	1.4853144012207131	
-3.933045830444753	1856.0	2800.0	-8.780773520665784	2405.0	1.7971022640533214	0.0	7993.0	4243.927001953125	-1.0050000000000001	119.0	-0.2935222672064777	-555.0	77.0	-0.5465587044534413	2.1562930111637866	-84.0	2.557858298377736	-182.0	-280.0	0.16367893590690152	
-3.837457550371552	1859.0	2797.0	-8.745755037155167	2397.0	1.7626139382110122	0.0	8633.0	4263.458251953125	-1.0050000000000001	119.0	-0.2935222672064777	-555.0	77.0	-0.5465587044534413	4.129071723505123	57.0	2.485207887998289	-181.0	-409.0	-2.0006197639925047	
-3.88604465776471	1857.0	2805.0	-8.84256101456626	2401.0	1.7842883331310277	0.0	9273.0	4282.989501953125	-1.0050000000000001	119.0	-0.2935222672064777	-555.0	77.0	-0.5465587044534413	2.768007340571953	14.0	3.3482252245026807	-234.0	-320.0	-1.3321767933280897	
-3.932433910088701	1858.0	2795.0	-8.719581485060543	2405.0	1.774235838426818	0.0	9913.0	4302.520751953125	-1.01	117.0	-0.27530364372469635	-546.0	83.0	-0.5587044534412956	1.5751643982260286	-3.0	2.931904545498928	-204.0	-242.0	-1.075483777930004	
-3.943358652729393	1860.0	2787.0	-8.621579558653568	2406.0	1.7519902439863815	0.0	10553.0	4322.052001953125	-1.01	117.0	-0.27530364372469635	-546.0	83.0	-0.5587044534412956	2.875057348218382	77.0	2.107772134542695	-153.0	-327.0	-2.311283794689559	
-3.979537715724007	1873.0	2791.0	-8.668057286686407	2409.0	1.5940723927716822	0.0	11193.0	4341.583251953125	-1.01	117.0	-0.27530364372469635	-546.0	83.0	-0.5587044534412956	2.492735892338278	161.0	2.366662203315651	-168.0	-302.0	-3.5976315212843213	
-3.93145146537727	1864.0	2787.0	-8.62133701391745	2405.0	1.7039213956702879	0.0	11833.0	4361.114501953125	-1.0050000000000001	119.0	-0.2793522267206478	-548.0	68.0	-0.52834008097166	-0.382321455880104	147.0	2.6794542258322274	-181.0	-114.0	-3.3796808298454066	
-3.882861949311435	1868.0	2779.0	-8.52429016923871	2401.0	1.6581554566401837	0.0	12473.0	4380.645751953125	-1.0050000000000001	119.0	-0.2793522267206478	-548.0	68.0	-0.52834008097166	-1.2693072335219453	173.0	1.9960258679398162	-134.0	-56.0	-3.785471688535578	
-3.894521718981193	1867.0	2777.0	-8.499790945738319	2402.0	1.6705770361845782	0.0	13113.0	4400.177001953125	-1.0050000000000001	119.0	-0.2793522267206478	-548.0	68.0	-0.52834008097166	-0.3976143141153082	131.0	1.8470526231581075	-127.0	-113.0	-3.1424931073421494	
-4.03662115371506	1865.0	2771.0	-8.424020133410739	2414.0	1.69476784362596	0.0	13753.0	4419.708251953125	-1.0050000000000001	119.0	-0.2793522267206478	-548.0	68.0	-0.52834008097166	-1.9269001376357242	47.0	2.1414212351214945	-143.0	-13.0	-1.8506127939400236	
-3.9644815413360788	1860.0	2765.0	-8.352916038369802	2408.0	1.7571522855059902	0.0	14393.0	4439.239501953125	-1.0075	118.0	-0.2813765182186235	-549.0	67.0	-0.5263157894736842	-1.529285823520416	-8.0	2.624643087557639	-176.0	-39.0	-1.0018339742187923	
-3.953320220040066	1852.0	2771.0	-8.42726009924468	2407.0	1.8521625596701274	0.0	15033.0	4458.770751953125	-1.0075	118.0	-0.2813765182186235	-549.0	67.0	-0.5263157894736842	-1.3151858082275578	-52.0	3.301461032157303	-221.0	-53.0	-0.3199085138152998	
-3.965460373038495	1857.0	2773.0	-8.450799208611423	2408.0	1.7913294120973866	0.0	15673.0	4478.302001953125	-1.0075	118.0	-0.2813765182186235	-549.0	67.0	-0.5263157894736842	-0.9940357852882705	-88.0	3.1600471674309834	-213.0	-74.0	0.23107875922993362	
-3.9060692210049814	1858.0	2774.0	-8.464064957641	2403.0	1.7796098158660458	0.0	16313.0	4497.833251953125	-1.0075	118.0	-0.2793522267206478	-548.0	78.0	-0.548582995951417	-0.24468573176326658	-188.0	3.0839717913998874	-211.0	-123.0	1.764766371282113	
-4.024355485370941	1863.0	2768.0	-8.387929489475006	2413.0	1.7197086987302843	0.0	16953.0	4517.364501953125	-1.0075	118.0	-0.2793522267206478	-548.0	78.0	-0.548582995951417	0.48937146352653316	-251.0	3.3371798868850804	-230.0	-171.0	2.7340009226988347	
-3.9061778756419363	1869.0	2775.0	-8.474930421336458	2403.0	1.6468612995638394	0.0	17593.0	4536.895751953125	-1.0075	118.0	-0.2793522267206478	-548.0	78.0	-0.548582995951417	-0.382321455880104	-271.0	4.061107513982424	-275.0	-114.0	3.048129872132306	
-3.811713211998253	1850.0	2781.0	-8.552273580777632	2395.0	1.875174745662055	0.0	18233.0	4556.427001953125	-1.0075	118.0	-0.2793522267206478	-548.0	78.0	-0.548582995951417	1.498700107050008	-317.0	4.22490779111136	-291.0	-237.0	3.7556141231773403	
-3.8244604680073815	1857.0	2788.0	-8.63652299121432	2396.0	1.7890249354956398	0.0	18873.0	4575.958251953125	-1.0	121.0	-0.2813765182186235	-549.0	63.0	-0.5182186234817814	2.844471631747974	-326.0	3.7851836768859592	-266.0	-325.0	3.889317234958211	
-3.801632151023581	1856.0	2796.0	-8.734643673786646	2394.0	1.7993389977851155	0.0	19513.0	4595.489501953125	-1.0	121.0	-0.2813765182186235	-549.0	63.0	-0.5182186234817814	2.370393026456645	-422.0	4.512309101828305	-313.0	-294.0	5.369658920387625	
-3.7774592953273385	1858.0	2793.0	-8.698310485114797	2392.0	1.7762110045733464	0.0	20153.0	4615.020751953125	-1.0	121.0	-0.2813765182186235	-549.0	63.0	-0.5182186234817814	2.2480501605750116	-401.0	3.5668202760575625	-251.0	-286.0	5.037969875309295	
-3.7071337659624266	1865.0	2802.0	-8.808614691480757	2386.0	1.6903708263420858	0.0	20793.0	4634.552001953125	-1.0050000000000001	119.0	-0.2692307692307692	-543.0	59.0	-0.5101214574898786	2.737421624101545	-351.0	3.478015295419693	-246.0	-318.0	4.269857642596671	
-3.885429124399643	1862.0	2800.0	-8.781007678059547	2401.0	1.725284591339391	0.0	21433.0	4654.083251953125	-1.0050000000000001	119.0	-0.2692307692307692	-543.0	59.0	-0.5101214574898786	3.9608502829178778	-340.0	3.446151477536009	-247.0	-398.0	4.10074968417846	
-3.8727977490454983	1860.0	2794.0	-8.708346333121257	2400.0	1.7509605175338667	0.0	22073.0	4673.614501953125	-1.0050000000000001	119.0	-0.2692307692307692	-543.0	59.0	-0.5101214574898786	3.37972166998012	-289.0	2.8158486369573814	-204.0	-360.0	3.3118779892083037	
-3.766400606986589	1866.0	2800.0	-8.782917841516015	2391.0	1.6782439021600546	0.0	22713.0	4693.145751953125	-1.0	121.0	-0.26720647773279355	-542.0	60.0	-0.5121457489878543	1.4834072488148036	-226.0	3.639633806461436	-252.0	-236.0	2.3534133704414746	
-3.730325381283577	1868.0	2797.0	-8.74682384264334	2388.0	1.6552301488523695	0.0	23353.0	4712.677001953125	-1.0	121.0	-0.26720647773279355	-542.0	60.0	-0.5121457489878543	-0.8411072029362289	-220.0	3.287485050767713	-223.0	-84.0	2.2578249809357884	
-3.7411354476056227	1864.0	2788.0	-8.637354284371789	2389.0	1.7055042104389175	0.0	23993.0	4732.208251953125	-1.0	121.0	-0.26720647773279355	-542.0	60.0	-0.5121457489878543	-2.3245144517510323	-213.0	2.132813259857295	-144.0	13.0	2.1388668774198103	
-3.7183071306218225	1863.0	2796.0	-8.735474966944114	2387.0	1.7158182727283933	0.0	24633.0	4751.739501953125	-1.0	121.0	-0.26720647773279355	-542.0	60.0	-0.5121457489878543	-1.7739715552836828	-163.0	1.6262824745930073	-112.0	-23.0	1.3665773866609219	
-3.8481348753298787	1864.0	2787.0	-8.623011342511685	2398.0	1.704721074998877	0.0	25273.0	4771.270751953125	-1.0150000000000001	115.0	-0.2692307692307692	-543.0	69.0	-0.5303643724696356	-1.5445786817556202	-218.0	1.8701411388148725	-129.0	-38.0	2.21296257450001	
-3.7775739716459844	1864.0	2794.0	-8.709778116979372	2392.0	1.7036913485463623	0.0	25913.0	4790.802001953125	-1.0150000000000001	115.0	-0.2692307692307692	-543.0	69.0	-0.5303643724696356	-0.5964214711729623	-208.0	1.9260372024597359	-135.0	-100.0	2.0600766985552097	
-3.7315359742959604	1875.0	2807.0	-8.867883143881764	2388.0	1.5684595074998868	0.0	26553.0	4810.333251953125	-1.0150000000000001	115.0	-0.2692307692307692	-543.0	69.0	-0.5303643724696356	1.2998929499923537	-260.0	2.4882037306191345	-177.0	-224.0	2.863611514059299	
-3.7797694180424757	1863.0	2812.0	-8.929322756628537	2392.0	1.7113266940604983	0.0	27193.0	4829.864501953125	-1.0025	120.0	-0.26720647773279355	-542.0	74.0	-0.5404858299595142	0.7952286282306164	-406.0	3.4242109385999475	-238.0	-191.0	5.113266200225343	
-3.861627997395117	1859.0	2800.0	-8.781847358559371	2399.0	1.7616503873126927	0.0	27833.0	4849.395751953125	-1.0025	120.0	-0.26720647773279355	-542.0	74.0	-0.5404858299595142	0.061171432940816645	-376.0	2.704518345413735	-189.0	-143.0	4.645734764549734	
-4.050838463782321	1866.0	2790.0	-8.655274949660598	2415.0	1.6779523814292057	0.0	28473.0	4868.927001953125	-1.0025	120.0	-0.26720647773279355	-542.0	74.0	-0.5404858299595142	0.061171432940816645	-158.0	1.369082712605689	-100.0	-143.0	1.287282970750424	
-4.026779080068385	1875.0	2788.0	-8.630288959219499	2413.0	1.570258960135408	0.0	29113.0	4888.458251953125	-1.0025	120.0	-0.26720647773279355	-542.0	74.0	-0.5404858299595142	-0.33644288117449156	7.0	1.410301561321336	-100.0	-117.0	-1.244144644353029	
-3.9189419923598003	1862.0	2782.0	-8.56086590264668	2404.0	1.7293522981680467	0.0	29753.0	4907.989501953125	-1.0025	120.0	-0.3016194331983806	-559.0	86.0	-0.5647773279352227	-3.5479431105673656	-74.0	2.92596562084363	-191.0	93.0	0.013915172550311397	
-3.8706083243306977	1856.0	2776.0	-8.489403861641215	2400.0	1.803554032294953	0.0	30393.0	4927.520751953125	-1.0025	120.0	-0.3016194331983806	-559.0	86.0	-0.5647773279352227	-2.0339501452821533	-202.0	4.15313340157864	-276.0	-6.0	1.9902807585976492	
-3.751945513927669	1860.0	2779.0	-8.527884726100238	2390.0	1.7557782720254655	0.0	31033.0	4947.052001953125	-1.0025	120.0	-0.3016194331983806	-559.0	86.0	-0.5647773279352227	1.513992965285212	-292.0	4.197370453660655	-289.0	-238.0	3.371726658349711	
-3.8130517290290036	1852.0	2792.0	-8.686125283852691	2395.0	1.8483879408880777	0.0	31673.0	4966.583251953125	-0.9925	124.0	-0.291497975708502	-554.0	79.0	-0.5506072874493927	2.5233216088086867	-369.0	4.375897936026527	-304.0	-304.0	4.555037174848987	
-3.7416278742976763	1860.0	2792.0	-8.686596953577158	2389.0	1.752707203872227	0.0	32313.0	4986.114501953125	-0.9925	124.0	-0.291497975708502	-554.0	79.0	-0.5506072874493927	1.7128001223428662	-412.0	4.171007423291636	-289.0	-251.0	5.21280106702101	
-3.6713059579417795	1864.0	2801.0	-8.797262460844593	2383.0	1.7030043418060998	0.0	32953.0	5005.645751953125	-0.9925	124.0	-0.291497975708502	-554.0	79.0	-0.5506072874493927	3.8385074170362445	-363.0	4.262693497621606	-300.0	-390.0	4.461838228516189	
-3.6488409392953276	1865.0	2812.0	-8.931712977151827	2381.0	1.6884917888953355	0.0	33593.0	5025.177001953125	-0.99	125.0	-0.2894736842105263	-553.0	86.0	-0.5647773279352227	4.389050313503594	-356.0	4.826215001090538	-338.0	-426.0	4.360062057944004	
-3.50650492590614	1861.0	2816.0	-8.983825923947311	2369.0	1.737065661177655	0.0	34233.0	5044.708251953125	-0.99	125.0	-0.2894736842105263	-553.0	86.0	-0.5647773279352227	1.2540143752867412	-383.0	4.6706085087545866	-320.0	-221.0	4.772807051790017	
-3.5658924649306387	1863.0	2815.0	-8.970198874016265	2374.0	1.7126479412438622	0.0	34873.0	5064.239501953125	-0.99	125.0	-0.2894736842105263	-553.0	86.0	-0.5647773279352227	1.2081358005811287	-344.0	3.124975426314241	-219.0	-218.0	4.158915858298742	
-3.5899361922721766	1867.0	2817.0	-8.993619227217655	2376.0	1.6637463258220815	0.0	35513.0	5083.770751953125	-0.99	125.0	-0.2894736842105263	-553.0	86.0	-0.5647773279352227	3.700871692919407	-236.0	1.2423031806759748	-102.0	-381.0	2.4828849007648697	
-3.6971721986517534	1873.0	2818.0	-9.002934150889647	2385.0	1.59019851065834	0.0	36153.0	5103.302001953125	-0.98	129.0	-0.2894736842105263	-553.0	70.0	-0.5323886639676113	2.5080287505734824	-143.0	1.3350424920103086	-104.0	-303.0	1.0567753136725968	
-3.6607324702750534	1874.0	2812.0	-8.930389884648239	2382.0	1.5799656004958507	0.0	36793.0	5122.833251953125	-0.98	129.0	-0.2894736842105263	-553.0	70.0	-0.5323886639676113	0.749350053525004	-99.0	2.2580725983544707	-159.0	-188.0	0.39084833377854244	
-3.648105912266262	1868.0	2806.0	-8.858210274245243	2381.0	1.6538246149105047	0.0	37433.0	5142.364501953125	-0.98	129.0	-0.2894736842105263	-553.0	70.0	-0.5323886639676113	1.7128001223428662	-44.0	2.0895506738430933	-150.0	-251.0	-0.45478348666344115	
-3.707371548954086	1870.0	2804.0	-8.832392990646678	2386.0	1.629651918673429	0.0	38073.0	5161.895751953125	-0.9875	126.0	-0.29554655870445345	-556.0	78.0	-0.548582995951417	0.9940357852882705	4.0	1.6334802422111578	-118.0	-204.0	-1.1958794065697558	
-3.706764445943387	1868.0	2799.0	-8.77168268957673	2386.0	1.6549685812671038	0.0	38713.0	5181.427001953125	-0.9875	126.0	-0.29554655870445345	-556.0	78.0	-0.548582995951417	-1.4834072488148036	13.0	0.6572991632773186	-48.0	-42.0	-1.3437415702822186	
-3.8011409286678655	1859.0	2792.0	-8.685521438215101	2394.0	1.7641817764068504	0.0	39353.0	5200.958251953125	-0.9875	126.0	-0.29554655870445345	-556.0	78.0	-0.548582995951417	-0.22939287352806242	5.0	0.29830195159862777	-28.0	-124.0	-1.224575673134006	
-3.9196746107161897	1861.0	2788.0	-8.634127738285615	2404.0	1.7399279280427884	0.0	39993.0	5220.489501953125	-0.9875	126.0	-0.29554655870445345	-556.0	78.0	-0.548582995951417	-0.015292858235204161	-32.0	0.5301532890562527	-44.0	-138.0	-0.6545112644088084	
-3.8489918046956197	1861.0	2794.0	-8.708704279085786	2398.0	1.7391432252869907	0.0	40633.0	5240.020751953125	-0.99	125.0	-0.2834008097165992	-550.0	65.0	-0.5222672064777328	-0.45878574705612485	-41.0	1.3770687493123284	-98.0	-109.0	-0.5079417568831236	
-3.789467911298387	1871.0	2794.0	-8.708695891743432	2393.0	1.6192567042569668	0.0	41273.0	5259.552001953125	-0.99	125.0	-0.2834008097165992	-550.0	65.0	-0.5222672064777328	-2.0339501452821533	-111.0	2.1214609472762986	-143.0	-6.0	0.5736160211652596	
-3.8365909863151053	1870.0	2790.0	-8.659098631510474	2397.0	1.631825611482543	0.0	41913.0	5279.083251953125	-0.99	125.0	-0.2834008097165992	-550.0	65.0	-0.5222672064777328	-2.4468573176326656	-138.0	1.5955081078990196	-108.0	21.0	0.9826575515408593	
-3.920017435335789	1880.0	2791.0	-8.668410200245523	2404.0	1.5103231879067918	0.0	42553.0	5298.614501953125	-0.99	125.0	-0.29554655870445345	-556.0	76.0	-0.5445344129554656	-1.988071570576541	-58.0	0.8819201750363609	-62.0	-9.0	-0.25203702043775983	
-3.9436882296492715	1890.0	2790.0	-8.654537250641415	2406.0	1.3898820112448957	0.0	43193.0	5318.145751953125	-0.99	125.0	-0.29554655870445345	-556.0	76.0	-0.5445344129554656	-3.700871692919407	2.0	0.8365854125229062	-54.0	103.0	-1.1731593875503887	
-3.967123649643771	1893.0	2787.0	-8.617126869139035	2408.0	1.3542512863617455	0.0	43833.0	5337.677001953125	-0.99	125.0	-0.29554655870445345	-556.0	76.0	-0.5445344129554656	-4.970178926441353	-12.0	1.6542401529169548	-104.0	186.0	-0.9501600689326994	
-4.002233291344088	1883.0	2782.0	-8.55666246774215	2411.0	1.4755914056835233	0.0	44473.0	5357.208251953125	-0.985	127.0	-0.2773279352226721	-547.0	65.0	-0.5222672064777328	-3.6244074017433863	-32.0	1.9818638549468823	-129.0	98.0	-0.6399941587499022	
-4.227778444480051	1875.0	2777.0	-8.492130162290794	2430.0	1.5710121424298653	0.0	45113.0	5376.739501953125	-0.985	127.0	-0.2773279352226721	-547.0	65.0	-0.5222672064777328	-4.00672885762349	-52.0	2.3632236537054725	-153.0	123.0	-0.3292908875998181	
-4.2039628654394665	1884.0	2777.0	-8.491524639184734	2428.0	1.4628286737426335	0.0	45753.0	5396.270751953125	-0.985	127.0	-0.2773279352226721	-547.0	65.0	-0.5222672064777328	-6.851200489371465	17.0	3.056664077394246	-190.0	309.0	-1.3811258557735488	
-4.3807845568095365	1890.0	2763.0	-8.316550919048884	2443.0	1.3922707746051437	0.0	46393.0	5415.802001953125	-0.985	127.0	-0.2773279352226721	-547.0	65.0	-0.5222672064777328	-7.050007646429118	22.0	4.172793894582401	-262.0	322.0	-1.4466869758922916	
-4.487659673524441	1892.0	2761.0	-8.289776876253613	2452.0	1.3676411187517314	0.0	47033.0	5435.333251953125	-0.985	127.0	-0.29554655870445345	-556.0	65.0	-0.5222672064777328	-2.110414436458174	57.0	5.303341084836559	-348.0	-1.0	-1.972438432024122	
-4.4523218835231715	1889.0	2764.0	-8.32742644755517	2449.0	1.4033860835389662	0.0	47673.0	5454.864501953125	-0.985	127.0	-0.29554655870445345	-556.0	65.0	-0.5222672064777328	1.6822144058724577	-28.0	7.614904034189692	-509.0	-249.0	-0.6450416915899737	
-4.487534158178752	1895.0	2760.0	-8.277225341684623	2452.0	1.3317488262833153	0.0	48313.0	5474.395751953125	-0.985	127.0	-0.29554655870445345	-556.0	65.0	-0.5222672064777328	0.6575929041137789	-103.0	10.966611119921854	-725.0	-182.0	0.5393116536267158	
-4.343738929758476	1888.0	2752.0	-8.183416785371353	2440.0	1.4194002990913737	0.0	48953.0	5493.927001953125	-0.9875	126.0	-0.2935222672064777	-555.0	64.0	-0.520242914979757	-0.5199571799969415	-156.0	12.497505599323873	-822.0	-105.0	1.3678782323013559	
-4.30913737112261	1881.0	2761.0	-8.294689493213317	2437.0	1.5018582099184834	0.0	49593.0	5513.458251953125	-0.9875	126.0	-0.2935222672064777	-555.0	64.0	-0.520242914979757	0.9328643523474538	-140.0	13.026320431554076	-860.0	-200.0	1.1276546420936597	
-4.273176821738243	1889.0	2759.0	-8.270063126205219	2434.0	1.4063248005838145	0.0	50233.0	5532.989501953125	-0.9875	126.0	-0.2935222672064777	-555.0	64.0	-0.520242914979757	-0.10705000764642914	-175.0	14.800563136383932	-973.0	-132.0	1.68245399717633	
-4.295262885674948	1899.0	2745.0	-8.097717138923366	2436.0	1.289068931979241	0.0	50873.0	5552.520751953125	-0.9875	126.0	-0.2935222672064777	-555.0	64.0	-0.520242914979757	-1.3916500994035788	-188.0	15.38827229723012	-1008.0	-48.0	1.8878093763404153	
-4.5555158434110545	1911.0	2732.0	-7.93253672205786	2458.0	1.145191697486178	0.0	51513.0	5572.052001953125	-0.985	127.0	-0.3016194331983806	-559.0	70.0	-0.5323886639676113	0.9022786358770455	-181.0	15.789781075110358	-1040.0	-198.0	1.7844130785123438	
-4.497104727416295	1908.0	2741.0	-8.043806074962882	2453.0	1.1796949999012782	0.0	52153.0	5591.583251953125	-0.985	127.0	-0.3016194331983806	-559.0	70.0	-0.5323886639676113	2.0186572870469495	-98.0	17.019083328826966	-1122.0	-271.0	0.5231139574251424	
-4.53245335644461	1902.0	2738.0	-8.007240406365739	2456.0	1.2523619836094437	0.0	52793.0	5611.114501953125	-0.985	127.0	-0.3016194331983806	-559.0	70.0	-0.5323886639676113	-0.565835754702554	-209.0	19.535574348330815	-1280.0	-102.0	2.251516553672045	
-4.684992333145145	1900.0	2720.0	-7.784947600228756	2469.0	1.279378835507347	0.0	53433.0	5630.645751953125	-0.9875	126.0	-0.3076923076923077	-562.0	72.0	-0.5364372469635628	-2.0492430035173577	-329.0	22.068168317832196	-1442.0	-5.0	4.1181805323420475	
-4.895926769468042	1914.0	2693.0	-7.449819803947043	2487.0	1.1152973482745714	0.0	54073.0	5650.177001953125	-0.9875	126.0	-0.3076923076923077	-562.0	72.0	-0.5364372469635628	-2.752714482336749	-168.0	23.50527048508865	-1532.0	41.0	1.6620896850565028	
-4.635782466368889	1913.0	2707.0	-7.625865684508008	2465.0	1.1264260664654278	0.0	54713.0	5669.708251953125	-0.9875	126.0	-0.3076923076923077	-562.0	72.0	-0.5364372469635628	-5.016057501146965	-256.0	27.196760399155437	-1767.0	189.0	3.049319146112162	
-4.472794313010981	1923.0	2737.0	-7.993717015383805	2451.0	1.0002169936706478	0.0	55353.0	5689.239501953125	-0.9775	130.0	-0.34210526315789475	-579.0	71.0	-0.5344129554655871	-6.5759290411377895	-605.0	31.404536180756892	-2040.0	291.0	8.446621700613768	
-4.235605046577658	1919.0	2744.0	-8.084314181575255	2431.0	1.0489697140954894	0.0	55993.0	5708.770751953125	-0.9775	130.0	-0.34210526315789475	-579.0	71.0	-0.5344129554655871	-1.1163786511699039	-941.0	33.149496807911255	-2171.0	-66.0	13.619817816015281	
-4.293555048625157	1900.0	2731.0	-7.92693343394428	2436.0	1.2804534916782364	0.0	56633.0	5728.302001953125	-0.9775	130.0	-0.34210526315789475	-579.0	71.0	-0.5344129554655871	0.9175714941122497	-964.0	34.156648526506615	-2242.0	-199.0	13.982812457338108	
-3.8344825165014798	1900.0	2773.0	-8.448251650147943	2397.0	1.2746178526753997	0.0	57273.0	5747.833251953125	-0.9775	130.0	-0.34210526315789475	-579.0	71.0	-0.5344129554655871	-3.8690931335066527	-970.0	36.40819063894209	-2376.0	114.0	14.09739478041121	
-3.5060946584515995	1898.0	2813.0	-8.94279917849328	2369.0	1.2921071662311605	0.0	57913.0	5767.364501953125	-0.97	133.0	-0.354251012145749	-585.0	75.0	-0.5425101214574899	-5.872457562318398	-1094.0	36.607718343551106	-2385.0	245.0	16.002106031064788	
-3.3508810563622395	1894.0	2809.0	-8.897629445747791	2356.0	1.3427554679913012	0.0	58553.0	5786.895751953125	-0.97	133.0	-0.354251012145749	-585.0	75.0	-0.5425101214574899	-6.942957638782689	-1127.0	34.16917645074108	-2224.0	315.0	16.48408857285481	
-3.4904181333532516	1894.0	2782.0	-8.565622859134667	2368.0	1.3480002289536535	0.0	59193.0	5806.427001953125	-0.97	133.0	-0.354251012145749	-585.0	75.0	-0.5425101214574899	-5.061936075852578	-839.0	31.323460726815654	-2041.0	192.0	12.036420122075583	
-3.088800767912343	1881.0	2807.0	-8.88007679123434	2334.0	1.5023538299901658	0.0	59833.0	5825.958251953125	-0.9525	140.0	-0.37449392712550605	-595.0	55.0	-0.5020242914979757	-9.558036397002601	-696.0	31.125328693491642	-2015.0	486.0	9.840177638630484	
-3.019481769985627	1862.0	2824.0	-9.091034141419865	2328.0	1.7277435356163249	0.0	60473.0	5845.489501953125	-0.9525	140.0	-0.37449392712550605	-595.0	55.0	-0.5020242914979757	-9.466279247591375	-908.0	31.058370300229722	-2013.0	480.0	13.092538590220341	
-2.7793921385352016	1837.0	2807.0	-8.891594805901162	2308.0	2.0353380379183115	0.0	61113.0	5865.020751953125	-0.9525	140.0	-0.37449392712550605	-595.0	55.0	-0.5020242914979757	-6.698271907019422	-967.0	29.13906557220128	-1896.0	299.0	13.97867007876943	
-2.83915020191508	1835.0	2809.0	-8.915020191507967	2313.0	2.058368335114545	0.0	61753.0	5884.552001953125	-0.9450000000000001	143.0	-0.39878542510121456	-607.0	67.0	-0.5263157894736842	-2.370393026456645	-985.0	27.332850649625144	-1790.0	16.0	14.236808635389917	
-2.9683624132580695	1841.0	2795.0	-8.741003230568822	2324.0	1.988267395593392	0.0	62393.0	5904.083251953125	-0.9450000000000001	143.0	-0.39878542510121456	-607.0	67.0	-0.5263157894736842	-0.18351429882244993	-890.0	25.721888967684496	-1690.0	-127.0	12.762973071048641	
-2.884328861226686	1829.0	2789.0	-8.670981360763825	2317.0	2.135086481762818	0.0	63033.0	5923.614501953125	-0.9450000000000001	143.0	-0.39878542510121456	-607.0	67.0	-0.5263157894736842	-2.2174644441046034	-858.0	25.17753943894299	-1649.0	6.0	12.26650609870123	
-2.825066837547877	1824.0	2791.0	-8.697159945263863	2312.0	2.1953964941650272	0.0	63673.0	5943.145751953125	-0.9450000000000001	143.0	-0.39878542510121456	-607.0	67.0	-0.5263157894736842	-4.786664627618903	-953.0	25.373386344311317	-1656.0	174.0	13.72619051527678	
-2.6235666160897906	1835.0	2798.0	-8.785233037550432	2295.0	2.0631199140519487	0.0	64313.0	5962.677001953125	-0.93	149.0	-0.38866396761133604	-602.0	51.0	-0.4939271255060729	-5.1384003670285985	-1133.0	23.098872568616965	-1509.0	197.0	16.46545243598232	
-2.598050426017444	1839.0	2784.0	-8.614566411268225	2293.0	2.018595637393979	0.0	64953.0	5982.208251953125	-0.93	149.0	-0.38866396761133604	-602.0	51.0	-0.4939271255060729	1.5904572564612327	-1294.0	20.113418635543383	-1334.0	-243.0	18.906059765609694	
-2.5765726694277764	1830.0	2803.0	-8.847743133253848	2291.0	2.1225806154599223	0.0	57.0	6001.739501953125	-0.93	149.0	-0.38866396761133604	-602.0	51.0	-0.4939271255060729	5.306621807615844	-1378.0	17.967787144235988	-1205.0	-486.0	20.17354007797911	
-2.4954671821492744	1816.0	2821.0	-9.070527738736953	2284.0	2.2876106770182263	0.0	697.0	6021.270751953125	-0.93	149.0	-0.4048582995951417	-610.0	70.0	-0.5323886639676113	3.884385991741857	-1616.0	16.327037901131927	-1097.0	-393.0	23.8091196961818	
-2.638057839238857	1811.0	2819.0	-9.043879161980918	2296.0	2.3469587058378725	0.0	1337.0	6040.802001953125	-0.93	149.0	-0.4048582995951417	-610.0	70.0	-0.5323886639676113	3.609114543508182	-1725.0	12.553049693921835	-852.0	-375.0	25.443928532845312	
-2.672303325555403	1810.0	2807.0	-8.896999222206988	2299.0	2.3616020425412696	0.0	1977.0	6060.333251953125	-0.93	149.0	-0.4048582995951417	-610.0	70.0	-0.5323886639676113	4.11377886526992	-1688.0	8.647222194903675	-599.0	-408.0	24.837124362504508	
-2.69950687895979	1822.0	2835.0	-9.236402181693277	2301.0	2.209963634564488	0.0	2617.0	6079.864501953125	-0.93	149.0	-0.4048582995951417	-610.0	70.0	-0.5323886639676113	4.847836060559719	-1710.0	7.199461999306455	-507.0	-456.0	25.160225401027287	
-2.6795813356657674	1840.0	2867.0	-9.624800233243407	2299.0	1.9855274590869079	0.0	3257.0	6099.395751953125	-0.9075	158.0	-0.39068825910931176	-603.0	65.0	-0.5222672064777328	5.077228934087781	-1930.0	6.187547931982611	-444.0	-471.0	28.525892665141527	
-2.7871842533917084	1845.0	2871.0	-9.670806291551777	2308.0	1.9232903448880594	0.0	3897.0	6118.927001953125	-0.9075	158.0	-0.39068825910931176	-603.0	65.0	-0.5222672064777328	8.395779171127085	-2052.0	4.57493326984958	-349.0	-688.0	30.381793524811435	
-2.942143211780673	1858.0	2873.0	-9.690511654257817	2321.0	1.7647201420259526	0.0	4537.0	6138.458251953125	-0.9075	158.0	-0.39068825910931176	-603.0	65.0	-0.5222672064777328	9.512157822296988	-1870.0	3.327749891615438	-269.0	-761.0	27.57662566525036	
-2.979053688795339	1871.0	2883.0	-9.810130784295769	2324.0	1.6053321486309504	0.0	5177.0	6157.989501953125	-0.895	163.0	-0.4068825910931174	-611.0	85.0	-0.562753036437247	8.655757761125555	-1581.0	2.5296430760829733	-212.0	-705.0	23.134088819896938	
-3.027504441815763	1881.0	2890.0	-9.893301324433459	2328.0	1.4827023025871493	0.0	5817.0	6177.520751953125	-0.895	163.0	-0.4068825910931174	-611.0	85.0	-0.562753036437247	6.208900443492889	-1334.0	1.9425112590205678	-165.0	-545.0	19.338130038169464	
-3.0389143851304796	1885.0	2886.0	-9.843819465428913	2329.0	1.4353850692497554	0.0	6457.0	6197.052001953125	-0.895	163.0	-0.4068825910931174	-611.0	85.0	-0.562753036437247	3.762043125860224	-1154.0	0.975962606355892	-94.0	-385.0	16.56645749318033	
-3.1684935078198326	1890.0	2875.0	-9.706493639126148	2340.0	1.3765948306934956	0.0	7097.0	6216.583251953125	-0.8875000000000001	166.0	-0.3805668016194332	-598.0	87.0	-0.5668016194331984	4.11377886526992	-940.0	-0.297251213132264	-10.0	-408.0	13.27000585214672	
-3.1573213474967754	1891.0	2881.0	-9.779753797296614	2339.0	1.3631931563622324	0.0	7737.0	6236.114501953125	-0.8875000000000001	166.0	-0.3805668016194332	-598.0	87.0	-0.5668016194331984	5.061936075852578	-814.0	-0.6388365201961527	11.0	-470.0	11.333185058152344	
-3.1823523368950974	1885.0	2891.0	-9.901900356176391	2341.0	1.4327890719171597	0.0	8377.0	6255.645751953125	-0.8875000000000001	166.0	-0.3805668016194332	-598.0	87.0	-0.5668016194331984	4.174950298210736	-844.0	-0.08501935382179743	-23.0	-412.0	11.799057739559833	
-3.265794442288178	1882.0	2892.0	-9.912777562151149	2348.0	1.4678816850569867	0.0	9017.0	6275.177001953125	-0.8875000000000001	166.0	-0.3805668016194332	-598.0	87.0	-0.5668016194331984	4.541978895855636	-830.0	-0.7281601602110821	18.0	-436.0	11.577803560282193	
-3.3254209686406746	1888.0	2893.0	-9.923049245019843	2353.0	1.3947908295095819	0.0	9657.0	6294.708251953125	-0.88	169.0	-0.3765182186234818	-596.0	98.0	-0.5890688259109311	5.887750420553602	-674.0	-1.0656648539186944	38.0	-524.0	9.180689062677633	
-3.409213124671384	1898.0	2897.0	-9.968931514757449	2360.0	1.2725533348436793	0.0	10297.0	6314.239501953125	-0.88	169.0	-0.3765182186234818	-596.0	98.0	-0.5890688259109311	5.643064688790336	-508.0	-1.0611705289777442	40.0	-508.0	6.633549718678307	
-3.4559572449783555	1908.0	2890.0	-9.881438783549875	2364.0	1.1533538205539178	0.0	10937.0	6333.770751953125	-0.88	169.0	-0.3765182186234818	-596.0	98.0	-0.5890688259109311	2.6303716164551156	-350.0	-0.3473466955507235	3.0	-311.0	4.216259539028842	
-3.347851061533317	1916.0	2882.0	-9.78510615333172	2355.0	1.0599759928240566	0.0	11577.0	6353.302001953125	-0.875	171.0	-0.37449392712550605	-595.0	106.0	-0.6052631578947368	2.370393026456645	-181.0	-0.12645047757290787	-9.0	-294.0	1.6252507629855109	
-3.3699443514880523	1920.0	2868.0	-9.613482767852808	2357.0	1.0149947565497501	0.0	12217.0	6372.833251953125	-0.875	171.0	-0.37449392712550605	-595.0	106.0	-0.6052631578947368	2.7068359076311364	-29.0	0.12950580886840946	-25.0	-316.0	-0.7045511901850616	
-3.344190378424047	1919.0	2852.0	-9.419037842404684	2355.0	1.031189387560437	0.0	12857.0	6392.364501953125	-0.875	171.0	-0.37449392712550605	-595.0	106.0	-0.6052631578947368	1.3610643829331703	105.0	0.5730278989840909	-49.0	-228.0	-2.756276779472642	
-3.2830865719953892	1925.0	2839.0	-9.261038151919879	2350.0	0.9626712628079135	0.0	13497.0	6411.895751953125	-0.875	171.0	-0.37449392712550605	-595.0	106.0	-0.6052631578947368	-1.055207218229087	218.0	0.671625920877286	-48.0	-70.0	-4.4892174526218245	
-3.1981744125441764	1934.0	2826.0	-9.103155540131954	2343.0	0.8582443016984252	0.0	14137.0	6431.427001953125	-0.88	169.0	-0.3765182186234818	-596.0	113.0	-0.6194331983805668	-2.3245144517510323	269.0	0.4995073754665443	-33.0	13.0	-5.273507304640302	
-3.148982610812995	1932.0	2813.0	-8.945880128918562	2339.0	0.8859781134821734	0.0	14777.0	6450.958251953125	-0.88	169.0	-0.3765182186234818	-596.0	113.0	-0.6194331983805668	-1.7739715552836828	239.0	0.28831644698581743	-21.0	-23.0	-4.815284704181362	
-3.1245683591160787	1932.0	2808.0	-8.88540734017932	2337.0	0.8874317117739274	0.0	15417.0	6470.489501953125	-0.88	169.0	-0.3765182186234818	-596.0	113.0	-0.6194331983805668	-0.3976143141153082	215.0	-0.2318359700407735	9.0	-113.0	-4.452218620556631	
-3.1126671934456467	1931.0	2808.0	-8.885766963612319	2336.0	0.8995917237330562	0.0	16057.0	6490.020751953125	-0.8825000000000001	168.0	-0.38866396761133604	-602.0	111.0	-0.6153846153846154	-0.7799357699954123	160.0	-0.7633081415679287	44.0	-88.0	-3.613586741075032	
-3.136109839458176	1928.0	2805.0	-8.849079183912881	2338.0	0.9362356311801724	0.0	16697.0	6509.552001953125	-0.8825000000000001	168.0	-0.38866396761133604	-602.0	111.0	-0.6153846153846154	-1.7280929805780703	112.0	-1.932445704557606	122.0	-26.0	-2.8887429011149335	
-3.100519814429188	1932.0	2806.0	-8.861505252442635	2335.0	0.8881502389755299	0.0	17337.0	6529.083251953125	-0.8825000000000001	168.0	-0.38866396761133604	-602.0	111.0	-0.6153846153846154	-1.7892644135188869	91.0	-2.90220589253096	185.0	-22.0	-2.5762063461740436	
-3.113037717801025	1927.0	2811.0	-8.922819399150171	2336.0	0.9470397408630827	0.0	17977.0	6548.614501953125	-0.8775000000000001	170.0	-0.39473684210526316	-605.0	104.0	-0.6012145748987854	-0.6881786205841872	37.0	-3.4774742806676784	219.0	-94.0	-1.7533569125166661	
-3.1493483178230206	1932.0	2816.0	-8.982450829921119	2339.0	0.885243042392022	0.0	18617.0	6568.145751953125	-0.8775000000000001	170.0	-0.39473684210526316	-605.0	104.0	-0.6012145748987854	-0.42820003058571654	0.0	-3.8934477568779635	245.0	-111.0	-1.1897707519281475	
-3.2200395541979576	1925.0	2810.0	-8.908717324557713	2345.0	0.9703481495331311	0.0	19257.0	6587.677001953125	-0.8775000000000001	170.0	-0.39473684210526316	-605.0	104.0	-0.6012145748987854	-0.1529285823520416	-5.0	-4.643498780357642	293.0	-129.0	-1.12054884387232	
-3.256107553882941	1929.0	2813.0	-8.944088721627447	2348.0	0.9210872705105493	0.0	19897.0	6607.208251953125	-0.8775000000000001	170.0	-0.39473684210526316	-605.0	104.0	-0.6012145748987854	-1.1010857929346995	64.0	-5.194837370857871	332.0	-67.0	-2.1848316021879404	
-3.2329099168801	1931.0	2818.0	-9.005277402295746	2346.0	0.8959990877250432	0.0	20537.0	6626.739501953125	-0.875	171.0	-0.39068825910931176	-603.0	96.0	-0.5850202429149798	-1.055207218229087	76.0	-5.7792981873473765	370.0	-70.0	-2.3748100142503343	
-3.363470279944546	1931.0	2815.0	-8.966075613502252	2357.0	0.8954775198702686	0.0	21177.0	6646.270751953125	-0.875	171.0	-0.39068825910931176	-603.0	96.0	-0.5850202429149798	-0.6270071876433706	49.0	-6.261988396681174	400.0	-98.0	-1.9653358575743	
-3.4221360396396996	1925.0	2808.0	-8.88027063063668	2362.0	0.9688961185571343	0.0	21817.0	6665.802001953125	-0.875	171.0	-0.39068825910931176	-603.0	96.0	-0.5850202429149798	0.8411072029362289	64.0	-6.518354898607677	413.0	-194.0	-2.1980667774654385	
-3.4823708733392342	1932.0	2814.0	-8.951373048209145	2367.0	0.8825343724710992	0.0	22457.0	6685.333251953125	-0.8775000000000001	170.0	-0.3825910931174089	-599.0	98.0	-0.5890688259109311	0.21410001529285827	119.0	-6.423315653475338	409.0	-153.0	-3.041062986210985	
-3.5180840050412354	1927.0	2814.0	-8.951257646980736	2370.0	0.9424205130340693	0.0	23097.0	6704.864501953125	-0.8775000000000001	170.0	-0.3825910931174089	-599.0	98.0	-0.5890688259109311	-1.3610643829331703	103.0	-5.870587503433419	377.0	-50.0	-2.7900239661805672	
-3.505335544695769	1921.0	2807.0	-8.866887802910222	2369.0	1.0165245511454402	0.0	23737.0	6724.395751953125	-0.8775000000000001	170.0	-0.3825910931174089	-599.0	98.0	-0.5890688259109311	-2.2174644441046034	100.0	-6.144409430999288	397.0	6.0	-2.746728734481851	
-3.517359817039214	1921.0	2808.0	-8.878838846778564	2370.0	1.0161652875446388	0.0	24377.0	6743.927001953125	-0.8775000000000001	170.0	-0.3825910931174089	-599.0	98.0	-0.5890688259109311	-2.0492430035173577	105.0	-6.181131889963549	399.0	-5.0	-2.8238183773621186	
-3.5171160123658636	1921.0	2806.0	-8.854458379443527	2370.0	1.016655334938073	0.0	25017.0	6763.458251953125	-0.885	167.0	-0.38461538461538464	-600.0	113.0	-0.6194331983805668	-2.09512157822297	85.0	-5.8901320148835055	380.0	-2.0	-2.5140187054488203	
-3.5647218793839297	1924.0	2806.0	-8.853140319345352	2374.0	0.9800610591566031	0.0	25657.0	6782.989501953125	-0.885	167.0	-0.38461538461538464	-600.0	113.0	-0.6194331983805668	-3.517357394096957	28.0	-5.995800859897045	390.0	91.0	-1.6404398253858357	
-3.5286466536809167	1926.0	2803.0	-8.817046320472675	2371.0	0.957047305848918	0.0	26297.0	6802.520751953125	-0.885	167.0	-0.38461538461538464	-600.0	113.0	-0.6194331983805668	-3.135035938216853	15.0	-6.136132458926198	398.0	66.0	-1.4423648538205036	
-3.5771082457283856	1927.0	2810.0	-8.901300763314778	2375.0	0.942829408300517	0.0	26937.0	6822.052001953125	-0.8875000000000001	166.0	-0.3866396761133603	-601.0	103.0	-0.5991902834008097	-1.8504358464597035	-18.0	-6.177193787186052	397.0	-18.0	-0.9364075063849802	
-3.565943311423358	1922.0	2816.0	-8.975283523288185	2374.0	1.0017023662995206	0.0	27577.0	6841.583251953125	-0.8875000000000001	166.0	-0.3866396761133603	-601.0	103.0	-0.5991902834008097	-2.8138859152775657	-96.0	-5.396972308479985	348.0	45.0	0.26826443373582315	
-3.542261678082831	1921.0	2817.0	-8.988072570187882	2372.0	1.0137315944660164	0.0	28217.0	6861.114501953125	-0.8875000000000001	166.0	-0.3866396761133603	-601.0	103.0	-0.5991902834008097	-3.410307386450528	-139.0	-4.487634076111654	290.0	84.0	0.9371706133588774	
-3.483239846068358	1919.0	2821.0	-9.038270321121484	2367.0	1.0374142433096576	0.0	28857.0	6880.645751953125	-0.8775000000000001	170.0	-0.3684210526315789	-592.0	91.0	-0.5748987854251012	-2.7221287658663407	-160.0	-4.303050536470175	276.0	39.0	1.2612506055759152	
-3.578701406459531	1920.0	2823.0	-9.06061683642929	2375.0	1.0239645046285057	0.0	29497.0	6900.177001953125	-0.8775000000000001	170.0	-0.3684210526315789	-592.0	91.0	-0.5748987854251012	-0.5046643217617374	-149.0	-4.42081394246094	278.0	-106.0	1.0912836512766337	
-3.6384534481577173	1923.0	2825.0	-9.083440053866974	2380.0	0.986765941549517	0.0	30137.0	6919.708251953125	-0.8775000000000001	170.0	-0.3684210526315789	-592.0	91.0	-0.5748987854251012	0.1529285823520416	-121.0	-4.227489051303314	264.0	-149.0	0.6635713577607125	
-3.6504765161648245	1924.0	2826.0	-9.095270664101495	2381.0	0.9743609058936714	0.0	30777.0	6939.239501953125	-0.8775000000000001	170.0	-0.3684210526315789	-592.0	91.0	-0.5748987854251012	-0.18351429882244993	-79.0	-3.946116559127762	247.0	-127.0	0.021916769041222008	
-3.686059315175783	1926.0	2825.0	-9.0821219937688	2384.0	0.9501716657680469	0.0	31417.0	6958.770751953125	-0.8775000000000001	170.0	-0.3684210526315789	-592.0	91.0	-0.5748987854251012	-0.8716929194066372	-44.0	-3.113425172153826	195.0	-82.0	-0.5068132451234103	
-3.638327932812027	1926.0	2824.0	-9.070888519297984	2380.0	0.9508736490811007	0.0	32057.0	6978.302001953125	-0.8775000000000001	170.0	-0.3684210526315789	-592.0	91.0	-0.5748987854251012	-0.8258143447010247	-13.0	-2.4952753847952898	155.0	-85.0	-0.9763107406516971	
-3.637720829801328	1924.0	2819.0	-9.010178218228038	2380.0	0.9761903116747754	0.0	32697.0	6997.833251953125	-0.8775000000000001	170.0	-0.3684210526315789	-592.0	91.0	-0.5748987854251012	-0.22939287352806242	24.0	-1.898224534382265	115.0	-124.0	-1.538086127498188	
-3.649628017153451	1920.0	2819.0	-9.010420762964156	2381.0	1.0242591599908693	0.0	33337.0	7017.364501953125	-0.88	169.0	-0.3684210526315789	-592.0	100.0	-0.5931174089068826	0.0	48.0	-1.2115850373797248	70.0	-139.0	-1.8994873403231605	
-3.5903539501112594	1925.0	2821.0	-9.035395011125956	2376.0	0.9641114518426331	0.0	33977.0	7036.895751953125	-0.88	169.0	-0.3684210526315789	-592.0	100.0	-0.5931174089068826	-0.04587857470561248	72.0	-0.8523114213250558	47.0	-136.0	-2.2641622119576117	
-3.55415802640791	1926.0	2817.0	-8.987231212219587	2373.0	0.9533884942867097	0.0	34617.0	7056.427001953125	-0.88	169.0	-0.3684210526315789	-592.0	100.0	-0.5931174089068826	0.09175714941122497	65.0	-0.42823040347354846	19.0	-145.0	-2.1525100161722226	
-3.542009443055113	1928.0	2815.0	-8.962849067416078	2372.0	0.9299012374741392	0.0	35257.0	7075.958251953125	-0.88	169.0	-0.3684210526315789	-592.0	100.0	-0.5931174089068826	-0.48937146352653316	41.0	-0.19333993969334876	5.0	-107.0	-1.7818935037394226	
-3.493304046334294	1927.0	2806.0	-8.854214157238937	2368.0	0.9446091824159747	0.0	35897.0	7095.489501953125	-0.8775000000000001	170.0	-0.36639676113360325	-591.0	101.0	-0.5951417004048583	-1.039914359993883	60.0	-0.5836844573770905	32.0	-71.0	-2.0773421384206334	
-3.5168589599927924	1932.0	2804.0	-8.82875314213643	2370.0	0.884641889726018	0.0	36537.0	7115.020751953125	-0.8775000000000001	170.0	-0.36639676113360325	-591.0	101.0	-0.5951417004048583	-1.2846000917571496	86.0	-0.8313809237501882	49.0	-55.0	-2.478775678195612	
-3.5282809466708915	1926.0	2800.0	-8.780475619470119	2371.0	0.9577823769390693	0.0	37177.0	7134.552001953125	-0.8775000000000001	170.0	-0.36639676113360325	-591.0	101.0	-0.5951417004048583	-1.3763572411683744	85.0	-0.8586258558866807	51.0	-49.0	-2.4637036438588518	
-3.504351895648	1928.0	2799.0	-8.768522898133305	2369.0	0.9341643363338659	0.0	37817.0	7154.083251953125	-0.875	171.0	-0.3724696356275304	-594.0	111.0	-0.6153846153846154	-1.3610643829331703	51.0	-0.7721698469520231	45.0	-50.0	-1.9411266393932585	
-3.4569898333032842	1925.0	2801.0	-8.79422142556652	2365.0	0.9702685647219017	0.0	38457.0	7173.614501953125	-0.875	171.0	-0.3724696356275304	-594.0	111.0	-0.6153846153846154	-0.8716929194066372	-24.0	-0.7417271169705284	41.0	-82.0	-0.7899859377340755	
-3.5410342243617112	1928.0	2807.0	-8.865327198075928	2372.0	0.9318614270478762	0.0	39097.0	7193.145751953125	-0.875	171.0	-0.3724696356275304	-594.0	111.0	-0.6153846153846154	-0.8411072029362289	-88.0	-0.44515569461704096	21.0	-84.0	0.19502673060945336	
-3.5053283186777393	1927.0	2807.0	-8.86616520110728	2369.0	0.9442499188151734	0.0	39737.0	7212.677001953125	-0.875	171.0	-0.3785425101214575	-597.0	108.0	-0.6093117408906883	0.061171432940816645	-125.0	-0.9944835794151188	54.0	-143.0	0.7572793471120941	
-3.5534266123878586	1926.0	2811.0	-8.914089810214474	2373.0	0.9548586364670125	0.0	40377.0	7232.208251953125	-0.875	171.0	-0.3785425101214575	-597.0	108.0	-0.6093117408906883	-0.16822144058724578	-125.0	-1.1544966009045037	65.0	-128.0	0.7556792168972002	
-3.530108277384681	1927.0	2815.0	-8.96320869084908	2371.0	0.942061249433268	0.0	41017.0	7251.739501953125	-0.875	171.0	-0.3785425101214575	-597.0	108.0	-0.6093117408906883	-0.6117143294081664	-95.0	-0.8245415580627745	45.0	-99.0	0.2986442575818704	
-3.5415278553901035	1923.0	2811.0	-8.91469030091512	2372.0	0.9911101925362303	0.0	41657.0	7271.270751953125	-0.875	171.0	-0.3785425101214575	-597.0	108.0	-0.6093117408906883	-1.7892644135188869	-103.0	-1.0555244950234648	63.0	-22.0	0.4190902974772627	
-3.6244799427638075	1922.0	2808.0	-8.876565704952155	2379.0	1.0030913563528367	0.0	42297.0	7290.802001953125	-0.88	169.0	-0.3866396761133603	-601.0	113.0	-0.6194331983805668	-0.9940357852882705	-84.0	-1.392029515451342	83.0	-74.0	0.12418005776861074	
-3.6367468154442646	1923.0	2811.0	-8.91277678252171	2380.0	0.9901962733035569	0.0	42937.0	7310.333251953125	-0.88	169.0	-0.3866396761133603	-601.0	113.0	-0.6194331983805668	0.1529285823520416	-67.0	-1.3430109364842484	77.0	-149.0	-0.13618597862984172	
-3.6614012588055163	1926.0	2818.0	-8.99726873769452	2382.0	0.952115311453235	0.0	43577.0	7329.864501953125	-0.88	169.0	-0.3866396761133603	-601.0	113.0	-0.6194331983805668	-0.1529285823520416	-93.0	-0.5042086560967407	23.0	-129.0	0.2711586192852809	
-3.6018918174443426	1924.0	2818.0	-8.998705553958048	2377.0	0.976778055083745	0.0	44217.0	7349.395751953125	-0.8725	172.0	-0.3967611336032389	-606.0	102.0	-0.597165991902834	-0.8411072029362289	-132.0	-0.17505379769014343	3.0	-84.0	0.8728850305362182	
-3.542990683430206	1923.0	2823.0	-9.060973104925347	2372.0	0.9881699081756248	0.0	44857.0	7368.927001953125	-0.8725	172.0	-0.3967611336032389	-606.0	102.0	-0.597165991902834	-0.36702859764489987	-129.0	-0.008986227531625247	-9.0	-115.0	0.8285122552634286	
-3.590355154447598	1924.0	2821.0	-9.03551544475978	2376.0	0.9761572238976778	0.0	45497.0	7388.458251953125	-0.8725	172.0	-0.3967611336032389	-606.0	102.0	-0.597165991902834	-0.42820003058571654	-115.0	0.05713124129041053	-13.0	-111.0	0.6143506587379004	
-3.5545261420906122	1924.0	2820.0	-9.024042780489792	2373.0	0.9767449673066474	0.0	46137.0	7407.989501953125	-0.8725	172.0	-0.3967611336032389	-606.0	102.0	-0.597165991902834	-0.749350053525004	-75.0	0.07611313748161286	-13.0	-90.0	7.611313748161286E-4	
-3.542623772083842	1924.0	2820.0	-9.024281970288968	2372.0	0.9768592072107317	0.0	46777.0	7427.520751953125	-0.8775000000000001	170.0	-0.39271255060728744	-604.0	101.0	-0.5951417004048583	-1.2693072335219453	-19.0	-0.1559706871288767	4.0	-56.0	-0.8608507917262834	
-3.6134308891137636	1922.0	2815.0	-8.962136530423964	2378.0	1.0014904303799013	0.0	47417.0	7447.052001953125	-0.8775000000000001	170.0	-0.39271255060728744	-604.0	101.0	-0.5951417004048583	-0.8411072029362289	18.0	-0.4135114574783555	20.0	-84.0	-1.4311720947803996	
-3.636623708771251	1924.0	2810.0	-8.900466115220368	2380.0	0.9783955249452295	0.0	48057.0	7466.583251953125	-0.8775000000000001	170.0	-0.39271255060728744	-604.0	101.0	-0.5951417004048583	-0.474078605291329	16.0	-0.2746908842667656	10.0	-108.0	-1.399094921732034	
-3.660430857457468	1922.0	2810.0	-8.900228602889662	2382.0	1.00225858924715	0.0	48697.0	7486.114501953125	-0.8775000000000001	170.0	-0.3866396761133603	-601.0	103.0	-0.5991902834008097	-0.2752714482336749	41.0	-0.14038024073581104	1.0	-121.0	-1.7813639067498472	
