Device	Device	Device	Device	Device	Device	Device	Device	Device	Device	Device	Device	Device	Device	Device	Device	Device	Device	Device	Device	Device	
Low Noise Accelerometer X	Low Noise Accelerometer X	Low Noise Accelerometer Z	Low Noise Accelerometer Z	Low Noise Accelerometer Y	Low Noise Accelerometer Y	Event_Marker	Timestamp	Timestamp	Magnetometer Z	Magnetometer Z	Magnetometer X	Magnetometer X	Magnetometer Y	Magnetometer Y	Gyroscope Y	Gyroscope Y	Gyroscope Z	Gyroscope Z	Gyroscope X	Gyroscope X	
CAL	UNCAL	CAL	UNCAL	UNCAL	CAL	CAL	UNCAL	CAL	UNCAL	CAL	CAL	UNCAL	CAL	UNCAL	CAL	UNCAL	CAL	UNCAL	UNCAL	CAL	
m/(s^2)	no units	m/(s^2)	no units	no units	m/(s^2)	no units	no units	ms	no units	local_flux	local_flux	no units	local_flux	no units	deg/s	no units	deg/s	no units	no units	deg/s	
-3.3698696553591714	1743.0	-8.415536964488542	2768.0	2358.0	3.1714845400602516	0.0	17550.0	535.58349609375	205.0	-0.79	-0.7327935222672065	-772.0	-0.10121457489878542	-143.0	1.238721517051537	-121.0	-8.746703272742154	555.0	-220.0	0.6183792155463241	
-3.3591899217281678	1740.0	-8.538039791864376	2778.0	2357.0	3.2052858591622977	0.0	18190.0	555.11474609375	205.0	-0.79	-0.7327935222672065	-772.0	-0.10121457489878542	-143.0	0.18351429882244993	-93.0	-6.823756459326049	433.0	-151.0	0.20796314125298784	
-3.348146889759815	1735.0	-8.624212785505302	2785.0	2356.0	3.2639137934645848	0.0	18830.0	574.64599609375	206.0	-0.7875	-0.728744939271255	-770.0	-0.07692307692307693	-155.0	-0.5811286129377581	-68.0	-4.805226368812644	304.0	-101.0	-0.15546364929500078	
-3.419925612474123	1736.0	-8.659227914078977	2788.0	2362.0	3.250447510894884	0.0	19470.0	594.17724609375	206.0	-0.7875	-0.728744939271255	-770.0	-0.07692307692307693	-155.0	-2.752714482336749	-30.0	-3.6205108309805056	233.0	41.0	-0.7267068729254258	
-3.300300831077413	1729.0	-8.601511679169912	2783.0	2352.0	3.3371354328046223	0.0	20110.0	613.70849609375	206.0	-0.7875	-0.728744939271255	-770.0	-0.07692307692307693	-155.0	-4.144364581740327	14.0	-2.8352060870841904	186.0	132.0	-1.3940111064439584	
-3.382883598432077	1731.0	-8.526455081302919	2777.0	2359.0	3.3137143515462473	0.0	20750.0	633.23974609375	203.0	-0.795	-0.728744939271255	-770.0	-0.07692307692307693	-155.0	-3.3950145282153237	80.0	-2.0398730724185863	133.0	83.0	-2.398793697733546	
-3.3471776927481045	1730.0	-8.52729308433427	2777.0	2356.0	3.3261028433135444	0.0	21390.0	652.77099609375	203.0	-0.795	-0.728744939271255	-770.0	-0.07692307692307693	-155.0	-3.027985930570424	83.0	-1.6080518462784306	104.0	59.0	-2.4405089364465193	
-3.2516014560382858	1723.0	-8.493478937161889	2774.0	2348.0	3.4120722380216804	0.0	22030.0	672.30224609375	203.0	-0.795	-0.728744939271255	-770.0	-0.07692307692307693	-155.0	-3.899678849977061	59.0	-0.423316612744447	29.0	116.0	-2.0603939763161816	
-3.240175856351172	1732.0	-8.54139515892673	2778.0	2347.0	3.302794434643496	0.0	22670.0	691.83349609375	203.0	-0.795	-0.728744939271255	-770.0	-0.07692307692307693	-155.0	-3.318550237039303	-32.0	0.47770184273560534	-32.0	78.0	-0.6550357788720149	
-3.133670059655308	1727.0	-8.605101203626027	2783.0	2338.0	3.3628263355718904	0.0	23310.0	711.36474609375	209.0	-0.78	-0.7307692307692307	-771.0	-0.07692307692307693	-155.0	-2.8597644899831782	-113.0	1.292863553582477	-87.0	48.0	0.5960190145445713	
-3.1696233830216456	1725.0	-8.629004968831183	2785.0	2341.0	3.386085112576292	0.0	23950.0	730.89599609375	209.0	-0.78	-0.7307692307692307	-771.0	-0.07692307692307693	-155.0	-2.8597644899831782	-262.0	1.746804594256199	-118.0	48.0	2.886886490011919	
-3.0735523109470964	1724.0	-8.545707285185786	2778.0	2333.0	3.40075996974103	0.0	24590.0	750.42724609375	209.0	-0.78	-0.7307692307692307	-771.0	-0.07692307692307693	-155.0	-5.857164704083194	-290.0	0.9087885181467444	-56.0	244.0	3.308151871678322	
-3.1095008169680804	1726.0	-8.569129315855646	2780.0	2336.0	3.3758356585252542	0.0	25230.0	769.95849609375	208.0	-0.7825	-0.728744939271255	-770.0	-0.07692307692307693	-155.0	-4.450221746444411	-258.0	0.2883398707394165	-19.0	152.0	2.8109239081442516	
-3.1210350712921486	1728.0	-8.532078557786265	2777.0	2337.0	3.3523649456012325	0.0	25870.0	789.48974609375	208.0	-0.7825	-0.728744939271255	-770.0	-0.07692307692307693	-155.0	-4.389050313503594	-223.0	0.13745618222310965	-9.0	148.0	2.2723581432247175	
-3.169127343320577	1732.0	-8.579400998724342	2781.0	2341.0	3.3027448029778497	0.0	26510.0	809.02099609375	208.0	-0.7825	-0.728744939271255	-770.0	-0.07692307692307693	-155.0	-6.75944333996024	-203.0	0.05076248276550277	3.0	303.0	1.964601533067643	
-3.1461674893093954	1739.0	-8.66436797855856	2788.0	2339.0	3.2169377125236864	0.0	27150.0	828.55224609375	208.0	-0.7825	-0.728744939271255	-770.0	-0.07692307692307693	-155.0	-6.010093286435235	-243.0	-0.4467670264314363	33.0	254.0	2.57340558430067	
-3.1573444669778055	1734.0	-8.591589554923392	2782.0	2340.0	3.2785224750751274	0.0	27790.0	848.08349609375	210.0	-0.7775	-0.7550607287449392	-783.0	-0.09716599190283401	-145.0	-7.01942192995871	-336.0	-1.1127988471258972	78.0	320.0	3.993782246299341	
-3.0850733175714433	1737.0	-8.507331757144344	2775.0	2334.0	3.2447857642115188	0.0	28430.0	867.61474609375	210.0	-0.7775	-0.7550607287449392	-783.0	-0.09716599190283401	-145.0	-7.417036244074018	-365.0	-1.3935788256352422	97.0	346.0	4.435964472599871	
-3.2513383819835235	1739.0	-8.467171531685674	2772.0	2348.0	3.2198299325344033	0.0	29070.0	887.14599609375	210.0	-0.7775	-0.7550607287449392	-783.0	-0.09716599190283401	-145.0	-7.56996482642606	-296.0	-1.7460127184626586	121.0	356.0	3.3736707612609775	
-3.214899857943162	1739.0	-8.394747699078088	2766.0	2345.0	3.221642794426958	0.0	29710.0	906.67724609375	212.0	-0.7725	-0.7388663967611336	-775.0	-0.10728744939271255	-140.0	-5.245450374675027	-198.0	-1.8854707522835028	125.0	204.0	1.8685167824265283	
-3.322866074006452	1746.0	-8.477083591121369	2773.0	2354.0	3.1345790650278698	0.0	30350.0	926.20849609375	212.0	-0.7725	-0.7388663967611336	-775.0	-0.10728744939271255	-140.0	-3.7467502676250195	-208.0	-1.9161856356734033	123.0	106.0	2.0216544701738783	
-3.2854499226000122	1748.0	-8.306897021905987	2759.0	2351.0	3.1142605723840724	0.0	30990.0	945.73974609375	212.0	-0.7725	-0.7388663967611336	-775.0	-0.10728744939271255	-140.0	-2.2327573023398077	-234.0	-1.9345863333117994	120.0	7.0	2.4204270383087416	
-3.2611623905851244	1744.0	-8.259096201369559	2755.0	2349.0	3.1636522351992875	0.0	31630.0	965.27099609375	214.0	-0.7675000000000001	-0.7510121457489879	-781.0	-0.12955465587044535	-129.0	0.12234286588163329	-310.0	-2.424959332440593	145.0	-147.0	3.581704066334947	
-3.274278966613293	1748.0	-8.380277613710277	2765.0	2350.0	3.112904670107854	0.0	32270.0	984.80224609375	214.0	-0.7675000000000001	-0.7510121457489879	-781.0	-0.12955465587044535	-129.0	0.6117143294081664	-297.0	-1.8888320609809135	109.0	-179.0	3.3875870514939197	
-3.442613962076175	1752.0	-8.547110493331779	2779.0	2364.0	3.059691891476458	0.0	32910.0	1004.33349609375	214.0	-0.7675000000000001	-0.7510121457489879	-781.0	-0.12955465587044535	-129.0	-0.24468573176326658	-301.0	-1.4399140097962517	82.0	-123.0	3.453454166638266	
-3.404960027678076	1749.0	-8.353145624950475	2763.0	2361.0	3.100092306501318	0.0	33550.0	1023.86474609375	214.0	-0.7675000000000001	-0.7510121457489879	-781.0	-0.12955465587044535	-129.0	-1.6516286894020493	-261.0	-1.7004996660423521	103.0	-31.0	2.837068963750809	
-3.368398396964701	1750.0	-8.268411125041549	2756.0	2358.0	3.0901044200355456	0.0	34190.0	1043.39599609375	213.0	-0.77	-0.7611336032388664	-786.0	-0.13765182186234817	-125.0	-1.2081358005811287	-170.0	-1.3658998859789884	81.0	-60.0	1.444066948662076	
-3.368895641002108	1742.0	-8.318135528782213	2760.0	2358.0	3.185490501689033	0.0	34830.0	1062.92724609375	213.0	-0.77	-0.7611336032388664	-786.0	-0.13765182186234817	-125.0	1.5598715399908245	-137.0	-0.96398247853746	48.0	-241.0	0.9417181620183696	
-3.3801848863164876	1745.0	-8.256583869743972	2755.0	2359.0	3.150464064103401	0.0	35470.0	1082.45849609375	213.0	-0.77	-0.7611336032388664	-786.0	-0.13765182186234817	-125.0	1.422235815873987	-122.0	-0.9407954468424503	47.0	-232.0	0.711782777463446	
-3.440553665716079	1742.0	-8.341080857322195	2762.0	2364.0	3.184315014871094	0.0	36110.0	1101.98974609375	216.0	-0.7625000000000001	-0.7651821862348178	-788.0	-0.11336032388663968	-137.0	-0.9787429270530663	-195.0	-1.163580469389284	67.0	-75.0	1.829702234281096	
-3.4047246533590934	1742.0	-8.329608193052204	2761.0	2361.0	3.1849027582800638	0.0	36750.0	1121.52099609375	216.0	-0.7625000000000001	-0.7651821862348178	-788.0	-0.11336032388663968	-137.0	-1.7586786970484785	-239.0	-1.2468020314363464	74.0	-24.0	2.504027299618121	
-3.4173620503949294	1739.0	-8.402871706159612	2767.0	2362.0	3.2194556923608104	0.0	37390.0	1141.05224609375	216.0	-0.7625000000000001	-0.7651821862348178	-788.0	-0.11336032388663968	-137.0	0.3517357394096957	-289.0	-0.8620796075377299	43.0	-162.0	3.275098706763352	
-3.4184495367343	1747.0	-8.511620340096693	2776.0	2362.0	3.1208843026500004	0.0	38030.0	1160.58349609375	216.0	-0.7625000000000001	-0.7651821862348178	-788.0	-0.11336032388663968	-137.0	2.171585869398991	-334.0	-0.7879635531410281	33.0	-281.0	3.9663416319229405	
-3.4789354011252143	1748.0	-8.607825826807138	2784.0	2367.0	3.1063071415007975	0.0	38670.0	1180.11474609375	218.0	-0.7575000000000001	-0.7611336032388664	-786.0	-0.11740890688259109	-135.0	2.355100168221441	-367.0	-0.07747315615581897	-14.0	-293.0	4.479814496610914	
-3.418443515052609	1752.0	-8.511018171927574	2776.0	2362.0	3.060655442374778	0.0	39310.0	1199.64599609375	218.0	-0.7575000000000001	-0.7611336032388664	-786.0	-0.11740890688259109	-135.0	1.9574858541061326	-324.0	0.5910171485123723	-56.0	-267.0	3.826686602358225	
-3.335615738688257	1751.0	-8.561573868825706	2780.0	2355.0	3.072520798971543	0.0	39950.0	1219.17724609375	218.0	-0.7575000000000001	-0.7611336032388664	-786.0	-0.11740890688259109	-135.0	2.0186572870469495	-265.0	0.6591457192351089	-60.0	-271.0	2.922043352236083	
-3.300399851023662	1748.0	-8.611413673794782	2784.0	2352.0	3.10802074006206	0.0	40590.0	1238.70849609375	214.0	-0.7675000000000001	-0.7550607287449392	-783.0	-0.11336032388663968	-137.0	1.9269001376357242	-214.0	0.6860212532085912	-61.0	-265.0	2.1397434410114475	
-3.3118182246927463	1745.0	-8.562774850227001	2780.0	2353.0	3.1450239111099783	0.0	41230.0	1258.23974609375	214.0	-0.7675000000000001	-0.7550607287449392	-783.0	-0.11336032388663968	-137.0	1.529285823520416	-184.0	0.46043574726464415	-45.0	-239.0	1.677153076208261	
-3.3594204787017974	1751.0	-8.561095489227354	2780.0	2357.0	3.0722923191633744	0.0	41870.0	1277.77099609375	214.0	-0.7675000000000001	-0.7550607287449392	-783.0	-0.11336032388663968	-137.0	1.4834072488148036	-124.0	0.056197284404781805	-18.0	-236.0	0.7524416720921683	
-3.323960786363852	1748.0	-8.586554826861391	2782.0	2354.0	3.1082823076473263	0.0	42510.0	1297.30224609375	216.0	-0.7625000000000001	-0.757085020242915	-784.0	-0.10323886639676114	-142.0	1.7128001223428662	-98.0	-0.3950289598196275	11.0	-251.0	0.34897283453867656	
-3.3471608320393695	1744.0	-8.52560701346074	2777.0	2356.0	3.1574620345429216	0.0	43150.0	1316.83349609375	216.0	-0.7625000000000001	-0.757085020242915	-784.0	-0.10323886639676114	-142.0	2.2174644441046034	-75.0	-0.3809232142537109	9.0	-284.0	-0.0038092321425371094	
-3.2635944156369368	1749.0	-8.502298706550818	2775.0	2349.0	3.0985229009897224	0.0	43790.0	1336.36474609375	216.0	-0.7625000000000001	-0.757085020242915	-784.0	-0.10323886639676114	-142.0	2.079828719987766	-45.0	0.04446374100212225	-18.0	-275.0	-0.45988987233372597	
-3.275860083981056	1751.0	-8.53838935048655	2778.0	2350.0	3.073582045885398	0.0	44430.0	1355.89599609375	216.0	-0.7625000000000001	-0.757085020242915	-784.0	-0.10323886639676114	-142.0	1.6363358311668452	-40.0	0.15525309511117616	-24.0	-246.0	-0.53550439708326	
-3.335131742350571	1748.0	-8.513174235057102	2776.0	2355.0	3.1096382099235447	0.0	45070.0	1375.42724609375	213.0	-0.77	-0.7449392712550608	-778.0	-0.09919028340080972	-144.0	2.079828719987766	-42.0	-0.29345160841850493	4.0	-275.0	-0.5093024768023069	
-3.358207477016737	1746.0	-8.439795320721284	2770.0	2357.0	3.1349714164057683	0.0	45710.0	1394.95849609375	213.0	-0.77	-0.7449392712550608	-778.0	-0.09919028340080972	-144.0	2.27863587704542	-35.0	-0.6387047309977975	26.0	-288.0	-0.6201663936349742	
-3.4177157140415724	1749.0	-8.438238070823932	2770.0	2362.0	3.098262900720214	0.0	46350.0	1414.48974609375	213.0	-0.77	-0.7449392712550608	-778.0	-0.09919028340080972	-144.0	2.079828719987766	-8.0	-0.8573213057421274	41.0	-275.0	-1.03665361815179	
-3.4414021647274526	1746.0	-8.42593075845953	2769.0	2364.0	3.134416760773896	0.0	46990.0	1434.02099609375	211.0	-0.775	-0.7449392712550608	-778.0	-0.0931174089068826	-147.0	0.474078605291329	-17.0	-0.5945293483770073	28.0	-170.0	-0.8959253456550146	
-3.524592035092815	1750.0	-8.411584461662486	2768.0	2371.0	3.085679016921846	0.0	47630.0	1453.55224609375	211.0	-0.775	-0.7449392712550608	-778.0	-0.0931174089068826	-147.0	0.0764642911760208	-54.0	-0.3535925951694176	13.0	-144.0	-0.3257700827723172	
-3.53637250276291	1750.0	-8.399155038195788	2767.0	2372.0	3.085809800714479	0.0	48270.0	1473.08349609375	211.0	-0.775	-0.7449392712550608	-778.0	-0.0931174089068826	-147.0	0.8564000611714331	-59.0	-0.016416994477322647	-11.0	-195.0	-0.24567590847477172	
-3.6082815581682617	1744.0	-8.44720343587375	2771.0	2378.0	3.1564188988333726	0.0	48910.0	1492.61474609375	211.0	-0.775	-0.7449392712550608	-778.0	-0.0931174089068826	-147.0	0.8564000611714331	-68.0	0.8742833672749143	-69.0	-195.0	-0.09866855193412519	
-3.6318352674904215	1750.0	-8.421621987137415	2769.0	2380.0	3.0844058340883715	0.0	49550.0	1512.14599609375	211.0	-0.775	-0.7408906882591093	-776.0	-0.11133603238866396	-138.0	-0.382321455880104	-120.0	1.6541230589553566	-117.0	-114.0	0.7070429952051743	
-3.6201827238386937	1745.0	-8.44684381244075	2771.0	2379.0	3.144258886874244	0.0	50190.0	1531.67724609375	211.0	-0.775	-0.7408906882591093	-776.0	-0.11133603238866396	-138.0	-1.0857929346994954	-181.0	2.318889759567667	-159.0	-68.0	1.6497041653569167	
-3.7498945878917658	1741.0	-8.322792122509917	2761.0	2390.0	3.193635573116667	0.0	50830.0	1551.20849609375	211.0	-0.775	-0.7408906882591093	-776.0	-0.11133603238866396	-138.0	-1.3457715246979662	-219.0	2.523406783177388	-172.0	-51.0	2.2348397146017605	
-3.762398039227544	1748.0	-8.382661065611568	2766.0	2391.0	3.1079758103436856	0.0	51470.0	1570.73974609375	213.0	-0.77	-0.7611336032388664	-786.0	-0.1417004048582996	-123.0	-2.4162716011622574	-209.0	3.4444573159813476	-229.0	19.0	2.0906053833485507	
-3.83394138762287	1742.0	-8.394138762286973	2767.0	2397.0	3.1793199795527305	0.0	52110.0	1590.27099609375	213.0	-0.77	-0.7611336032388664	-786.0	-0.1417004048582996	-123.0	-2.2174644441046034	-237.0	4.17048391808433	-277.0	6.0	2.5275111917970783	
-3.90499351366248	1739.0	-8.356494223390829	2764.0	2403.0	3.2155069273835104	0.0	52750.0	1609.80224609375	213.0	-0.77	-0.7611336032388664	-786.0	-0.1417004048582996	-123.0	-2.553907325279095	-276.0	5.177702740333569	-342.0	28.0	3.1360182426864416	
-3.989163420066597	1739.0	-8.440151530469228	2771.0	2410.0	3.212992082177901	0.0	53390.0	1629.33349609375	212.0	-0.7725	-0.7469635627530364	-779.0	-0.13765182186234817	-125.0	-3.2879645205688948	-304.0	6.048705161142087	-397.0	76.0	3.574373809322024	
-4.084014264438056	1741.0	-8.401426443805615	2768.0	2418.0	3.18872168992529	0.0	54030.0	1648.86474609375	212.0	-0.7725	-0.7469635627530364	-779.0	-0.13765182186234817	-125.0	-5.153693225263802	-332.0	6.9342084944659845	-450.0	198.0	4.01287438508276	
-4.380849326605288	1735.0	-8.323027898624037	2762.0	2443.0	3.2596104668337555	0.0	54670.0	1668.39599609375	212.0	-0.7725	-0.7469635627530364	-779.0	-0.13765182186234817	-125.0	-5.750114696436764	-311.0	7.791843371171934	-504.0	237.0	3.699216577029197	
-4.724432122088507	1736.0	-8.157497923136356	2749.0	2472.0	3.2474370456175925	0.0	55310.0	1687.92724609375	212.0	-0.7725	-0.7469635627530364	-779.0	-0.13765182186234817	-125.0	-6.988836213488302	-242.0	8.590248031581835	-552.0	318.0	2.6484312512226773	
-4.983968117840621	1736.0	-7.920621307871622	2730.0	2494.0	3.249579217965366	0.0	55950.0	1707.45849609375	217.0	-0.76	-0.7631578947368421	-787.0	-0.13562753036437247	-126.0	-7.814650558189326	-158.0	10.081952196396193	-646.0	372.0	1.374411665588329	
-5.137601806898556	1736.0	-7.807799737474661	2721.0	2507.0	3.250299312482726	0.0	56590.0	1726.98974609375	217.0	-0.76	-0.7631578947368421	-787.0	-0.13562753036437247	-126.0	-9.558036397002601	-48.0	12.567948788340232	-802.0	486.0	-0.2886215708859701	
-5.06740420155201	1738.0	-7.93089634567726	2731.0	2501.0	3.224442970829971	0.0	57230.0	1746.52099609375	217.0	-0.76	-0.7631578947368421	-787.0	-0.13562753036437247	-126.0	-12.173115155222511	-100.0	16.878877908686395	-1076.0	657.0	0.5524008705399867	
-4.97449415987665	1744.0	-8.163701701950584	2750.0	2493.0	3.1484268074947517	0.0	57870.0	1766.05224609375	219.0	-0.755	-0.7773279352226721	-794.0	-0.0931174089068826	-147.0	-13.794158128154153	-391.0	21.99008044076979	-1407.0	763.0	5.068757640375169	
-5.0585361422624	1749.0	-8.234566607192345	2756.0	2500.0	3.085928125710637	0.0	58510.0	1785.58349609375	219.0	-0.755	-0.7773279352226721	-794.0	-0.0931174089068826	-147.0	-13.992965285211808	-797.0	26.242338585326003	-1687.0	776.0	11.341140587019442	
-5.236459772007899	1751.0	-8.169786724599462	2751.0	2515.0	3.0613481015228716	0.0	59150.0	1805.11474609375	219.0	-0.755	-0.7773279352226721	-794.0	-0.0931174089068826	-147.0	-12.601315185808229	-1045.0	29.19400837408665	-1885.0	685.0	15.176089232122026	
-5.3303341933496196	1754.0	-8.033419334961874	2740.0	2523.0	3.026992126788953	0.0	59790.0	1824.64599609375	219.0	-0.755	-0.7773279352226721	-794.0	-0.0931174089068826	-147.0	-14.55880103991436	-997.0	32.20199964938879	-2075.0	813.0	14.469633929285052	
-5.223807922936004	1766.0	-8.095078007886169	2745.0	2514.0	2.882245902781591	0.0	60430.0	1844.17724609375	228.0	-0.7325	-0.7874493927125507	-799.0	-0.08299595141700405	-152.0	-17.372686955191927	-856.0	35.750695190826406	-2297.0	997.0	12.341548688903815	
-5.1780221606137	1770.0	-8.278406537560361	2760.0	2510.0	2.8308444187269934	0.0	61070.0	1863.70849609375	228.0	-0.7325	-0.7874493927125507	-799.0	-0.08299595141700405	-152.0	-17.49502982107356	-842.0	39.75672124061344	-2557.0	1005.0	12.166786178187937	
-5.3554557723398215	1774.0	-8.164624853029755	2751.0	2525.0	2.7831529452160066	0.0	61710.0	1883.23974609375	228.0	-0.7325	-0.7874493927125507	-799.0	-0.08299595141700405	-152.0	-18.504358464597036	-1009.0	43.89349812208006	-2825.0	1071.0	14.770682717909462	
-5.282579928595436	1773.0	-8.01989762144841	2739.0	2519.0	2.7988244410561616	0.0	62350.0	1902.77099609375	233.0	-0.72	-0.7955465587044535	-803.0	-0.07489878542510121	-156.0	-20.048937146352657	-1140.0	47.70344997734542	-3070.0	1172.0	16.818909595676477	
-5.269325793858195	1782.0	-7.8849603382004645	2728.0	2518.0	2.693221993128734	0.0	62990.0	1922.30224609375	233.0	-0.72	-0.7955465587044535	-803.0	-0.07489878542510121	-156.0	-22.664015904572565	-1183.0	51.32362797651752	-3299.0	1343.0	17.51492417296757	
-5.244420319805563	1785.0	-7.775365313889677	2719.0	2516.0	2.6595183700422234	0.0	63630.0	1941.83349609375	233.0	-0.72	-0.7955465587044535	-803.0	-0.07489878542510121	-156.0	-21.150022939287354	-1176.0	54.57100114467456	-3514.0	1244.0	17.439986519042264	
-5.304056480848766	1783.0	-7.786600465828962	2720.0	2521.0	2.682793690935174	0.0	64270.0	1961.36474609375	241.0	-0.7000000000000001	-0.805668016194332	-808.0	0.004048582995951417	-195.0	-18.3820155987154	-1143.0	57.572258679632334	-3716.0	1063.0	16.963631133673722	
-5.196930333442482	1787.0	-7.7882714394862536	2720.0	2512.0	2.6356387618517534	0.0	64910.0	1980.89599609375	241.0	-0.7000000000000001	-0.805668016194332	-808.0	0.004048582995951417	-195.0	-17.250344089310293	-1246.0	60.525812427131754	-3912.0	989.0	18.573648487935582	
-5.055681806392664	1791.0	-7.9491330202188175	2733.0	2500.0	2.5856412444232633	0.0	14.0	2000.42724609375	241.0	-0.7000000000000001	-0.805668016194332	-808.0	0.004048582995951417	-195.0	-20.538308609879188	-1405.0	63.893633260429596	-4124.0	1204.0	21.04709959791042	
-5.080459356426929	1793.0	-8.04593564269297	2741.0	2502.0	2.559361030931269	0.0	654.0	2019.95849609375	241.0	-0.7000000000000001	-0.805668016194332	-808.0	0.004048582995951417	-195.0	-23.780394555742472	-1686.0	66.2257738223075	-4270.0	1416.0	25.382220911462298	
-5.0080530569841715	1807.0	-7.948162841274344	2733.0	2496.0	2.3933658511588884	0.0	1294.0	2039.48974609375	247.0	-0.685	-0.805668016194332	-808.0	0.06072874493927126	-223.0	-28.3070805933629	-1915.0	68.32503807817757	-4397.0	1712.0	28.9171003117316	
-5.079221063678766	1809.0	-7.922106367876602	2731.0	2502.0	2.3690789150177287	0.0	1934.0	2059.02099609375	247.0	-0.685	-0.805668016194332	-808.0	0.06072874493927126	-223.0	-29.88224499158893	-2117.0	69.95663952099076	-4501.0	1815.0	32.03300202510096	
-5.067907731637622	1826.0	-7.981249354238369	2736.0	2501.0	2.1631899115024704	0.0	2574.0	2078.55224609375	247.0	-0.685	-0.805668016194332	-808.0	0.06072874493927126	-223.0	-29.0258449304175	-2314.0	71.18414104190741	-4585.0	1759.0	35.06814032096073	
-4.901856363490436	1849.0	-8.042779206186486	2741.0	2487.0	1.8865113944100402	0.0	3214.0	2098.08349609375	258.0	-0.6575	-0.8279352226720648	-819.0	0.11538461538461539	-250.0	-27.695366263954735	-2506.0	73.48547892997848	-4740.0	1672.0	38.037294562201424	
-4.61886567836241	1862.0	-8.315139264812423	2763.0	2463.0	1.7272675940647058	0.0	3854.0	2117.61474609375	258.0	-0.6575	-0.8279352226720648	-819.0	0.11538461538461539	-250.0	-21.3182443798746	-2663.0	76.94384385778245	-4983.0	1255.0	40.48096214580509	
-4.395261327922544	1878.0	-8.57375183987349	2784.0	2444.0	1.5315603017305335	0.0	4494.0	2137.14599609375	258.0	-0.6575	-0.8279352226720648	-819.0	0.11538461538461539	-250.0	-18.657287046949076	-2853.0	81.57628495568918	-5293.0	1081.0	43.44273845182788	
-4.182467043804725	1890.0	-8.722894856663002	2796.0	2426.0	1.3861270709829094	0.0	5134.0	2156.67724609375	258.0	-0.6575	-0.8279352226720648	-819.0	0.11538461538461539	-250.0	-17.6479584034256	-3126.0	85.47763369584736	-5552.0	1015.0	47.67079597789756	
-3.837421420281405	1889.0	-8.742142028140456	2797.0	2397.0	1.401240776559678	0.0	5774.0	2176.20849609375	259.0	-0.655	-0.8097165991902834	-810.0	0.15991902834008098	-272.0	-15.078758219911302	-3351.0	87.77050663677825	-5710.0	847.0	51.14623353038497	
-3.338609366336429	1897.0	-8.86093663364294	2806.0	2355.0	1.3074674628204033	0.0	6414.0	2195.73974609375	259.0	-0.655	-0.8097165991902834	-810.0	0.15991902834008098	-272.0	-13.9623795687414	-3330.0	90.23613383779983	-5873.0	774.0	50.84865564557457	
-3.054525173187341	1907.0	-9.023945890162677	2819.0	2331.0	1.1865661919106563	0.0	7054.0	2215.27099609375	259.0	-0.655	-0.8097165991902834	-810.0	0.15991902834008098	-272.0	-16.011622572258755	-3232.0	91.3328776550549	-5938.0	908.0	49.355863685250874	
-2.722594921355851	1911.0	-9.164254040347023	2830.0	2303.0	1.1388865603409468	0.0	7694.0	2234.80224609375	262.0	-0.6475	-0.7935222672064778	-802.0	0.21052631578947367	-297.0	-17.326808380486316	-3138.0	90.36939457504992	-5871.0	994.0	47.90384739058708	
-2.5105501163031567	1908.0	-9.388344963649008	2848.0	2285.0	1.172669768238687	0.0	8334.0	2254.33349609375	262.0	-0.6475	-0.7935222672064778	-802.0	0.21052631578947367	-297.0	-11.94372228169445	-2945.0	87.43055731790729	-5692.0	642.0	44.91297367199755	
-2.358274213657384	1894.0	-9.636945175262206	2868.0	2272.0	1.3378952218280615	0.0	8974.0	2273.86474609375	262.0	-0.6475	-0.7935222672064778	-802.0	0.21052631578947367	-297.0	-3.517357394096957	-2766.0	83.95257387622948	-5486.0	91.0	42.13153126277641	
-2.1219442852624777	1885.0	-9.813476145295407	2882.0	2252.0	1.4451616366511055	0.0	9614.0	2293.39599609375	255.0	-0.665	-0.7793522267206477	-795.0	0.2631578947368421	-323.0	-1.5445786817556202	-2635.0	81.52514041641676	-5332.0	-38.0	40.09712956896392	
-1.8616720581449593	1889.0	-9.976729624019736	2895.0	2230.0	1.396306518263457	0.0	10254.0	2312.92724609375	255.0	-0.665	-0.7793522267206477	-795.0	0.2631578947368421	-323.0	-4.098486007034715	-2513.0	80.64625869015231	-5267.0	129.0	38.21631374541004	
-1.3637193422384017	1892.0	-10.181458033363969	2911.0	2188.0	1.3610468989223847	0.0	10894.0	2332.45849609375	255.0	-0.665	-0.7793522267206477	-795.0	0.2631578947368421	-323.0	-3.8385074170362445	-2364.0	79.62821395639563	-5200.0	112.0	35.919805233011864	
-1.174146781850188	1882.0	-10.271821042161656	2918.0	2172.0	1.4816172920611566	0.0	11534.0	2351.98974609375	255.0	-0.665	-0.7793522267206477	-795.0	0.2631578947368421	-323.0	-4.312586022327573	-2190.0	78.62798360104244	-5132.0	143.0	33.2398627729446	
-0.6749870859402608	1875.0	-10.355851451168936	2924.0	2130.0	1.5692656302377006	0.0	12174.0	2371.52099609375	254.0	-0.6675	-0.7469635627530364	-779.0	0.32186234817813764	-352.0	-2.4468573176326656	-1985.0	75.8624291471919	-4955.0	21.0	30.066588078490486	
-0.6866552859643865	1867.0	-10.332195263105314	2922.0	2131.0	1.6660076141674063	0.0	12814.0	2391.05224609375	254.0	-0.6675	-0.7469635627530364	-779.0	0.32186234817813764	-352.0	1.513992965285212	-1667.0	72.5228522857889	-4745.0	-238.0	25.15364650659274	
-0.6972408169944943	1847.0	-10.200272175639903	2911.0	2132.0	1.9095040760281006	0.0	13454.0	2410.58349609375	254.0	-0.6675	-0.7469635627530364	-779.0	0.32186234817813764	-352.0	7.1111790793699345	-1285.0	67.85104902588296	-4452.0	-604.0	19.245335716589967	
-0.5761700682664176	1826.0	-9.997959207594143	2894.0	2122.0	2.167773091069067	0.0	14094.0	2430.11474609375	249.0	-0.68	-0.7105263157894737	-761.0	0.4190283400809717	-400.0	9.77213641229546	-864.0	62.93352986420534	-4135.0	-778.0	12.736132904902604	
-0.25348201308893203	1812.0	-9.872010832702726	2883.0	2095.0	2.342193637913851	0.0	14734.0	2449.64599609375	249.0	-0.68	-0.7105263157894737	-761.0	0.4190283400809717	-400.0	9.359229239944947	-466.0	59.47354595094903	-3905.0	-751.0	6.594428569836329	
-0.12207676402212736	1805.0	-9.826724021260354	2879.0	2084.0	2.4287507760309572	0.0	15374.0	2469.17724609375	249.0	-0.68	-0.7105263157894737	-761.0	0.4190283400809717	-400.0	6.163021868787277	-132.0	57.19171318292436	-3745.0	-542.0	1.4465527003423633	
-0.0602596086184922	1796.0	-9.59738943327779	2860.0	2079.0	2.542389374284404	0.0	16014.0	2488.70849609375	249.0	-0.68	-0.7105263157894737	-761.0	0.4190283400809717	-400.0	2.9821073558648115	63.0	53.44215524563244	-3491.0	-334.0	-1.5831171923649126	
-0.09438560127103988	1793.0	-9.438560127103989	2847.0	2082.0	2.5813692787946074	0.0	16654.0	2508.23974609375	244.0	-0.6925	-0.6781376518218624	-745.0	0.4574898785425101	-419.0	1.0246215017586788	228.0	48.30094032961185	-3150.0	-206.0	-4.166369145115728	
0.07334349551748058	1792.0	-9.33231711491861	2838.0	2068.0	2.5972196227772844	0.0	17294.0	2527.77099609375	244.0	-0.6925	-0.6781376518218624	-745.0	0.4574898785425101	-419.0	-2.09512157822297	355.0	42.277538084481876	-2749.0	-2.0	-6.175352592148891	
-0.008991854154817736	1797.0	-9.232518748815107	2830.0	2075.0	2.5381512727472098	0.0	17934.0	2547.30224609375	244.0	-0.6925	-0.6781376518218624	-745.0	0.4574898785425101	-419.0	-5.841871845847989	426.0	36.28600227824999	-2349.0	243.0	-7.324726289938078	
-0.18643630490798435	1792.0	-9.119820966988911	2821.0	2090.0	2.598871747731624	0.0	18574.0	2566.83349609375	247.0	-0.685	-0.645748987854251	-729.0	0.5121457489878543	-446.0	-7.539379109955651	484.0	30.164368232171473	-1946.0	354.0	-8.275922682570107	
-0.3285357396418514	1790.0	-9.044050154661333	2815.0	2102.0	2.6230625551730054	0.0	19214.0	2586.36474609375	247.0	-0.685	-0.645748987854251	-729.0	0.5121457489878543	-446.0	-6.071264719376052	508.0	23.75709827020542	-1533.0	258.0	-8.708262989984766	
-0.4833884520665384	1790.0	-9.053130920939559	2816.0	2115.0	2.6213324127231936	0.0	19854.0	2605.89599609375	247.0	-0.685	-0.645748987854251	-729.0	0.5121457489878543	-446.0	-0.18351429882244993	405.0	14.692661267932712	-960.0	-127.0	-7.2184255432206275	
-0.6618045085040919	1788.0	-9.037593707552045	2815.0	2130.0	2.643955381968737	0.0	20494.0	2625.42724609375	253.0	-0.67	-0.6417004048582996	-727.0	0.520242914979757	-450.0	-0.5811286129377581	358.0	11.640591612070988	-761.0	-101.0	-6.527755507847374	
-0.7804697275797972	1782.0	-8.999353710360667	2812.0	2140.0	2.715822686348314	0.0	21134.0	2644.95849609375	253.0	-0.67	-0.6417004048582996	-727.0	0.520242914979757	-450.0	-0.5352500382321457	319.0	8.433585053076307	-553.0	-104.0	-5.961390710770449	
-0.9110373166622725	1776.0	-8.960874523370116	2809.0	2151.0	2.787575750823806	0.0	21774.0	2664.48974609375	253.0	-0.67	-0.6417004048582996	-727.0	0.520242914979757	-450.0	-0.5352500382321457	343.0	5.284221644113827	-348.0	-104.0	-6.361151952655072	
-1.1254066964661633	1772.0	-8.969241075187755	2810.0	2169.0	2.8334574970737516	0.0	22414.0	2684.02099609375	253.0	-0.67	-0.6417004048582996	-727.0	0.520242914979757	-450.0	-1.2998929499923537	376.0	2.5667202399549676	-169.0	-54.0	-6.894694927414783	
-1.136822661462571	1771.0	-8.920361384352328	2806.0	2170.0	2.8463691240115803	0.0	23054.0	2703.55224609375	253.0	-0.67	-0.6295546558704453	-721.0	0.5526315789473685	-466.0	-1.7892644135188869	424.0	-0.2210123220078874	14.0	-22.0	-7.6591074686244065	
-1.3024842358729662	1768.0	-8.819852158725181	2798.0	2184.0	2.882867271093273	0.0	23694.0	2723.08349609375	253.0	-0.67	-0.6295546558704453	-721.0	0.5526315789473685	-466.0	-2.553907325279095	483.0	-2.519245367362267	166.0	28.0	-8.58741433490732	
-1.4570967566333175	1765.0	-8.80491375856984	2797.0	2197.0	2.917764492202029	0.0	24334.0	2742.61474609375	253.0	-0.67	-0.6295546558704453	-721.0	0.5526315789473685	-466.0	-2.2480501605750116	467.0	-4.810278502970639	314.0	8.0	-8.364812927733405	
-1.577234438439831	1751.0	-8.91392003445928	2806.0	2207.0	3.0830576886613557	0.0	24974.0	2762.14599609375	256.0	-0.6625	-0.6396761133603239	-726.0	0.5526315789473685	-466.0	-0.3211500229392874	384.0	-7.530182998761301	485.0	-118.0	-7.118419829066944	
-1.7084187652237117	1739.0	-8.937114617609263	2808.0	2218.0	3.2258602669835295	0.0	25614.0	2781.67724609375	256.0	-0.6625	-0.6396761133603239	-726.0	0.5526315789473685	-466.0	0.8869857776418414	271.0	-9.041627947993279	579.0	-197.0	-5.39960762519115	
-2.0050208617446375	1724.0	-8.835419507797061	2800.0	2243.0	3.4056510397808295	0.0	26254.0	2801.20849609375	256.0	-0.6625	-0.6396761133603239	-726.0	0.5526315789473685	-466.0	0.9328643523474538	262.0	-10.398346324534332	667.0	-200.0	-5.275074456033437	
-2.1467533851321408	1723.0	-8.7229575608331	2791.0	2255.0	3.418531146257318	0.0	26894.0	2820.73974609375	256.0	-0.6625	-0.6396761133603239	-726.0	0.5526315789473685	-466.0	-0.3517357394096957	330.0	-11.044046950614113	713.0	-116.0	-6.324956351046728	
-2.253874715193072	1723.0	-8.720804852640514	2791.0	2264.0	3.41750298712056	0.0	27534.0	2840.27099609375	256.0	-0.6625	-0.6558704453441295	-734.0	0.5101214574898786	-445.0	-1.6975072641076618	387.0	-11.042998834291843	717.0	-28.0	-7.199581438396625	
-2.3137462505552575	1728.0	-8.755577436478072	2794.0	2269.0	3.355967856234765	0.0	28174.0	2859.80224609375	256.0	-0.6625	-0.6558704453441295	-734.0	0.5101214574898786	-445.0	-2.3398073099862366	359.0	-10.560184102810515	687.0	14.0	-6.765107748654314	
-2.3851628792685546	1726.0	-8.754383164950662	2794.0	2275.0	3.379373960920349	0.0	28814.0	2879.33349609375	256.0	-0.6625	-0.6558704453441295	-734.0	0.5101214574898786	-445.0	-2.6915430493959325	286.0	-10.434270746561888	679.0	37.0	-5.64370130804871	
-2.4330125509599703	1729.0	-8.777445572187522	2796.0	2279.0	3.342289637745445	0.0	29454.0	2898.86474609375	258.0	-0.6575	-0.6518218623481782	-732.0	0.4898785425101215	-435.0	-2.8597644899831782	224.0	-10.437055190362054	679.0	48.0	-4.692371165682967	
-2.5513048370076206	1729.0	-8.701912272190649	2790.0	2289.0	3.342617380884906	0.0	30094.0	2918.39599609375	258.0	-0.6575	-0.6518218623481782	-732.0	0.4898785425101215	-435.0	-2.875057348218382	206.0	-10.14697176262293	660.0	49.0	-4.4132696255593284	
-2.5989107040256867	1732.0	-8.700594212092472	2790.0	2293.0	3.306023105103436	0.0	30734.0	2937.92724609375	258.0	-0.6575	-0.6518218623481782	-732.0	0.4898785425101215	-435.0	-1.605750114696437	211.0	-9.797073346618042	634.0	-34.0	-4.486493059689904	
-2.491913684974107	1730.0	-8.715178021220224	2791.0	2284.0	3.3308977846535655	0.0	31374.0	2957.45849609375	264.0	-0.6425	-0.6639676113360324	-738.0	0.4979757085020243	-439.0	-0.8869857776418414	176.0	-8.462307815187675	545.0	-81.0	-3.936088476341228	
-2.5633267006783895	1731.0	-8.713622448791343	2791.0	2290.0	3.318166573174016	0.0	32014.0	2976.98974609375	264.0	-0.6425	-0.6639676113360324	-738.0	0.4979757085020243	-439.0	-1.3151858082275578	119.0	-7.20808943181997	464.0	-53.0	-3.0489107239944313	
-2.5039403659902293	1728.0	-8.727369932356215	2792.0	2285.0	3.354630065162853	0.0	32654.0	2996.52099609375	264.0	-0.6425	-0.6639676113360324	-738.0	0.4979757085020243	-439.0	-0.764642911760208	98.0	-6.8795746163783145	441.0	-89.0	-2.723391419019392	
-2.444070034964382	1722.0	-8.692717782152481	2789.0	2280.0	3.428210968103692	0.0	33294.0	3016.05224609375	264.0	-0.6425	-0.6639676113360324	-738.0	0.4979757085020243	-439.0	-1.6363358311668452	77.0	-6.817170983763942	439.0	-32.0	-2.4005332258726253	
-2.468723273989296	1726.0	-8.777089303691465	2796.0	2282.0	3.3780842341983255	0.0	33934.0	3035.58349609375	262.0	-0.6475	-0.6761133603238867	-744.0	0.5020242914979757	-441.0	-2.9821073558648115	75.0	-7.6864950131334675	499.0	56.0	-2.3785374988500703	
