Device	Device	Device	Device	Device	Device	Device	Device	Device	Device	Device	Device	Device	Device	Device	Device	Device	Device	Device	Device	Device	
Low Noise Accelerometer X	Low Noise Accelerometer X	Low Noise Accelerometer Z	Low Noise Accelerometer Z	Low Noise Accelerometer Y	Low Noise Accelerometer Y	Event_Marker	Timestamp	Timestamp	Magnetometer Z	Magnetometer Z	Magnetometer X	Magnetometer X	Magnetometer Y	Magnetometer Y	Gyroscope Y	Gyroscope Y	Gyroscope Z	Gyroscope Z	Gyroscope X	Gyroscope X	
UNCAL	CAL	UNCAL	CAL	CAL	UNCAL	CAL	CAL	UNCAL	CAL	UNCAL	CAL	UNCAL	CAL	UNCAL	CAL	UNCAL	UNCAL	CAL	CAL	UNCAL	
no units	m/(s^2)	no units	m/(s^2)	m/(s^2)	no units	no units	ms	no units	local_flux	no units	local_flux	no units	local_flux	no units	deg/s	no units	no units	deg/s	deg/s	no units	
1882.0	1.8477318629317214	1269.0	9.773186293172136	1.9127362252156515	1935.0	0.0	967.132568359375	31691.0	0.755	823.0	0.41295546558704455	-206.0	-0.43724696356275305	23.0	-1.131671509405108	-75.0	120.0	-1.954230071638936	-0.01954230071638936	-65.0	
1879.0	1.919264372300003	1268.0	9.783580087143125	1.949804004502007	1929.0	0.0	986.663818359375	32331.0	0.755	823.0	0.41295546558704455	-206.0	-0.43724696356275305	23.0	0.41290717235051233	-67.0	104.0	-1.7686882322438588	-0.14044275158743783	-166.0	
1882.0	1.9671212700094485	1266.0	9.80736509618293	1.9146136953466444	1925.0	0.0	1006.195068359375	32971.0	0.755	823.0	0.4251012145748988	-200.0	-0.4311740890688259	20.0	2.6303716164551156	-65.0	134.0	-2.318492406461068	-0.17662976064585975	-311.0	
1884.0	1.8589052275911169	1275.0	9.700046568635495	1.887288778829344	1934.0	0.0	1025.726318359375	33611.0	0.755	823.0	0.4251012145748988	-200.0	-0.4311740890688259	20.0	4.11377886526992	-116.0	204.0	-3.4622974245125855	0.5945008557379953	-408.0	
1880.0	1.6446577501239015	1275.0	9.703870250485371	1.9334155487760065	1952.0	0.0	1045.257568359375	34251.0	0.755	823.0	0.4251012145748988	-200.0	-0.4311740890688259	20.0	2.0186572870469495	-174.0	222.0	-3.664252646309364	1.482461355691272	-271.0	
1878.0	1.6566796137946702	1274.0	9.715580427086067	1.9578663564868968	1951.0	0.0	1064.788818359375	34891.0	0.76	825.0	0.40890688259109315	-208.0	-0.44534412955465585	27.0	-1.4528215323443954	-170.0	207.0	-3.294082997880424	1.4247851175430617	-44.0	
1875.0	1.7755777985166816	1275.0	9.700636994525315	1.994901047996155	1941.0	0.0	1084.320068359375	35531.0	0.76	825.0	0.40890688259109315	-208.0	-0.44534412955465585	27.0	-1.7280929805780703	-134.0	187.0	-2.9699355628819126	0.8756251802005504	-26.0	
1877.0	1.799628751876249	1273.0	9.724779949529646	1.9715280310876686	1939.0	0.0	1103.851318359375	36171.0	0.76	825.0	0.40890688259109315	-208.0	-0.44534412955465585	27.0	-0.8105214864658206	-94.0	132.0	-2.154558478228336	0.26999960472208984	-86.0	
1876.0	1.799749449876586	1272.0	9.736849749563342	1.9838188268394301	1939.0	0.0	1123.382568359375	36811.0	0.76	825.0	0.40890688259109315	-208.0	-0.44534412955465585	27.0	-0.25997858999847073	-111.0	118.0	-1.9638563421355029	0.5327628482711416	-122.0	
1874.0	1.8352103465508693	1274.0	9.71151084556313	2.007763043268337	1936.0	0.0	1142.913818359375	37451.0	0.755	823.0	0.4149797570850203	-205.0	-0.44534412955465585	27.0	0.1988071570576541	-113.0	141.0	-2.3362691447607475	0.559727687561139	-152.0	
1870.0	1.72796229680791	1275.0	9.7009915855529	2.0546729486550404	1945.0	0.0	1162.445068359375	38091.0	0.755	823.0	0.4149797570850203	-205.0	-0.44534412955465585	27.0	-0.5352500382321457	-114.0	170.0	-2.7531038359754376	0.5709038243071171	-104.0	
1873.0	1.7398682798236949	1275.0	9.701113696655195	2.0186498723939916	1944.0	0.0	1181.976318359375	38731.0	0.755	823.0	0.4149797570850203	-205.0	-0.44534412955465585	27.0	-2.355100168221441	-102.0	188.0	-2.955328750171636	0.3847477712676561	15.0	
1867.0	1.8231776438530565	1275.0	9.69871676625802	2.0917241840528473	1937.0	0.0	1201.507568359375	39371.0	0.7525000000000001	822.0	0.42105263157894735	-202.0	-0.42105263157894735	15.0	-2.7985930570423614	-80.0	188.0	-2.9342153595530736	0.04738026469509379	44.0	
1873.0	1.8943552852383563	1277.0	9.673623761930868	2.0196449437536517	1931.0	0.0	1221.038818359375	40011.0	0.7525000000000001	822.0	0.42105263157894735	-202.0	-0.42105263157894735	15.0	-0.7187643370545955	-59.0	204.0	-3.2602695435225724	-0.27811443396522423	-92.0	
1870.0	1.7990108098385054	1278.0	9.662985745755288	2.054623316989394	1939.0	0.0	1240.570068359375	40651.0	0.7525000000000001	822.0	0.42105263157894735	-202.0	-0.42105263157894735	15.0	0.8105214864658206	-82.0	208.0	-3.3864865815401037	0.07354651979147331	-192.0	
1869.0	1.7279610924715718	1275.0	9.700871151919078	2.066718720710085	1945.0	0.0	1260.101318359375	41291.0	0.7525000000000001	822.0	0.42105263157894735	-202.0	-0.42105263157894735	15.0	0.3211500229392874	-50.0	227.0	-3.654237441953353	-0.42015446587265615	-160.0	
1869.0	1.7275953854615462	1278.0	9.664300450916521	2.0659836496199335	1945.0	0.0	1279.632568359375	41931.0	0.755	823.0	0.41295546558704455	-206.0	-0.49190283400809715	50.0	-0.5199571799969415	-77.0	229.0	-3.6555005358837787	-0.005866038042587975	-105.0	
1868.0	1.7392527464586278	1280.0	9.639560360148483	2.0776536141856283	1944.0	0.0	1299.163818359375	42571.0	0.755	823.0	0.41295546558704455	-206.0	-0.49190283400809715	50.0	-0.6881786205841872	-68.0	222.0	-3.5397265099401434	-0.14280865070627577	-94.0	
1868.0	1.763057486472168	1280.0	9.63908198055013	2.0778820939937965	1942.0	0.0	1318.695068359375	43211.0	0.755	823.0	0.41295546558704455	-206.0	-0.49190283400809715	50.0	-0.8716929194066372	-66.0	192.0	-3.070658488572611	-0.16880693780885028	-82.0	
1869.0	1.8110338778456123	1277.0	9.674816355989806	2.06702835264524	1938.0	0.0	1338.226318359375	43851.0	0.75	821.0	0.4392712550607287	-193.0	-0.4493927125506073	29.0	-0.1988071570576541	-47.0	173.0	-2.8024225619532364	-0.45766976804702975	-126.0	
1869.0	1.7872291378320722	1277.0	9.675294735588158	2.066799872837072	1940.0	0.0	1357.757568359375	44491.0	0.75	821.0	0.4392712550607287	-193.0	-0.4493927125506073	29.0	0.48937146352653316	-19.0	178.0	-2.9025544825842005	-0.8883166296808368	-171.0	
1869.0	1.7160587224648016	1275.0	9.701110341718254	2.066604480806001	1946.0	0.0	1377.288818359375	45131.0	0.75	821.0	0.4392712550607287	-193.0	-0.4493927125506073	29.0	0.6423000458785748	-22.0	208.0	-3.3705526271171813	-0.8469631601517917	-181.0	
1872.0	1.584648656052644	1279.0	9.655341795740588	2.028230430909073	1957.0	0.0	1396.820068359375	45771.0	0.7575000000000001	824.0	0.4352226720647773	-195.0	-0.46356275303643724	36.0	-0.6575929041137789	-20.0	224.0	-3.5643466222014073	-0.8795900674188839	-96.0	
1868.0	1.728203692808584	1273.0	9.725131185620292	2.079254540158564	1945.0	0.0	1416.351318359375	46411.0	0.7575000000000001	824.0	0.4352226720647773	-195.0	-0.46356275303643724	36.0	-2.660957332925524	-44.0	179.0	-2.7957703789358015	-0.50363669719123	35.0	
1870.0	1.7286937108279612	1269.0	9.774132987558014	2.0561430908353433	1945.0	0.0	1435.882568359375	47051.0	0.7575000000000001	824.0	0.4352226720647773	-195.0	-0.46356275303643724	36.0	-1.7892644135188869	3.0	144.0	-2.2850985446086374	-1.2197207107798291	-22.0	
1870.0	1.7760593861816913	1271.0	9.74879576102627	2.056110003058246	1941.0	0.0	1455.413818359375	47691.0	0.7575000000000001	824.0	0.4352226720647773	-195.0	-0.46356275303643724	36.0	-0.6575929041137789	4.0	103.0	-1.6995983058958666	-1.2292101920508263	-96.0	
1874.0	1.7047718858230985	1270.0	9.762902868024142	2.00748649911028	1947.0	0.0	1474.945068359375	48331.0	0.75	821.0	0.4251012145748988	-200.0	-0.46356275303643724	36.0	-0.030585716470408322	10.0	105.0	-1.7545169302892483	-1.3218262802435095	-137.0	
1872.0	1.787964164861138	1271.0	9.748797438494742	2.0321326988522412	1940.0	0.0	1494.476318359375	48971.0	0.75	821.0	0.4251012145748988	-200.0	-0.46356275303643724	36.0	-1.131671509405108	-86.0	121.0	-1.9712985068825923	0.14907633517054805	-65.0	
1866.0	1.8598587682304302	1267.0	9.795400632566817	2.1060728653938816	1934.0	0.0	1514.007568359375	49611.0	0.75	821.0	0.4251012145748988	-200.0	-0.46356275303643724	36.0	-1.2540143752867412	-98.0	109.0	-1.783677905728974	0.33508634507958307	-57.0	
1868.0	1.8478369045596614	1268.0	9.783690455966122	2.081622057682991	1935.0	0.0	1533.538818359375	50251.0	0.7625000000000001	826.0	0.42105263157894735	-202.0	-0.4473684210526316	28.0	-0.3211500229392874	-75.0	109.0	-1.8174598703850378	-0.018174598703850377	-118.0	
1866.0	1.8117616788566486	1271.0	9.747596457093447	2.1046358109906764	1938.0	0.0	1553.070068359375	50891.0	0.7625000000000001	826.0	0.42105263157894735	-202.0	-0.4473684210526316	28.0	-0.33644288117449156	-99.0	97.0	-1.6359619953036442	0.3519079878419613	-117.0	
1868.0	1.8118859898660005	1270.0	9.760027558028614	2.0807892905773047	1938.0	0.0	1572.601318359375	51531.0	0.7625000000000001	826.0	0.42105263157894735	-202.0	-0.4473684210526316	28.0	-1.0246215017586788	-108.0	137.0	-2.2250469009104252	0.4841174917090177	-72.0	
1868.0	1.9911529539876038	1264.0	9.829581113046084	2.08397303131887	1923.0	0.0	1592.132568359375	52171.0	0.7625000000000001	826.0	0.42105263157894735	-202.0	-0.4473684210526316	28.0	-2.0186572870469495	-128.0	119.0	-1.9115052404703985	0.7941425814759161	-7.0	
1869.0	2.074348846034658	1265.0	9.815836984418153	2.0724819148956977	1916.0	0.0	1611.663818359375	52811.0	0.7625000000000001	826.0	0.4291497975708502	-198.0	-0.4352226720647773	22.0	-0.5505428964673498	-134.0	105.0	-1.7558145697931202	0.8877663901314382	-103.0	
1869.0	1.9785203742971207	1270.0	9.75679933447397	2.0703428771794385	1924.0	0.0	1631.195068359375	53451.0	0.7625000000000001	826.0	0.4291497975708502	-198.0	-0.4352226720647773	22.0	1.055207218229087	-154.0	121.0	-2.069198114914682	1.1915222278427207	-208.0	
1866.0	1.8106645578265719	1280.0	9.637884354085779	2.1024305977202222	1938.0	0.0	1650.726318359375	54091.0	0.7625000000000001	826.0	0.4291497975708502	-198.0	-0.4352226720647773	22.0	-0.29056430646887904	-189.0	165.0	-2.6974939445547688	1.7222961975806916	-120.0	
1863.0	1.9414651125553537	1281.0	9.622701731725849	2.1395795291335644	1927.0	0.0	1670.257568359375	54731.0	0.75	821.0	0.42105263157894735	-202.0	-0.451417004048583	30.0	-3.5632359688025694	-196.0	188.0	-2.9214305226097843	1.8274682174070156	94.0	
1861.0	1.9883407698897066	1287.0	9.548362703256384	2.1626578906796876	1923.0	0.0	1689.788818359375	55371.0	0.75	821.0	0.42105263157894735	-202.0	-0.451417004048583	30.0	-3.211500229392874	-150.0	206.0	-3.2052935833235283	1.1187833385261328	71.0	
1864.0	1.893003520507885	1288.0	9.538447288883747	2.125361631585163	1931.0	0.0	1709.320068359375	56011.0	0.75	821.0	0.42105263157894735	-202.0	-0.451417004048583	30.0	-1.1010857929346995	-39.0	190.0	-3.0265796731557626	-0.5826672084240543	-67.0	
1873.0	1.667235036416322	1285.0	9.580646498775065	2.0155141960023153	1950.0	0.0	1728.851318359375	56651.0	0.755	823.0	0.44534412955465585	-190.0	-0.41295546558704455	11.0	-0.16822144058724578	60.0	191.0	-3.0640817071095086	-2.102146110917957	-128.0	
1872.0	1.6072343726994323	1289.0	9.532961079467047	2.02600867375007	1955.0	0.0	1748.382568359375	57291.0	0.755	823.0	0.44534412955465585	-190.0	-0.41295546558704455	11.0	-2.003364428811745	48.0	226.0	-3.530849359821776	-1.922679983547581	-8.0	
1868.0	1.690911852411496	1286.0	9.567375717340076	2.0757265123889885	1948.0	0.0	1767.913818359375	57931.0	0.755	823.0	0.44534412955465585	-190.0	-0.41295546558704455	11.0	-3.63970025997859	42.0	213.0	-3.2663738076475766	-1.8279683260770896	99.0	
1866.0	1.7511527077927214	1280.0	9.639080303081661	2.1018593981998013	1943.0	0.0	1787.445068359375	58571.0	0.755	823.0	0.44534412955465585	-190.0	-0.41295546558704455	11.0	-2.844471631747974	35.0	173.0	-2.6840253460875476	-1.714733455854615	47.0	
1867.0	1.6558130497382233	1281.0	9.628924021441374	2.088654683215366	1951.0	0.0	1806.976318359375	59211.0	0.7575000000000001	824.0	0.4433198380566802	-191.0	-0.4676113360323887	38.0	-0.12234286588163329	83.0	136.0	-2.216448693494443	-2.4465929049186794	-131.0	
1873.0	1.5847717627256575	1278.0	9.66765246304193	2.0164296825507457	1957.0	0.0	1826.507568359375	59851.0	0.7575000000000001	824.0	0.4433198380566802	-191.0	-0.4676113360323887	38.0	0.0764642911760208	94.0	97.0	-1.6228647384631676	-2.6094463856077406	-144.0	
1873.0	1.6448931244428842	1273.0	9.727407682383642	2.018226000554752	1952.0	0.0	1846.038818359375	60491.0	0.7575000000000001	824.0	0.4433198380566802	-191.0	-0.4676113360323887	38.0	-1.2234286588163328	33.0	47.0	-0.811197877941634	-1.6653162138569062	-59.0	
1875.0	1.7393830791496705	1279.0	9.652593629252767	1.993578233497034	1944.0	0.0	1865.570068359375	61131.0	0.75	821.0	0.4473684210526316	-189.0	-0.42105263157894735	15.0	-1.1010857929346995	-2.0	39.0	-0.6984154490218394	-1.1271314615333365	-67.0	
1867.0	1.8705433192067866	1277.0	9.673379539726279	2.09169109627575	1933.0	0.0	1885.101318359375	61771.0	0.75	821.0	0.4473684210526316	-189.0	-0.42105263157894735	15.0	-0.5352500382321457	-62.0	-25.0	0.25411310636600976	-0.1969371564919637	-104.0	
1866.0	1.9299320625676237	1278.0	9.659872923429054	2.104063044154498	1928.0	0.0	1904.632568359375	62411.0	0.75	821.0	0.4473684210526316	-189.0	-0.42105263157894735	15.0	0.8716929194066372	-67.0	-42.0	0.45854595163440365	-0.11817040974865521	-196.0	
1869.0	2.0011060909439093	1280.0	9.63441861820043	2.0681211200204355	1922.0	0.0	1924.163818359375	63051.0	0.75	821.0	0.4473684210526316	-189.0	-0.42105263157894735	15.0	1.896314421165316	-29.0	-27.0	0.19268484819268378	-0.7039193997918188	-263.0	
1868.0	2.024543919611086	1283.0	9.597249103965698	2.079660300793497	1920.0	0.0	1943.695068359375	63691.0	0.755	823.0	0.4534412955465587	-186.0	-0.4109311740890688	10.0	2.1257072946933784	-23.0	11.0	-0.4000363832277135	-0.8019135140547722	-278.0	
1865.0	2.083808351962571	1285.0	9.571311386733308	2.1158787690856173	1915.0	0.0	1963.226318359375	64331.0	0.755	823.0	0.4534412955465587	-186.0	-0.4109311740890688	10.0	0.749350053525004	-39.0	76.0	-1.3471886732484284	-0.5658732984249809	-188.0	
1869.0	2.1791540316987605	1284.0	9.58206983654271	2.0688546237948295	1907.0	0.0	1982.757568359375	64971.0	0.755	823.0	0.4534412955465587	-186.0	-0.4109311740890688	10.0	0.015292858235204161	0.0	136.0	-2.2346882199427154	-1.1731831565587951	-140.0	
1876.0	2.238796214423654	1283.0	9.593907156651115	1.9853504426266564	1902.0	0.0	2002.288818359375	75.0	0.75	821.0	0.45546558704453444	-185.0	-0.4473684210526316	28.0	0.5964214711729623	52.0	176.0	-2.865181139057568	-1.9774012359724387	-178.0	
1877.0	2.2265293417431966	1286.0	9.557696079081557	1.9724553595773764	1903.0	0.0	2021.820068359375	715.0	0.75	821.0	0.45546558704453444	-185.0	-0.4473684210526316	28.0	1.7892644135188869	50.0	217.0	-3.5438060882059172	-1.9534985181476723	-256.0	
1881.0	2.2139003750617285	1292.0	9.485275601410915	1.9226878892728114	1904.0	0.0	2041.351318359375	1355.0	0.75	821.0	0.45546558704453444	-185.0	-0.4473684210526316	28.0	2.1562930111637866	103.0	287.0	-4.627003757941021	-2.777588128725643	-280.0	
1873.0	2.2383049920679388	1287.0	9.544784921079566	2.0205076640049215	1902.0	0.0	2060.882568359375	1995.0	0.755	823.0	0.451417004048583	-187.0	-0.46153846153846156	35.0	1.0857929346994954	86.0	366.0	-5.801872492129081	-2.528480593879401	-210.0	
1881.0	2.2511922154588158	1279.0	9.64303106969113	1.9262159170423867	1901.0	0.0	2080.413818359375	2635.0	0.755	823.0	0.451417004048583	-187.0	-0.46153846153846156	35.0	0.42820003058571654	218.0	450.0	-7.047298421264995	-4.566406696043247	-167.0	
1886.0	2.227637301800317	1277.0	9.668492084793641	1.86624862435243	1903.0	0.0	2099.945068359375	3275.0	0.755	823.0	0.451417004048583	-187.0	-0.46153846153846156	35.0	-0.1529285823520416	288.0	569.0	-8.843620123306241	-5.6584837691324035	-129.0	
1886.0	2.2281249111470176	1273.0	9.717253019463715	1.8672287191392987	1903.0	0.0	2119.476318359375	3915.0	0.755	823.0	0.451417004048583	-187.0	-0.46153846153846156	35.0	-0.6881786205841872	257.0	648.0	-10.042044731148358	-5.194789021808952	-94.0	
1887.0	2.1569557001160855	1271.0	9.743189059227634	1.8549875550531834	1909.0	0.0	2139.007568359375	4555.0	0.7525000000000001	822.0	0.4473684210526316	-189.0	-0.4473684210526316	28.0	-1.330478666462762	245.0	728.0	-11.248653317276535	-5.022721303772735	-52.0	
1889.0	2.288859397556635	1263.0	9.838320708044494	1.8341128394617574	1898.0	0.0	2158.538818359375	5195.0	0.7525000000000001	822.0	0.4473684210526316	-189.0	-0.4473684210526316	28.0	-1.988071570576541	234.0	773.0	-11.916171942267292	-4.860607169783268	-9.0	
1890.0	2.288372992546273	1267.0	9.789680207008242	1.8210869726198442	1898.0	0.0	2178.070068359375	5835.0	0.7525000000000001	822.0	0.4473684210526316	-189.0	-0.4473684210526316	28.0	-0.9940357852882705	215.0	854.0	-13.204682134222413	-4.581947082198447	-74.0	
1893.0	2.3362298902557184	1265.0	9.813465216048044	1.7858966634644822	1894.0	0.0	2197.601318359375	6475.0	0.75	821.0	0.44534412955465585	-190.0	-0.45546558704453444	32.0	-1.131671509405108	209.0	920.0	-14.215224746411948	-4.499985606371593	-65.0	
1892.0	2.419301471293421	1267.0	9.78728998648495	1.7982520674546814	1887.0	0.0	2217.132568359375	7115.0	0.75	821.0	0.44534412955465585	-190.0	-0.45546558704453444	32.0	-2.293928735280624	148.0	984.0	-15.162463797129677	-3.5734444937331507	11.0	
1902.0	2.633068565431965	1271.0	9.735427971767939	1.678870570390883	1869.0	0.0	2236.663818359375	7755.0	0.75	821.0	0.44534412955465585	-190.0	-0.45546558704453444	32.0	-3.8538002752714484	168.0	1043.0	-16.00446852252831	-3.8887542141496354	113.0	
1903.0	2.8112396128598296	1274.0	9.695389857411564	1.66780332580695	1854.0	0.0	2256.195068359375	8395.0	0.75	821.0	0.44534412955465585	-190.0	-0.45546558704453444	32.0	-3.5479431105673656	148.0	1137.0	-17.465556992171106	-3.596475425683565	93.0	
1903.0	2.7394596858091833	1277.0	9.660254295204064	1.6663828152922935	1860.0	0.0	2275.726318359375	9035.0	0.75	821.0	0.4676113360323887	-179.0	-0.4149797570850203	12.0	-3.0738645052760365	115.0	1286.0	-19.781307324789935	-3.1132649682916314	62.0	
1901.0	2.6669459360658094	1286.0	9.551736463723804	1.687583706707423	1866.0	0.0	2295.257568359375	9675.0	0.75	821.0	0.4676113360323887	-179.0	-0.4149797570850203	12.0	-4.37375745526839	131.0	1475.0	-22.633816277734383	-3.387301796351074	147.0	
1896.0	2.6906227520609836	1287.0	9.538465682288814	1.747796023094097	1864.0	0.0	2314.788818359375	10315.0	0.75	821.0	0.4676113360323887	-179.0	-0.4149797570850203	12.0	-7.233521945251568	149.0	1655.0	-25.285203351630855	-3.690016372936287	334.0	
1897.0	2.6669411187204566	1286.0	9.55125472918851	1.735766794927601	1866.0	0.0	2334.320068359375	10955.0	0.7375	816.0	0.4757085020242915	-175.0	-0.4352226720647773	22.0	-8.48753632053831	269.0	1807.0	-27.554504296622753	-5.554047421361195	416.0	
1900.0	2.6670666340661464	1285.0	9.5638062637575	1.6998745024591848	1866.0	0.0	2353.851318359375	11595.0	0.7375	816.0	0.4757085020242915	-175.0	-0.4352226720647773	22.0	-9.022786358770455	401.0	1925.0	-29.32776761873739	-7.597251897454829	451.0	
1906.0	2.690878600097716	1285.0	9.56405048596209	1.6278283499370865	1864.0	0.0	2373.382568359375	12235.0	0.7375	816.0	0.4757085020242915	-175.0	-0.4352226720647773	22.0	-9.48157210582658	535.0	2018.0	-30.719264577342585	-9.667327677229618	481.0	
1914.0	2.655546831778137	1282.0	9.602302225432764	1.5318545248746294	1867.0	0.0	2392.913818359375	12875.0	0.735	815.0	0.5101214574898786	-158.0	-0.4008097165991903	5.0	-8.4569506040679	648.0	2130.0	-32.465547417691354	-11.41871715900122	414.0	
1917.0	2.5965262041000017	1278.0	9.65262041000019	1.4961261039759435	1872.0	0.0	2412.445068359375	13515.0	0.735	815.0	0.5101214574898786	-158.0	-0.4008097165991903	5.0	-9.282764948768925	701.0	2233.0	-34.00859959747959	-12.247405314679723	468.0	
1929.0	2.573223525469221	1274.0	9.703304927874504	1.3523284542941099	1874.0	0.0	2431.976318359375	14155.0	0.735	815.0	0.5101214574898786	-158.0	-0.4008097165991903	5.0	-11.83667227404802	758.0	2387.0	-36.2663375032499	-13.144618262250546	635.0	
1935.0	2.812253370316055	1266.0	9.796765603034071	1.2842988096192636	1854.0	0.0	2451.507568359375	14795.0	0.735	815.0	0.5101214574898786	-158.0	-0.4008097165991903	5.0	-15.10934393638171	750.0	2554.0	-38.70524986797215	-13.04625151663277	849.0	
1939.0	2.8356972206649225	1269.0	9.760198256968458	1.2356091301171028	1852.0	0.0	2471.038818359375	15435.0	0.7325	814.0	0.5364372469635628	-145.0	-0.4068825910931174	8.0	-13.977672426976604	714.0	2721.0	-41.32461436977453	-12.520043749958296	775.0	
1942.0	2.7636771019499404	1274.0	9.701043528327393	1.1975612560438786	1858.0	0.0	2490.570068359375	16075.0	0.7325	814.0	0.5364372469635628	-145.0	-0.4068825910931174	8.0	-11.744915124636796	633.0	2918.0	-44.456343551016104	-11.308457865462595	629.0	
1943.0	2.714849802892447	1284.0	9.580218384482732	1.182608287405326	1862.0	0.0	2510.101318359375	16715.0	0.7325	814.0	0.5364372469635628	-145.0	-0.4068825910931174	8.0	-10.613243615231688	569.0	3085.0	-47.080004078640165	-10.352647516618841	555.0	
1940.0	2.6413596301193327	1301.0	9.374058250028497	1.2138947613017632	1868.0	0.0	2529.632568359375	17355.0	0.7175	808.0	0.5688259109311741	-129.0	-0.37044534412955465	-10.0	-9.680379262884234	474.0	3292.0	-50.31569786198185	-8.927278506930392	494.0	
1935.0	2.6040617680405536	1314.0	9.215700613579164	1.2705955938074105	1871.0	0.0	2549.163818359375	17995.0	0.7175	808.0	0.5688259109311741	-129.0	-0.37044534412955465	-10.0	-8.946322067594433	441.0	3468.0	-53.05712549036029	-8.448324822496055	446.0	
1932.0	2.5797658056712978	1318.0	9.16705675760597	1.305524335377507	1873.0	0.0	2568.695068359375	18635.0	0.7175	808.0	0.5688259109311741	-129.0	-0.37044534412955465	-10.0	-8.059336289952594	466.0	3615.0	-55.34973012615154	-8.85486296030709	388.0	
1938.0	2.4960907346319106	1321.0	9.13288298700059	1.2317149526284994	1880.0	0.0	2588.226318359375	19275.0	0.7175	808.0	0.5688259109311741	-129.0	-0.37044534412955465	-10.0	-6.147729010552073	625.0	3771.0	-57.80118236911361	-11.319150384378569	263.0	
1934.0	2.5688410630306056	1310.0	9.265058684012944	1.283278740937071	1874.0	0.0	2607.757568359375	19915.0	0.7125	806.0	0.5951417004048583	-116.0	-0.340080971659919	-25.0	-4.572564612326044	740.0	3982.0	-61.09186823493927	-13.11667286372119	160.0	
1933.0	2.436938569926394	1318.0	9.170047468829907	1.2921076844734525	1885.0	0.0	2627.288818359375	20555.0	0.7125	806.0	0.5951417004048583	-116.0	-0.340080971659919	-25.0	-2.936228781159199	837.0	4177.0	-64.14167107128738	-14.635585806922787	53.0	
1941.0	2.305534525195928	1322.0	9.124881091021361	1.193504774301302	1896.0	0.0	2646.820068359375	21195.0	0.7125	806.0	0.5951417004048583	-116.0	-0.340080971659919	-25.0	-0.6423000458785748	984.0	4411.0	-67.80995124074437	-16.92790770636172	-97.0	
1932.0	2.258523717825179	1317.0	9.185705115851247	1.3026848816639514	1900.0	0.0	2666.351318359375	21835.0	0.705	803.0	0.6295546558704453	-99.0	-0.3441295546558705	-23.0	-0.48937146352653316	964.0	4558.0	-70.08010085187264	-16.643719529310502	-107.0	
1943.0	1.9961972160292558	1321.0	9.14353112673511	1.1666880163817417	1922.0	0.0	2685.882568359375	22475.0	0.705	803.0	0.6295546558704453	-99.0	-0.3441295546558705	-23.0	0.8411072029362289	1099.0	4656.0	-71.61991135525147	-18.730622928191156	-194.0	
1954.0	1.744554060873351	1335.0	8.979215611144609	1.0283551540364448	1943.0	0.0	2705.413818359375	23115.0	0.705	803.0	0.6295546558704453	-99.0	-0.3441295546558705	-23.0	1.3916500994035788	1237.0	4774.0	-73.43568147505484	-20.866319374210427	-230.0	
1953.0	1.7315533655001658	1344.0	8.86962226430229	1.038081472916951	1944.0	0.0	2724.945068359375	23755.0	0.705	803.0	0.6477732793522267	-90.0	-0.31983805668016196	-35.0	-0.474078605291329	1329.0	4836.0	-74.30054834607125	-22.286660539468084	-108.0	
1960.0	1.7292456514577048	1363.0	8.638850860056198	0.9491056182940141	1944.0	0.0	2744.476318359375	24395.0	0.705	803.0	0.6477732793522267	-90.0	-0.31983805668016196	-35.0	-0.7340571952897997	1476.0	4812.0	-73.89845904718887	-24.538278744223614	-91.0	
1969.0	1.7165008041212526	1370.0	8.554842316887155	0.8388642640175099	1945.0	0.0	2764.007568359375	25035.0	0.705	803.0	0.6477732793522267	-90.0	-0.31983805668016196	-35.0	1.8351429882244994	1690.0	4800.0	-73.7838143373546	-27.820851799964004	-259.0	
1974.0	1.6823844461594109	1357.0	8.714635092131548	0.7814779920873576	1948.0	0.0	2783.538818359375	25675.0	0.705	803.0	0.6477732793522267	-90.0	-0.31983805668016196	-35.0	4.037314574093899	1897.0	4747.0	-73.02495481467561	-30.989571321969073	-403.0	
1973.0	1.802869769930876	1345.0	8.858405564516188	0.7976064475438495	1938.0	0.0	2803.070068359375	26315.0	0.7025	802.0	0.6619433198380567	-83.0	-0.2935222672064777	-48.0	3.9302645664474696	2085.0	4787.0	-73.60705693027239	-33.88015527085252	-396.0	
1983.0	1.9234902437387373	1332.0	9.015691040540409	0.681476434091569	1928.0	0.0	2822.601318359375	26955.0	0.7025	802.0	0.6619433198380567	-83.0	-0.2935222672064777	-48.0	4.786664627618903	2370.0	4924.0	-75.7047394832541	-38.27430993894793	-452.0	
1993.0	1.9253308221522476	1317.0	9.199748881891427	0.5646940689918811	1928.0	0.0	2842.132568359375	27595.0	0.7025	802.0	0.6619433198380567	-83.0	-0.2935222672064777	-48.0	5.276036091145436	2574.0	5064.0	-77.84631228172292	-41.4260003331901	-484.0	
1995.0	1.8685032321979274	1295.0	9.46937083884037	0.5454218466891481	1933.0	0.0	2861.663818359375	28235.0	0.6975	800.0	0.6700404858299596	-79.0	-0.2732793522267207	-58.0	4.496100321150023	2727.0	5238.0	-80.46788693941335	-43.79992207946012	-433.0	
2016.0	2.147646736230452	1251.0	10.002768861140442	0.30586919398270374	1910.0	0.0	2881.195068359375	28875.0	0.6975	800.0	0.6700404858299596	-79.0	-0.2732793522267207	-58.0	1.2081358005811287	2817.0	5388.0	-82.62967947676259	-45.20254353406485	-218.0	
2041.0	2.6760134137304514	1213.0	10.458484230187995	0.01906234886154634	1866.0	0.0	2900.726318359375	29515.0	0.6975	800.0	0.6700404858299596	-79.0	-0.2732793522267207	-58.0	-3.4867716776265487	3010.0	5553.0	-84.95010734737689	-48.187233158789105	89.0	
2064.0	2.3311161879432474	1211.0	10.492571175277089	-0.26081331822948356	1895.0	0.0	2920.257568359375	30155.0	0.6975	800.0	0.6700404858299596	-79.0	-0.2732793522267207	-58.0	-3.3644288117449155	3035.0	5832.0	-89.24238315237267	-48.61376800829218	81.0	
2083.0	2.0329703084810444	1216.0	10.439887990961552	-0.4937641033610187	1920.0	0.0	2939.788818359375	30795.0	0.68	793.0	0.6923076923076923	-68.0	-0.2368421052631579	-76.0	-3.4256002446857323	2900.0	6305.0	-96.53572573623934	-46.615196140283985	85.0	
2077.0	1.938109829418879	1213.0	10.477649608554575	-0.42166831917327396	1928.0	0.0	2959.320068359375	31435.0	0.68	793.0	0.6923076923076923	-68.0	-0.2368421052631579	-76.0	-9.343936381709742	2603.0	6690.0	-102.26615818462116	-42.1151888183047	472.0	
2081.0	1.7578724639492271	1227.0	10.31105591873225	-0.4749953377087543	1943.0	0.0	2978.851318359375	32075.0	0.68	793.0	0.6923076923076923	-68.0	-0.2368421052631579	-76.0	-13.625936687566908	2393.0	6877.0	-105.0033084145011	-38.92021875239728	752.0	
2093.0	1.1862074486502938	1230.0	10.287411531696037	-0.6257631888554799	1991.0	0.0	2998.382568359375	32715.0	0.675	791.0	0.7307692307692307	-49.0	-0.18016194331983806	-104.0	-10.735586481113321	2374.0	6972.0	-106.58299355019548	-38.64447041424985	563.0	
2086.0	0.7459332303821059	1229.0	10.30760875249631	-0.5454246372245659	2028.0	0.0	3017.913818359375	33355.0	0.675	791.0	0.7307692307692307	-49.0	-0.18016194331983806	-104.0	-2.676250191160728	2262.0	6730.0	-103.20038685404187	-36.892062177578325	36.0	
2095.0	0.13880129672719765	1230.0	10.308701101291193	-0.6599078445249764	2079.0	0.0	3037.445068359375	33995.0	0.675	791.0	0.7307692307692307	-49.0	-0.18016194331983806	-104.0	-1.5598715399908245	2384.0	6456.0	-99.01200437384215	-38.72220535906756	-37.0	
2098.0	-0.0507796940153836	1223.0	10.398221074652117	-0.6961578332784368	2095.0	0.0	3056.976318359375	34635.0	0.6775	792.0	0.7489878542510121	-40.0	-0.1700404858299595	-109.0	-3.3338430952745073	2328.0	6160.0	-94.39695425759403	-37.81676377305009	79.0	
2097.0	-0.062317561348466444	1220.0	10.434910531820025	-0.683491230037325	2096.0	0.0	3076.507568359375	35275.0	0.6775	792.0	0.7489878542510121	-40.0	-0.1700404858299595	-109.0	1.498700107050008	2274.0	5900.0	-90.5995370385397	-36.9501874833208	-237.0	
2095.0	-0.2051484101023846	1220.0	10.437539942142493	-0.6607705647762463	2108.0	0.0	3096.038818359375	35915.0	0.6775	792.0	0.7489878542510121	-40.0	-0.1700404858299595	-109.0	11.851965132283224	2096.0	5606.0	-86.51900770126684	-34.17806409880184	-914.0	
2094.0	-0.7762195700903394	1218.0	10.473281086204166	-0.653718260723808	2156.0	0.0	3115.570068359375	36555.0	0.6775	792.0	0.7489878542510121	-40.0	-0.1700404858299595	-109.0	21.471172962226643	1981.0	5246.0	-81.38432604031422	-32.36210166150795	-1543.0	
2094.0	-1.0842183622262607	1206.0	10.625782824992974	-0.6537482138693911	2182.0	0.0	3135.101318359375	37195.0	0.6875	796.0	0.7611336032388664	-34.0	-0.0728744939271255	-157.0	23.8874445633889	1750.0	4791.0	-74.51818603303364	-28.748864536408288	-1701.0	
2082.0	-1.2009403699331924	1187.0	10.858343959061711	-0.5056858980120735	2192.0	0.0	3154.632568359375	37835.0	0.6875	796.0	0.7611336032388664	-34.0	-0.0728744939271255	-157.0	23.41336595809757	1537.0	4379.0	-68.19505241184369	-25.417258181015782	-1670.0	
2084.0	-1.332107836008338	1189.0	10.83683544678526	-0.5315241284605227	2203.0	0.0	3174.163818359375	38475.0	0.6875	796.0	0.7611336032388664	-34.0	-0.0728744939271255	-157.0	24.2544731610338	1241.0	4070.0	-63.52146882454875	-20.828555182337862	-1725.0	
2075.0	-1.4402152237897148	1197.0	10.740382382933282	-0.42610052867561704	2212.0	0.0	3193.695068359375	39115.0	0.7075	804.0	0.7186234817813765	-55.0	-0.0465587044534413	-170.0	26.471937605138404	903.0	3690.0	-57.817347592981505	-15.585078493575972	-1870.0	
2072.0	-1.4868530981324088	1189.0	10.838499710568668	-0.3884599825530832	2216.0	0.0	3213.226318359375	39755.0	0.7075	804.0	0.7186234817813765	-55.0	-0.0465587044534413	-170.0	24.72855176632513	686.0	3213.0	-50.44431427425561	-12.18159520657561	-1756.0	
2056.0	-1.295093521702071	1178.0	10.966838305983375	-0.19120453054313633	2200.0	0.0	3232.757568359375	40395.0	0.7075	804.0	0.7186234817813765	-55.0	-0.0465587044534413	-170.0	21.410001529285825	495.0	2753.0	-43.26576359662681	-9.179013321097463	-1539.0	
2046.0	-1.1656423230310842	1190.0	10.816720077843973	-0.07243045540837115	2189.0	0.0	3252.288818359375	41035.0	0.7075	804.0	0.7186234817813765	-55.0	-0.0465587044534413	-170.0	21.65468726104909	372.0	2346.0	-37.034472573790836	-7.229328920919741	-1555.0	
2042.0	-0.9526235036213265	1200.0	10.690030590248318	-0.0246412858818493	2171.0	0.0	3271.820068359375	41675.0	0.725	811.0	0.7145748987854251	-57.0	-0.018218623481781375	-184.0	23.168680226334303	252.0	1974.0	-31.391813353573266	-5.331564289742577	-1654.0	
2027.0	-1.0006167557035062	1203.0	10.652610143935112	0.1548532642373298	2175.0	0.0	3291.351318359375	42315.0	0.725	811.0	0.7145748987854251	-57.0	-0.018218623481781375	-184.0	24.51445175103227	142.0	1619.0	-26.002363737447364	-3.589776591187578	-1742.0	
2028.0	-1.0962002184313544	1206.0	10.618073394959788	0.14115850185946055	2183.0	0.0	3310.882568359375	42955.0	0.725	811.0	0.7145748987854251	-57.0	-0.018218623481781375	-184.0	21.272365805168988	191.0	1334.0	-21.48167263956586	-4.296449379456884	-1530.0	
2031.0	-0.8943439246539481	1210.0	10.565607534605187	0.10598316927688958	2166.0	0.0	3330.413818359375	43595.0	0.745	819.0	0.6902834008097166	-69.0	-0.012145748987854251	-187.0	14.66585104756079	85.0	1076.0	-17.26547860906716	-2.6277721713906566	-1098.0	
2035.0	-0.6578764375499697	1223.0	10.402832435479212	0.05689957108107252	2146.0	0.0	3349.945068359375	44235.0	0.745	819.0	0.6902834008097166	-69.0	-0.012145748987854251	-187.0	13.075393791099557	12.0	955.0	-15.352001024578367	-1.4884900885026504	-994.0	
2030.0	-0.6826624179386027	1231.0	10.305186777568297	0.11493976197438953	2148.0	0.0	3369.476318359375	44875.0	0.745	819.0	0.6902834008097166	-69.0	-0.012145748987854251	-187.0	13.625936687566908	-100.0	799.0	-12.991813754834372	0.25369395390477895	-1030.0	
2039.0	-0.8014314743059097	1229.0	10.33304304559951	0.005875461831581691	2158.0	0.0	3389.007568359375	45515.0	0.76	825.0	0.6639676113360324	-82.0	-0.004048582995951417	-191.0	12.662486618749046	-39.0	578.0	-9.54478331655611	-0.6478492448580577	-967.0	
2046.0	-0.4908643027454416	1220.0	10.437379249265362	-0.07326949177708694	2132.0	0.0	3408.538818359375	46155.0	0.76	825.0	0.6639676113360324	-82.0	-0.004048582995951417	-191.0	8.992200642300046	-53.0	357.0	-6.000997480256001	-0.39758861528130796	-727.0	
2043.0	-0.5041112114646537	1231.0	10.30316456782036	-0.039941676179926056	2133.0	0.0	3428.070068359375	46795.0	0.76	825.0	0.6639676113360324	-82.0	-0.004048582995951417	-191.0	8.105214864658205	-80.0	270.0	-4.631542352274354	0.030406994767880995	-669.0	
2050.0	-0.37403002739254065	1238.0	10.216044879793557	-0.12472060749733138	2122.0	0.0	3447.601318359375	47435.0	0.76	825.0	0.6639676113360324	-82.0	-0.004048582995951417	-191.0	6.147729010552073	-166.0	181.0	-3.197562421303155	1.3643723886763348	-541.0	
2042.0	-0.23011410097192814	1229.0	10.32192323614052	-0.024778338937511274	2110.0	0.0	3467.132568359375	48075.0	0.76	825.0	0.6518218623481782	-88.0	-0.022267206477732795	-182.0	5.276036091145436	-255.0	50.0	-1.1614802992877307	2.750392255469606	-484.0	
2043.0	-0.14728391593489965	1233.0	10.271608406510037	-0.03700452645083502	2103.0	0.0	3486.663818359375	48715.0	0.76	825.0	0.6518218623481782	-88.0	-0.022267206477732795	-182.0	6.163021868787277	-212.0	7.0	-0.5289881495895414	2.0969043796672167	-542.0	
2044.0	-0.18408694264894856	1242.0	10.162734306533718	-0.05159823148858625	2106.0	0.0	3506.195068359375	49355.0	0.76	825.0	0.6518218623481782	-88.0	-0.022267206477732795	-182.0	6.667686190549015	-229.0	-30.0	0.01730529471079506	2.3632235362983436	-575.0	
2050.0	-0.028373687849505766	1234.0	10.25786931028752	-0.12042755549202178	2093.0	0.0	3525.726318359375	49995.0	0.7675000000000001	828.0	0.6417004048582996	-93.0	0.02834008097165992	-207.0	5.536014681143906	-209.0	-179.0	2.3573621299683545	2.079734431488421	-501.0	
2045.0	-0.05267205889143796	1238.0	10.208984587046679	-0.06140726981183625	2095.0	0.0	3545.257568359375	50635.0	0.7675000000000001	828.0	0.6417004048582996	-93.0	0.02834008097165992	-207.0	5.91833613702401	-230.0	-226.0	3.0617421897439536	2.4090123889068	-526.0	
2049.0	0.018015564474484685	1244.0	10.134889780781803	-0.11037506078781184	2089.0	0.0	3564.788818359375	51275.0	0.7675000000000001	828.0	0.6417004048582996	-93.0	0.02834008097165992	-207.0	3.9455574246826735	-241.0	-226.0	3.1389577234818398	2.5785738644835527	-397.0	
2051.0	0.05396888784082196	1242.0	10.15879354598696	-0.13363383779221402	2086.0	0.0	3584.320068359375	51915.0	0.7675000000000001	828.0	0.6417004048582996	-93.0	0.02834008097165992	-207.0	1.6822144058724577	-301.0	-247.0	3.5432715492373243	3.5032860222286017	-249.0	
2054.0	0.12502101388043196	1245.0	10.121149007090816	-0.16982078562299377	2080.0	0.0	3603.851318359375	52555.0	0.7675000000000001	828.0	0.631578947368421	-98.0	0.006072874493927126	-196.0	2.477443034103074	-310.0	-291.0	4.186835995064911	3.6478220196100017	-301.0	
2053.0	0.07728842718033797	1246.0	10.109795098986178	-0.15847699688100317	2084.0	0.0	3623.382568359375	53195.0	0.7675000000000001	828.0	0.631578947368421	-98.0	0.006072874493927126	-196.0	4.771371769383698	-261.0	-377.0	5.425347195617791	2.9083274323674106	-451.0	
2056.0	-0.05375593222179405	1247.0	10.10059725401107	-0.1961159756877797	2095.0	0.0	3642.913818359375	53835.0	0.7675000000000001	828.0	0.631578947368421	-98.0	0.006072874493927126	-196.0	4.771371769383698	-193.0	-441.0	6.420145893261916	1.874850530591358	-451.0	
2058.0	0.017904501164853634	1245.0	10.123783449818697	-0.21903203297992926	2089.0	0.0	3662.445068359375	54475.0	0.775	831.0	0.6497975708502024	-89.0	0.024291497975708502	-205.0	1.881021562930112	-220.0	-490.0	7.28526057481877	2.2978027361762994	-262.0	
