Device	Device	Device	Device	Device	Device	Device	Device	Device	Device	Device	Device	Device	Device	Device	Device	Device	Device	Device	Device	Device	
Low Noise Accelerometer X	Low Noise Accelerometer X	Low Noise Accelerometer Z	Low Noise Accelerometer Z	Low Noise Accelerometer Y	Low Noise Accelerometer Y	Event_Marker	Timestamp	Timestamp	Magnetometer Z	Magnetometer Z	Magnetometer X	Magnetometer X	Magnetometer Y	Magnetometer Y	Gyroscope Y	Gyroscope Y	Gyroscope Z	Gyroscope Z	Gyroscope X	Gyroscope X	
CAL	UNCAL	UNCAL	CAL	CAL	UNCAL	CAL	CAL	UNCAL	CAL	UNCAL	UNCAL	CAL	UNCAL	CAL	CAL	UNCAL	UNCAL	CAL	CAL	UNCAL	
m/(s^2)	no units	no units	m/(s^2)	m/(s^2)	no units	no units	ms	no units	local_flux	no units	no units	local_flux	no units	local_flux	deg/s	no units	no units	deg/s	deg/s	no units	
-6.612062928241615	1483.0	1828.0	3.07942146155271	6.50149189633418	2640.0	0.0	1625.518798828125	53265.0	0.765	827.0	-648.0	-0.4817813765182186	-361.0	0.340080971659919	2.0492430035173577	33.0	120.0	-2.064883544457778	-1.6778530705220676	-273.0	
-6.7670411560119925	1480.0	1830.0	3.0577891607054926	6.535654046352785	2653.0	0.0	1645.050048828125	53905.0	0.765	827.0	-648.0	-0.4817813765182186	-361.0	0.340080971659919	0.5811286129377581	-25.0	165.0	-2.70719573795237	-0.794296140285769	-177.0	
-6.767166671357683	1477.0	1831.0	3.0452376261365024	6.571546338821201	2653.0	0.0	1664.581298828125	54545.0	0.7525000000000001	822.0	-643.0	-0.4716599190283401	-352.0	0.32186234817813764	-2.553907325279095	11.0	168.0	-2.6224255099839286	-1.3458498496985811	28.0	
-6.707158781622764	1484.0	1827.0	3.0936456472474627	6.48877722874318	2648.0	0.0	1684.112548828125	55185.0	0.7525000000000001	822.0	-643.0	-0.4716599190283401	-352.0	0.32186234817813764	-3.0738645052760365	7.0	152.0	-2.3561516473600466	-1.2818091764398427	62.0	
-6.837722757696223	1481.0	1824.0	3.1324861351394864	6.524392977053538	2659.0	0.0	1703.643798828125	55825.0	0.7525000000000001	822.0	-643.0	-0.4716599190283401	-352.0	0.32186234817813764	-2.0492430035173577	-30.0	193.0	-3.0334184439805036	-0.7208359490554258	-5.0	
-6.754530478658185	1479.0	1825.0	3.118380705610087	6.5490391767955	2652.0	0.0	1723.175048828125	56465.0	0.7625000000000001	826.0	-646.0	-0.4777327935222672	-350.0	0.31781376518218624	-2.09512157822297	8.0	152.0	-2.395144020368287	-1.2975435838280498	-2.0	
-6.814036307010345	1484.0	1825.0	3.1201788227750864	6.488239116999856	2657.0	0.0	1742.706298828125	57105.0	0.7625000000000001	826.0	-646.0	-0.4777327935222672	-350.0	0.31781376518218624	-1.0246215017586788	51.0	140.0	-2.2467937438640724	-1.9558728783623789	-72.0	
-6.802133937003575	1484.0	1825.0	3.1199396329759104	6.48835335690394	2656.0	0.0	1762.237548828125	57745.0	0.7625000000000001	826.0	-646.0	-0.4777327935222672	-350.0	0.31781376518218624	-0.13763572411683744	12.0	127.0	-2.088304137054865	-1.3558531196274153	-130.0	
-6.87391386405422	1484.0	1828.0	3.0848040707684112	6.4869328463892835	2662.0	0.0	1781.768798828125	58385.0	0.7625000000000001	826.0	-646.0	-0.4777327935222672	-350.0	0.31781376518218624	-0.48937146352653316	26.0	105.0	-1.7337124634683854	-1.567129974105299	-107.0	
-6.79084107868018	1484.0	1830.0	3.0587492748391396	6.487242478324438	2655.0	0.0	1801.300048828125	59025.0	0.765	827.0	-640.0	-0.46558704453441296	-360.0	0.33805668016194335	-1.1622572258755162	-8.0	68.0	-1.1429300269247258	-1.0395097053636158	-63.0	
-6.778448690654033	1486.0	1826.0	3.107511886977686	6.464245268905303	2654.0	0.0	1820.831298828125	59665.0	0.765	827.0	-640.0	-0.46558704453441296	-360.0	0.33805668016194335	1.0093286435234747	45.0	61.0	-1.113988037367326	-1.8524779193486618	-205.0	
-6.814397196675017	1488.0	1828.0	3.0840898563078247	6.439320957689525	2657.0	0.0	1840.362548828125	60305.0	0.765	827.0	-640.0	-0.46558704453441296	-360.0	0.33805668016194335	1.3916500994035788	30.0	46.0	-0.9008701466685146	-1.6201794855698002	-230.0	
-6.921524548417639	1483.0	1828.0	3.0856403963312924	6.4985216588279915	2666.0	0.0	1859.893798828125	60945.0	0.7575000000000001	824.0	-644.0	-0.4736842105263158	-359.0	0.3360323886639676	0.3976143141153082	13.0	20.0	-0.46382251123794727	-1.3549527870273712	-165.0	
-6.861643378364748	1486.0	1825.0	3.1213764492394387	6.463690613273431	2661.0	0.0	1879.425048828125	61585.0	0.7575000000000001	824.0	-644.0	-0.4736842105263158	-359.0	0.3360323886639676	-1.2998929499923537	65.0	-7.0	0.02732851561514664	-2.147954426981335	-54.0	
-6.789619646640752	1486.0	1820.0	3.180892478781975	6.465601171181521	2655.0	0.0	1898.956298828125	62225.0	0.7575000000000001	824.0	-644.0	-0.4736842105263158	-359.0	0.3360323886639676	0.24468573176326658	70.0	-43.0	0.5200242828034397	-2.219749887600077	-155.0	
-6.8488828746558985	1490.0	1818.0	3.206950629648189	6.417336930834356	2660.0	0.0	1918.487548828125	62865.0	0.7575000000000001	824.0	-644.0	-0.4736842105263158	-359.0	0.3360323886639676	1.7280929805780703	90.0	-71.0	0.8944224185429333	-2.52289557940518	-252.0	
-6.9086421423721145	1487.0	1820.0	3.1834048104075614	6.4524130000856355	2665.0	0.0	1938.018798828125	63505.0	0.7525000000000001	822.0	-640.0	-0.46558704453441296	-351.0	0.31983805668016196	1.6669215476372536	19.0	-49.0	0.5475998992499136	-1.436905464871242	-248.0	
-6.765819723972564	1482.0	1820.0	3.179932364648328	6.514012739209868	2653.0	0.0	1957.550048828125	64145.0	0.7525000000000001	822.0	-640.0	-0.46558704453441296	-351.0	0.31983805668016196	-0.6575929041137789	-11.0	-59.0	0.7897754035199599	-0.9741492000847943	-96.0	
-6.741771179285673	1482.0	1818.0	3.2038344523850135	6.51473126641147	2651.0	0.0	1977.081298828125	64785.0	0.7525000000000001	822.0	-640.0	-0.46558704453441296	-351.0	0.31983805668016196	-0.8105214864658206	20.0	-56.0	0.7545061170223492	-1.4501808863516426	-86.0	
-6.777100538932577	1492.0	1815.0	3.2423270591233355	6.394665897238924	2654.0	0.0	1996.612548828125	65425.0	0.755	823.0	-642.0	-0.46963562753036436	-341.0	0.29959514170040485	-1.1622572258755162	62.0	-34.0	0.436642540627476	-2.097827835756837	-63.0	
-6.7413958375849425	1490.0	1815.0	3.2413686224581593	6.419100161061265	2651.0	0.0	2016.143798828125	529.0	0.755	823.0	-642.0	-0.46963562753036436	-341.0	0.29959514170040485	-1.3610643829331703	14.0	-39.0	0.5141329701348661	-1.360517715871768	-50.0	
-6.669866941225675	1484.0	1814.0	3.2514011155276785	6.492305256512754	2645.0	0.0	2035.675048828125	1169.0	0.755	823.0	-642.0	-0.46963562753036436	-341.0	0.29959514170040485	-0.5811286129377581	-15.0	-64.0	0.8630069737935014	-0.9120389497495592	-101.0	
-6.64642188654047	1489.0	1817.0	3.214954203095888	6.431569804955548	2643.0	0.0	2055.206298828125	1809.0	0.765	827.0	-643.0	-0.4716599190283401	-341.0	0.29959514170040485	1.2234286588163328	40.0	-58.0	0.7069862576981945	-1.7575457581073821	-219.0	
-6.681768106896107	1485.0	1814.0	3.251760738960679	6.480145244553626	2646.0	0.0	2074.737548828125	2449.0	0.765	827.0	-643.0	-0.4716599190283401	-341.0	0.29959514170040485	0.6423000458785748	-30.0	-71.0	0.9194382539576217	-0.6813073820760446	-181.0	
-6.634404840215053	1483.0	1816.0	3.2261826451612885	6.504203700886618	2642.0	0.0	2094.268798828125	3089.0	0.765	827.0	-643.0	-0.4716599190283401	-341.0	0.29959514170040485	-0.749350053525004	-21.0	-59.0	0.7919110275681915	-0.820683007263063	-90.0	
-6.491814183125471	1488.0	1818.0	3.1995340684052547	6.4448556720669705	2630.0	0.0	2113.800048828125	3729.0	0.765	827.0	-643.0	-0.4716599190283401	-341.0	0.29959514170040485	-0.9022786358770455	3.0	-61.0	0.8324712886836856	-1.188545012446906	-80.0	
-6.491938494134823	1486.0	1819.0	3.187102967470088	6.468702192480343	2630.0	0.0	2133.331298828125	4369.0	0.765	827.0	-648.0	-0.4817813765182186	-341.0	0.29959514170040485	1.6210429729316411	-15.0	-18.0	0.06741622073383155	-0.919994857280156	-245.0	
-6.587286582543689	1480.0	1820.0	3.176103650393037	6.539817881881219	2638.0	0.0	2152.862548828125	5009.0	0.765	827.0	-648.0	-0.4817813765182186	-341.0	0.29959514170040485	1.0246215017586788	-45.0	32.0	-0.6823677313608257	-0.4671581870573554	-206.0	
-6.587530387217039	1480.0	1822.0	3.1517231830579995	6.539327834487785	2638.0	0.0	2172.393798828125	5649.0	0.765	827.0	-648.0	-0.4817813765182186	-341.0	0.29959514170040485	-1.3916500994035788	31.0	78.0	-1.2815785873487617	-1.6393310536347276	-48.0	
-6.562860287483391	1490.0	1815.0	3.2377807754705157	6.420813759622527	2636.0	0.0	2191.925048828125	6289.0	0.7625000000000001	826.0	-648.0	-0.4817813765182186	-341.0	0.29959514170040485	-2.0645358617525615	99.0	114.0	-1.797938231855157	-2.6879195388322854	-4.0	
-6.633906391841308	1492.0	1812.0	3.276027482535777	6.396771847178085	2642.0	0.0	2211.456298828125	6929.0	0.7625000000000001	826.0	-648.0	-0.4817813765182186	-341.0	0.29959514170040485	-1.0705000764642914	29.0	118.0	-1.9099585953301756	-1.6149258863982918	-69.0	
-6.646057383866782	1488.0	1814.0	3.251404470464621	6.444350648100744	2643.0	0.0	2230.987548828125	7569.0	0.7625000000000001	826.0	-648.0	-0.4817813765182186	-341.0	0.29959514170040485	-1.1010857929346995	-30.0	117.0	-1.9024069183125678	-0.7095258337987465	-67.0	
-6.634152605187335	1490.0	1814.0	3.2514061479330922	6.42037334389474	2642.0	0.0	2250.518798828125	8209.0	0.7625000000000001	826.0	-648.0	-0.4817813765182186	-341.0	0.29959514170040485	-1.4069429576387829	-14.0	97.0	-1.5801047668585109	-0.9518145508142043	-47.0	
-6.586306546504934	1484.0	1812.0	3.2741072542684826	6.493594983234778	2638.0	0.0	2270.050048828125	8849.0	0.77	829.0	-646.0	-0.4777327935222672	-354.0	0.3259109311740891	0.09175714941122497	-72.0	75.0	-1.3105700496686294	-0.05913915147106102	-145.0	
-6.6698693498983515	1482.0	1814.0	3.2511602482600312	6.516396800622843	2645.0	0.0	2289.581298828125	9489.0	0.77	829.0	-646.0	-0.4777327935222672	-354.0	0.3259109311740891	2.1257072946933784	-33.0	119.0	-2.0626874460442357	-0.6650951881016883	-278.0	
-6.681645000223094	1486.0	1813.0	3.264071406262021	6.468344496195298	2646.0	0.0	2309.112548828125	10129.0	0.77	829.0	-646.0	-0.4777327935222672	-354.0	0.3259109311740891	1.8504358464597035	19.0	143.0	-2.41283641495066	-1.4665098280132478	-260.0	
-6.669986434889674	1486.0	1815.0	3.239451749127807	6.467968688705948	2645.0	0.0	2328.643798828125	10769.0	0.7625000000000001	826.0	-649.0	-0.48380566801619435	-341.0	0.29959514170040485	1.2081358005811287	-29.0	148.0	-2.471415151821664	-0.7305603997919623	-218.0	
-6.681766902559769	1486.0	1814.0	3.2518811725945023	6.468099472498581	2646.0	0.0	2348.175048828125	11409.0	0.7625000000000001	826.0	-649.0	-0.48380566801619435	-341.0	0.29959514170040485	1.6669215476372536	-30.0	152.0	-2.5514410194928714	-0.7160161748105495	-248.0	
-6.682130200897118	1488.0	1817.0	3.215551338859593	6.44327285729834	2646.0	0.0	2367.706298828125	12049.0	0.7625000000000001	826.0	-649.0	-0.48380566801619435	-341.0	0.29959514170040485	1.6363358311668452	-36.0	151.0	-2.5357575793127736	-0.6237924384599991	-246.0	
-6.670227830890348	1488.0	1817.0	3.215312149060417	6.443387097202424	2645.0	0.0	2387.237548828125	12689.0	0.7675000000000001	828.0	-642.0	-0.46963562753036436	-355.0	0.32793522267206476	0.8564000611714331	-39.0	140.0	-2.3358357374742282	-0.5757597690672389	-195.0	
-6.658444954547576	1490.0	1818.0	3.2031235928613695	6.4191647692997025	2644.0	0.0	2406.768798828125	13329.0	0.7675000000000001	828.0	-642.0	-0.46963562753036436	-355.0	0.32793522267206476	0.7799357699954123	-1.0	152.0	-2.511515680660225	-1.1606069475078453	-190.0	
-6.587268517498615	1495.0	1820.0	3.1779101549003923	6.359131301055552	2638.0	0.0	2426.300048828125	13969.0	0.7675000000000001	828.0	-642.0	-0.46963562753036436	-355.0	0.32793522267206476	0.29056430646887904	30.0	143.0	-2.34876006778335	-1.6346583847809486	-158.0	
-6.551075002467942	1494.0	1816.0	3.2258330865391156	6.372499887609717	2635.0	0.0	2445.831298828125	14609.0	0.7675000000000001	828.0	-642.0	-0.46963562753036436	-355.0	0.32793522267206476	0.24468573176326658	-5.0	171.0	-2.7829550433519468	-1.1019434065022629	-155.0	
-6.444074370407348	1495.0	1817.0	3.211610578312834	6.361237250994713	2626.0	0.0	2465.362548828125	15249.0	0.765	827.0	-648.0	-0.4817813765182186	-348.0	0.31376518218623484	0.8105214864658206	11.0	187.0	-3.049222711544521	-1.3501178217141871	-192.0	
-6.5275152714640905	1493.0	1818.0	3.2008538059719016	6.384284092079495	2633.0	0.0	2484.893798828125	15889.0	0.765	827.0	-648.0	-0.4817813765182186	-348.0	0.31376518218623484	2.355100168221441	-23.0	196.0	-3.254642681224623	-0.8304595770347414	-293.0	
-6.38480512071051	1496.0	1819.0	3.1861545956157387	6.349272631066655	2621.0	0.0	2504.425048828125	16529.0	0.765	827.0	-648.0	-0.4817813765182186	-348.0	0.31376518218623484	2.4162716011622574	-1.0	201.0	-3.3306173990896166	-1.1687979646921391	-297.0	
-6.361856105726372	1494.0	1826.0	3.100103713077107	6.371877489107893	2619.0	0.0	2523.956298828125	17169.0	0.76	825.0	-649.0	-0.48380566801619435	-353.0	0.32388663967611336	2.7221287658663407	-25.0	240.0	-3.9463804919531347	-0.8066879878257767	-317.0	
-6.361609892380345	1496.0	1824.0	3.124725047679792	6.348275992391239	2619.0	0.0	2543.487548828125	17809.0	0.76	825.0	-649.0	-0.48380566801619435	-353.0	0.32388663967611336	2.6303716164551156	19.0	295.0	-4.781898770002588	-1.490200451563767	-311.0	
-6.409220576743763	1495.0	1824.0	3.1255613732426735	6.359864804829946	2623.0	0.0	2563.018798828125	18449.0	0.76	825.0	-649.0	-0.48380566801619435	-353.0	0.32388663967611336	1.238721517051537	-5.0	412.0	-6.529463805120957	-1.1394084941199532	-220.0	
-6.349338202354535	1499.0	1821.0	3.1614178597846436	6.312987987220341	2618.0	0.0	2582.550048828125	19089.0	0.76	825.0	-649.0	-0.48380566801619435	-353.0	0.32388663967611336	0.7340571952897997	80.0	469.0	-7.3729382601284374	-2.4521243496106444	-187.0	
-6.420869507386477	1503.0	1822.0	3.1511444994474767	6.26387443587894	2624.0	0.0	2602.081298828125	19729.0	0.765	827.0	-647.0	-0.47975708502024295	-352.0	0.32186234817813764	2.492735892338278	26.0	515.0	-8.159076264085568	-1.631383612111471	-302.0	
-6.4802546377383	1507.0	1821.0	3.1650124166461717	6.215365171835058	2629.0	0.0	2621.612548828125	20369.0	0.765	827.0	-647.0	-0.47975708502024295	-352.0	0.32186234817813764	3.82321455880104	95.0	526.0	-8.370891273251711	-2.692271134613751	-389.0	
-6.504549395771218	1505.0	1825.0	3.1164889943068013	6.238248141350111	2631.0	0.0	2641.143798828125	21009.0	0.765	827.0	-647.0	-0.47975708502024295	-352.0	0.32186234817813764	3.8079217005658363	48.0	552.0	-8.777389287444663	-1.97514538282381	-388.0	
-6.516695570451339	1505.0	1827.0	3.09234771677094	6.237643854052592	2632.0	0.0	2660.675048828125	21649.0	0.76	825.0	-650.0	-0.4858299595141701	-341.0	0.29959514170040485	3.5632359688025694	72.0	568.0	-9.01001190199132	-2.345739216764274	-372.0	
-6.457542201409483	1511.0	1830.0	3.055303668575444	6.165205350152594	2627.0	0.0	2680.206298828125	22289.0	0.76	825.0	-650.0	-0.4858299595141701	-341.0	0.29959514170040485	3.7161645511546113	132.0	613.0	-9.699054650631075	-3.2732986637381667	-382.0	
-6.504783565753862	1513.0	1827.0	3.093071996042353	6.141391917516321	2631.0	0.0	2699.737548828125	22929.0	0.76	825.0	-650.0	-0.4858299595141701	-341.0	0.29959514170040485	4.282000305857165	116.0	666.0	-10.539318362726975	-3.0361895623291266	-419.0	
-6.58858415213894	1516.0	1831.0	3.046346690867982	6.103474827235729	2638.0	0.0	2719.268798828125	23569.0	0.7525000000000001	822.0	-652.0	-0.4898785425101215	-330.0	0.2773279352226721	4.756078911148494	145.0	692.0	-10.95372863665484	-3.4853236911540275	-450.0	
-6.553365855801668	1515.0	1835.0	2.9967477531665545	6.1148832242161575	2635.0	0.0	2738.800048828125	24209.0	0.7525000000000001	822.0	-652.0	-0.4898785425101215	-330.0	0.2773279352226721	5.444257531732681	156.0	690.0	-10.94880388298161	-3.6540637638566693	-495.0	
-6.732142801903894	1517.0	1837.0	2.976196000086808	6.088588034151372	2650.0	0.0	2758.331298828125	24849.0	0.7525000000000001	822.0	-652.0	-0.4898785425101215	-330.0	0.2773279352226721	6.713564765254627	230.0	737.0	-11.711110721316627	-4.797178622941263	-578.0	
-6.768209597252539	1522.0	1840.0	2.9409450366508985	6.0272813830737455	2653.0	0.0	2777.862548828125	25489.0	0.7525000000000001	822.0	-652.0	-0.4898785425101215	-330.0	0.2773279352226721	5.016057501146965	293.0	774.0	-12.20263746211074	-5.7687963608110735	-467.0	
-6.768450993253213	1524.0	1842.0	2.916805436583508	6.0026997915702225	2653.0	0.0	2797.393798828125	26129.0	0.7575000000000001	824.0	-658.0	-0.5020242914979757	-321.0	0.2591093117408907	1.3763572411683744	324.0	759.0	-11.82159703254873	-6.240664949917325	-229.0	
-6.827726264631742	1518.0	1840.0	2.941659251111485	6.074893271773503	2658.0	0.0	2816.925048828125	26769.0	0.7575000000000001	824.0	-658.0	-0.5020242914979757	-321.0	0.2591093117408907	-0.061171432940816645	326.0	806.0	-12.486688184381002	-6.2780048287518975	-135.0	
-6.970175750003238	1529.0	1837.0	2.982424999676217	5.941753971409154	2670.0	0.0	2836.456298828125	27409.0	0.7575000000000001	824.0	-658.0	-0.5020242914979757	-321.0	0.2591093117408907	0.8105214864658206	536.0	792.0	-12.27400226967966	-9.498219537811114	-192.0	
-7.064768337665287	1543.0	1832.0	3.046975757280753	5.773424361889444	2678.0	0.0	2855.987548828125	28049.0	0.7575000000000001	824.0	-674.0	-0.5344129554655871	-306.0	0.22874493927125505	0.3976143141153082	738.0	790.0	-12.19573345490813	-12.59702254860463	-165.0	
-7.18355425474133	1538.0	1830.0	3.0731459544384343	5.8330008705172585	2688.0	0.0	2875.518798828125	28689.0	0.7575000000000001	824.0	-674.0	-0.5344129554655871	-306.0	0.22874493927125505	-0.8258143447010247	725.0	743.0	-11.425902376953841	-12.389845950269464	-85.0	
-7.242451775746452	1542.0	1825.0	3.1357748063072046	5.785471701260246	2693.0	0.0	2895.050048828125	29329.0	0.7575000000000001	824.0	-674.0	-0.5344129554655871	-306.0	0.22874493927125505	-2.676250191160728	765.0	685.0	-10.45367393715854	-12.993903012196505	36.0	
-7.241464513689668	1552.0	1817.0	3.234501011985592	5.666974170283537	2693.0	0.0	2914.581298828125	29969.0	0.7575000000000001	824.0	-674.0	-0.5344129554655871	-306.0	0.22874493927125505	-3.9302645664474696	920.0	628.0	-9.503036289808856	-15.36279160273237	118.0	
-7.086238868236926	1558.0	1813.0	3.2808750810693184	5.597164751493233	2680.0	0.0	2934.112548828125	30609.0	0.765	827.0	-668.0	-0.5222672064777328	-298.0	0.2125506072874494	-3.7467502676250195	916.0	537.0	-8.111345161705275	-15.287496756818832	106.0	
-7.061816186185641	1565.0	1808.0	3.342190905245326	5.514297945399677	2678.0	0.0	2953.643798828125	31249.0	0.765	827.0	-668.0	-0.5222672064777328	-298.0	0.2125506072874494	-0.22939287352806242	1010.0	450.0	-6.899481176252596	-16.717759580828048	-124.0	
-7.085505045544198	1560.0	1807.0	3.354257350342079	5.574543349563448	2680.0	0.0	2973.175048828125	31889.0	0.765	827.0	-668.0	-0.5222672064777328	-298.0	0.2125506072874494	4.649028903502065	991.0	422.0	-6.666853793193116	-16.423888117493078	-443.0	
-7.157410487940535	1557.0	1811.0	3.3065702535655896	5.609015131517207	2686.0	0.0	2992.706298828125	32529.0	0.7725	830.0	-675.0	-0.5364372469635628	-293.0	0.20242914979757085	5.704236121731152	946.0	446.0	-7.085099248257816	-15.737568807428106	-512.0	
-7.097033278186575	1567.0	1804.0	3.3919102765805773	5.490843776364203	2681.0	0.0	3012.237548828125	33169.0	0.7725	830.0	-675.0	-0.5364372469635628	-293.0	0.20242914979757085	3.257378804098486	1008.0	505.0	-7.885184051406587	-16.69692764226334	-352.0	
-6.881931280026295	1572.0	1797.0	3.473538664037155	5.434386400239516	2663.0	0.0	3031.768798828125	33809.0	0.7725	830.0	-675.0	-0.5364372469635628	-293.0	0.20242914979757085	1.2540143752867412	1042.0	540.0	-8.33816576260678	-17.22316990375159	-221.0	
-6.89394832635171	1578.0	1798.0	3.4623102219717548	5.361752504308448	2664.0	0.0	3051.300048828125	34449.0	0.7775	832.0	-674.0	-0.5344129554655871	-296.0	0.20850202429149797	4.81725034408931	981.0	579.0	-9.089887870686223	-16.294673621686766	-454.0	
-7.001780596714943	1595.0	1804.0	3.39336889993423	5.154476078055632	2673.0	0.0	3070.831298828125	35089.0	0.7775	832.0	-674.0	-0.5344129554655871	-296.0	0.20850202429149797	7.768771983483714	1107.0	601.0	-9.526980453059837	-18.232449488434238	-647.0	
-6.965946767012605	1599.0	1803.0	3.405323298739515	5.106880733244423	2670.0	0.0	3090.362548828125	35729.0	0.7775	832.0	-674.0	-0.5344129554655871	-296.0	0.20850202429149797	7.64642911760208	1023.0	616.0	-9.765685967417763	-16.945899916295325	-639.0	
-6.858593675641705	1589.0	1801.0	3.4263467215437298	5.22885666032506	2661.0	0.0	3109.893798828125	36369.0	0.7775	832.0	-674.0	-0.5344129554655871	-296.0	0.20850202429149797	7.20293622878116	944.0	608.0	-9.637023269146377	-15.732399080320743	-610.0	
-6.67979625582173	1604.0	1799.0	3.448945846398479	5.050373725454089	2646.0	0.0	3129.425048828125	37009.0	0.7775	832.0	-686.0	-0.5587044534412956	-278.0	0.17206477732793524	9.374522098180151	1016.0	648.0	-10.328059527454133	-16.844112266288814	-752.0	
-6.798927406190047	1616.0	1800.0	3.440592714328607	4.904437038055996	2656.0	0.0	3148.956298828125	37649.0	0.7775	832.0	-686.0	-0.5587044534412956	-278.0	0.17206477732793524	16.852729775194984	1215.0	698.0	-11.365660996147538	-19.9080405289426	-1241.0	
-7.311623580273389	1582.0	1807.0	3.3614514964705484	5.30736580617487	2699.0	0.0	3168.487548828125	38289.0	0.7775	832.0	-686.0	-0.5587044534412956	-278.0	0.17206477732793524	22.44991588927971	964.0	768.0	-12.704686614066116	-16.069965386932438	-1607.0	
-7.418728049625586	1596.0	1807.0	3.3652902755366663	5.13769683826749	2708.0	0.0	3188.018798828125	38929.0	0.755	823.0	-691.0	-0.5688259109311741	-252.0	0.1194331983805668	16.806851200489373	1026.0	912.0	-14.684296325084684	-17.04111947084637	-1238.0	
-7.1675219216901755	1627.0	1797.0	3.485903069077687	4.76912717951405	2687.0	0.0	3207.550048828125	39569.0	0.755	823.0	-691.0	-0.5688259109311741	-252.0	0.1194331983805668	7.891114849365347	1329.0	1008.0	-15.757761631964465	-21.701232672327013	-655.0	
-7.167025881989107	1634.0	1793.0	3.5355070391845285	4.6857868699156064	2687.0	0.0	3227.081298828125	40209.0	0.755	823.0	-691.0	-0.5688259109311741	-252.0	0.1194331983805668	7.187643370545956	1257.0	1025.0	-16.002144593790735	-20.59887367856028	-609.0	
-7.346180578464741	1626.0	1798.0	3.4771802487639887	4.779214329311115	2702.0	0.0	3246.612548828125	40849.0	0.755	823.0	-691.0	-0.5688259109311741	-252.0	0.1194331983805668	13.717693836978132	1250.0	1048.0	-16.618150850028567	-20.497622355515784	-1036.0	
-7.561753325262987	1635.0	1809.0	3.348476997510867	4.66605080187831	2720.0	0.0	3266.143798828125	41489.0	0.7675000000000001	828.0	-693.0	-0.5728744939271255	-258.0	0.13157894736842105	17.67854411989601	1193.0	1088.0	-17.400542933213572	-19.630810707834517	-1295.0	
-7.7163501896509405	1645.0	1808.0	3.3649810349059135	4.5443529862714875	2733.0	0.0	3285.675048828125	42129.0	0.7675000000000001	828.0	-693.0	-0.5728744939271255	-258.0	0.13157894736842105	17.23505123107509	1257.0	1085.0	-17.326843371421354	-20.612120666336587	-1266.0	
-7.8096283470090055	1637.0	1792.0	3.5609748229090354	4.643725622626644	2741.0	0.0	3305.206298828125	42769.0	0.7675000000000001	828.0	-693.0	-0.5728744939271255	-258.0	0.13157894736842105	14.054136718152623	1272.0	1075.0	-17.043510962748734	-20.839454597121737	-1058.0	
-7.583471273516991	1647.0	1792.0	3.5576345530629236	4.525438460253799	2722.0	0.0	3324.737548828125	43409.0	0.7575000000000001	824.0	-710.0	-0.6072874493927125	-241.0	0.09716599190283401	11.3931793852271	1299.0	1068.0	-16.825275740172767	-21.251573303665346	-884.0	
-7.488580686046369	1678.0	1795.0	3.522883776315491	4.152198374689942	2714.0	0.0	3344.268798828125	44049.0	0.7575000000000001	824.0	-710.0	-0.6072874493927125	-241.0	0.09716599190283401	12.1272365805169	1432.0	1087.0	-17.126462474856535	-23.2954014975428	-932.0	
-7.762490819956228	1650.0	1796.0	3.512822766281963	4.486607450740535	2737.0	0.0	3363.800048828125	44689.0	0.7575000000000001	824.0	-710.0	-0.6072874493927125	-241.0	0.09716599190283401	16.653922618137333	1314.0	1103.0	-17.57170786469555	-21.48920487978245	-1228.0	
-7.870715292728928	1645.0	1805.0	3.4046612032977617	4.5436029386085455	2746.0	0.0	3383.331298828125	45329.0	0.7475	820.0	-710.0	-0.6072874493927125	-226.0	0.06680161943319839	16.5315797522557	1025.0	1156.0	-18.426333436168825	-17.063195358299087	-1220.0	
-7.9291059350059365	1665.0	1796.0	3.517977927977786	4.3043215112576885	2751.0	0.0	3402.862548828125	45969.0	0.7475	820.0	-710.0	-0.6072874493927125	-226.0	0.06680161943319839	11.913136565224042	1271.0	1262.0	-19.834225871432462	-20.852017262550447	-918.0	
-8.057603593037609	1657.0	1776.0	3.7634502200485116	4.404331522687461	2762.0	0.0	3422.393798828125	46609.0	0.7475	820.0	-710.0	-0.6072874493927125	-226.0	0.06680161943319839	8.04404343171739	1220.0	1337.0	-20.840855836120394	-20.079514895632958	-665.0	
-7.98665048694425	1679.0	1780.0	3.7159036865275	4.139029882114119	2756.0	0.0	3441.925048828125	47249.0	0.7475	820.0	-710.0	-0.6072874493927125	-226.0	0.06680161943319839	4.786664627618903	1235.0	1395.0	-21.600353496959297	-20.31727712711322	-452.0	
-8.071545785686727	1684.0	1793.0	3.559707145613107	4.074816034452985	2763.0	0.0	3461.456298828125	47889.0	0.735	815.0	-717.0	-0.6214574898785425	-205.0	0.024291497975708502	2.477443034103074	1264.0	1467.0	-22.610955592452918	-20.772373174153778	-301.0	
-8.13118074239359	1683.0	1794.0	3.548592427307646	4.0860455832908915	2768.0	0.0	3480.987548828125	48529.0	0.735	815.0	-717.0	-0.6214574898785425	-205.0	0.024291497975708502	0.8564000611714331	982.0	1529.0	-23.54299154471313	-16.454549142085156	-195.0	
-8.11708894767202	1679.0	1776.0	3.767295708988514	4.138753337956062	2767.0	0.0	3500.518798828125	49169.0	0.735	815.0	-717.0	-0.6214574898785425	-205.0	0.024291497975708502	-1.7128001223428662	958.0	1629.0	-24.981987202363438	-16.10067149086666	-27.0	
-8.23488639835494	1685.0	1766.0	3.8923125454584064	4.067786543552125	2777.0	0.0	3520.050048828125	49809.0	0.73	813.0	-714.0	-0.6153846153846154	-179.0	-0.02834008097165992	-1.1775500841107205	914.0	1743.0	-26.76354699358889	-15.44332980782142	-62.0	
-8.41339665739339	1706.0	1766.0	3.8984294987563475	3.813111731834928	2792.0	0.0	3539.581298828125	50449.0	0.73	813.0	-714.0	-0.6153846153846154	-179.0	-0.02834008097165992	1.330478666462762	1138.0	1857.0	-28.58289093868883	-18.898687586692397	-226.0	
-8.67524398019698	1710.0	1766.0	3.9041734088735196	3.7624153657248978	2814.0	0.0	3559.112548828125	51089.0	0.73	813.0	-714.0	-0.6153846153846154	-179.0	-0.02834008097165992	4.052607432329102	1031.0	1931.0	-29.84635475792999	-17.269462473465445	-404.0	
-8.639389676776892	1731.0	1765.0	3.918175179453807	3.510041895977934	2811.0	0.0	3578.643798828125	51729.0	0.73	813.0	-714.0	-0.6153846153846154	-179.0	-0.02834008097165992	2.752714482336749	1009.0	1914.0	-29.536267604009097	-16.92878296144749	-319.0	
-8.59164745538609	1740.0	1764.0	3.9304925566290345	3.4023319307955866	2807.0	0.0	3598.175048828125	52369.0	0.7325	814.0	-719.0	-0.6255060728744939	-152.0	-0.08299595141700405	5.077228934087781	865.0	1810.0	-28.051738807408654	-14.7043320267115	-471.0	
-8.735700940515775	1735.0	1774.0	3.8108583293748426	3.4587396752546278	2819.0	0.0	3617.706298828125	53009.0	0.7325	814.0	-719.0	-0.6255060728744939	-152.0	-0.08299595141700405	10.047407860529134	688.0	1638.0	-25.632200846153957	-11.964163039610844	-796.0	
-8.844643579608807	1741.0	1789.0	3.630880134357588	3.3817615283368467	2828.0	0.0	3637.237548828125	53649.0	0.7325	814.0	-719.0	-0.6255060728744939	-152.0	-0.08299595141700405	13.151858082275579	530.0	1534.0	-24.18101437383304	-9.525222756903899	-999.0	
-8.892241016272504	1751.0	1789.0	3.63304122989253	3.260846848170065	2832.0	0.0	3656.768798828125	54289.0	0.735	815.0	-726.0	-0.6396761133603239	-131.0	-0.12550607287449392	10.460315032879647	555.0	1484.0	-23.300492138926817	-9.900029626007958	-823.0	
-8.8673427682379	1748.0	1780.0	3.741913652400376	3.299417857413821	2830.0	0.0	3676.300048828125	54929.0	0.735	815.0	-726.0	-0.6396761133603239	-131.0	-0.12550607287449392	6.147729010552073	499.0	1484.0	-23.136597998296327	-9.03909959974666	-541.0	
-8.712601119122844	1757.0	1780.0	3.739888087715498	3.1924910276715153	2817.0	0.0	3695.831298828125	55569.0	0.735	815.0	-726.0	-0.6396761133603239	-131.0	-0.12550607287449392	3.043278788805628	538.0	1466.0	-22.729595861087358	-9.63346444104144	-338.0	
-8.713576337816246	1757.0	1788.0	3.642366218375347	3.190530838097778	2817.0	0.0	3715.362548828125	56209.0	0.715	807.0	-733.0	-0.6538461538461539	-106.0	-0.17611336032388664	7.600550542896468	440.0	1461.0	-22.850001040294096	-8.130909094337266	-636.0	
-8.760687369469581	1766.0	1784.0	3.6931678149465403	3.0826420247729094	2821.0	0.0	3734.893798828125	56849.0	0.715	807.0	-733.0	-0.6538461538461539	-106.0	-0.17611336032388664	10.506193607585258	409.0	1517.0	-23.83229126134163	-7.66505300314587	-826.0	
-8.80939397052674	1766.0	1793.0	3.584412471135576	3.0799798518861183	2825.0	0.0	3754.425048828125	57489.0	0.715	807.0	-733.0	-0.6538461538461539	-106.0	-0.17611336032388664	13.74827955344854	370.0	1587.0	-25.04459523934012	-7.078741180258984	-1038.0	
-8.952456580590626	1774.0	1795.0	3.5638657504612428	2.9817527492033182	2837.0	0.0	3773.956298828125	58129.0	0.715	807.0	-733.0	-0.6538461538461539	-106.0	-0.17611336032388664	12.448386603456187	354.0	1632.0	-25.687191578907182	-6.839655405124656	-953.0	
-9.107421560661283	1782.0	1797.0	3.5435582195860857	2.883411406616434	2850.0	0.0	3793.487548828125	58769.0	0.71	805.0	-739.0	-0.6659919028340081	-119.0	-0.14979757085020243	7.875821991130143	362.0	1672.0	-26.118308279442914	-6.966722441395012	-654.0	
-9.11931790898636	1787.0	1797.0	3.54439957755438	2.8230683064371274	2851.0	0.0	3813.018798828125	59409.0	0.71	805.0	-739.0	-0.6659919028340081	-119.0	-0.14979757085020243	3.7161645511546113	294.0	1709.0	-26.53145812448403	-5.92742905109293	-382.0	
-8.999664223517534	1804.0	1792.0	3.6050062196752144	2.6206576990257986	2841.0	0.0	3832.550048828125	60049.0	0.71	805.0	-739.0	-0.6659919028340081	-119.0	-0.14979757085020243	3.7773359840954277	306.0	1696.0	-26.332114342638643	-6.109569417171975	-386.0	
-9.047616528164214	1823.0	1795.0	3.571680516912013	2.3905959992734656	2845.0	0.0	3852.081298828125	60689.0	0.6950000000000001	799.0	-741.0	-0.6700404858299596	-103.0	-0.18218623481781376	6.545343324667381	274.0	1701.0	-26.524636863203998	-5.620471165317631	-567.0	
-9.060246699182018	1826.0	1801.0	3.499139605607547	2.3528743010239452	2846.0	0.0	3871.612548828125	61329.0	0.6950000000000001	799.0	-741.0	-0.6700404858299596	-103.0	-0.18218623481781376	8.4569506040679	148.0	1682.0	-26.32819211945268	-3.685101776956381	-692.0	
-9.180490626952812	1825.0	1811.0	3.3795087332902973	2.361327437070977	2856.0	0.0	3891.143798828125	61969.0	0.6950000000000001	799.0	-741.0	-0.6700404858299596	-103.0	-0.18218623481781376	5.994800428200032	144.0	1639.0	-25.568959113019094	-3.6161315122595457	-531.0	
-9.27630464665429	1837.0	1816.0	3.3219162869519976	2.214639134694184	2864.0	0.0	3910.675048828125	62609.0	0.6950000000000001	799.0	-741.0	-0.6700404858299596	-103.0	-0.18218623481781376	0.0	125.0	1636.0	-25.285964100633013	-3.3217563726313113	-139.0	
-9.132731544853277	1848.0	1810.0	3.393512181339056	2.084976663118008	2852.0	0.0	3930.206298828125	63249.0	0.7025	802.0	-737.0	-0.6619433198380567	-102.0	-0.18421052631578946	-6.025386144670439	150.0	1597.0	-24.44128929490555	-3.696921716027159	255.0	
-9.024863144399896	1861.0	1804.0	3.466066512391291	1.9308799277194895	2843.0	0.0	3949.737548828125	63889.0	0.7025	802.0	-737.0	-0.6619433198380567	-102.0	-0.18421052631578946	-7.1111790793699345	140.0	1579.0	-24.122543420544652	-3.5402894207023015	326.0	
-8.893572571651736	1860.0	1801.0	3.499885691969085	1.9449174098096111	2832.0	0.0	3969.268798828125	64529.0	0.7025	802.0	-737.0	-0.6619433198380567	-102.0	-0.18421052631578946	-4.389050313503594	82.0	1584.0	-24.31722014845216	-2.652256135810132	148.0	
-8.952711488657535	1866.0	1798.0	3.538374943770465	1.8728066490490747	2837.0	0.0	3988.800048828125	65169.0	0.7000000000000001	801.0	-731.0	-0.6497975708502024	-88.0	-0.2125506072874494	0.24468573176326658	148.0	1603.0	-24.784658216052666	-3.669666437922381	-155.0	
-9.072826288073621	1871.0	1807.0	3.4316569069236764	1.8092301764625565	2847.0	0.0	4008.331298828125	273.0	0.7000000000000001	801.0	-731.0	-0.6497975708502024	-88.0	-0.2125506072874494	0.8258143447010247	120.0	1603.0	-24.812197062109842	-3.2402962839554554	-193.0	
-9.191973094814335	1870.0	1808.0	3.421738137614096	1.819888525780042	2857.0	0.0	4027.862548828125	913.0	0.7000000000000001	801.0	-731.0	-0.6497975708502024	-88.0	-0.2125506072874494	-4.067900290564307	90.0	1566.0	-24.051984634302332	-2.772359649933633	127.0	
-9.001524335678969	1879.0	1808.0	3.4189950035316894	1.7133044157499886	2841.0	0.0	4047.393798828125	1553.0	0.7025	802.0	-723.0	-0.6336032388663968	-87.0	-0.2145748987854251	-9.894479278177092	97.0	1511.0	-22.971931677574144	-2.868970505973225	508.0	
-8.73905545782862	1885.0	1803.0	3.4754065980903484	1.6447681797931593	2819.0	0.0	4066.925048828125	2193.0	0.7025	802.0	-723.0	-0.6336032388663968	-87.0	-0.2145748987854251	-9.11454350818168	104.0	1487.0	-22.632914922958463	-2.9729917240339425	457.0	
-8.606541044368356	1888.0	1790.0	3.6316098488786253	1.6130728106302745	2808.0	0.0	4086.456298828125	2833.0	0.7025	802.0	-723.0	-0.6336032388663968	-87.0	-0.2145748987854251	-1.1775500841107205	205.0	1525.0	-23.519333547186076	-4.531648759746834	-62.0	
-8.643196877682628	1910.0	1798.0	3.5374550888801246	1.3457629161333062	2811.0	0.0	4105.987548828125	3473.0	0.7025	802.0	-723.0	-0.6336032388663968	-87.0	-0.2145748987854251	7.7381862670133055	354.0	1595.0	-24.92971610425981	-6.832080650378183	-645.0	
-8.597406298014969	1918.0	1813.0	3.3546082937412263	1.24617834385853	2807.0	0.0	4125.518798828125	4113.0	0.6900000000000001	797.0	-723.0	-0.6336032388663968	-73.0	-0.24291497975708504	13.258908089922008	222.0	1627.0	-25.662958335694924	-4.813941229820046	-1006.0	
-8.658024903769602	1910.0	1822.0	3.2451286706588482	1.339768107508011	2812.0	0.0	4145.050048828125	4753.0	0.6900000000000001	797.0	-723.0	-0.6336032388663968	-73.0	-0.24291497975708504	13.717693836978132	89.0	1619.0	-25.578668366761075	-2.7722820036000955	-1036.0	
-8.77705221684632	1907.0	1822.0	3.2471592677491397	1.3747630246323026	2822.0	0.0	4164.581298828125	5393.0	0.6900000000000001	797.0	-723.0	-0.6336032388663968	-73.0	-0.24291497975708504	9.818014987001071	30.0	1631.0	-25.61631767980642	-1.8673339609011792	-781.0	
-8.84749121819354	1907.0	1814.0	3.346116275884348	1.3760377747815347	2828.0	0.0	4184.112548828125	6033.0	0.6775	792.0	-722.0	-0.631578947368421	-55.0	-0.2793522267206478	7.050007646429118	-12.0	1687.0	-26.37337230140587	-1.2304361934759278	-600.0	
-9.026248894914351	1925.0	1816.0	3.3274914609457804	1.157010231836037	2843.0	0.0	4203.643798828125	6673.0	0.6775	792.0	-722.0	-0.631578947368421	-55.0	-0.2793522267206478	8.38048631289188	-15.0	1970.0	-30.779787575441425	-1.2284668952419087	-687.0	
-8.775323906078777	1925.0	1808.0	3.41999034450323	1.1613694593955417	2822.0	0.0	4223.175048828125	7313.0	0.6775	792.0	-722.0	-0.631578947368421	-55.0	-0.2793522267206478	11.974307998164859	-217.0	2362.0	-36.98375746568922	1.8090791047968446	-922.0	
-8.798259673363194	1938.0	1801.0	3.507365997013922	1.0062611087488151	2824.0	0.0	4242.706298828125	7953.0	0.6775	792.0	-722.0	-0.631578947368421	-55.0	-0.2793522267206478	16.08808686343478	-201.0	2566.0	-40.28350230092773	1.5305699179144607	-1191.0	
-8.966457110117004	1955.0	1814.0	3.3542889882996474	0.7966983170985578	2838.0	0.0	4262.237548828125	8593.0	0.6675	788.0	-725.0	-0.6376518218623481	-34.0	-0.32186234817813764	18.0149870010705	-312.0	2595.0	-40.82364188699389	3.2284062081056635	-1317.0	
-9.265108663970981	1959.0	1823.0	3.2510383648066785	0.7434540180058213	2863.0	0.0	4281.768798828125	9233.0	0.6675	788.0	-725.0	-0.6376518218623481	-34.0	-0.32186234817813764	19.161951368710813	-499.0	2689.0	-42.343994006098264	6.082621130983978	-1392.0	
-9.241302719621102	1960.0	1823.0	3.25068041884215	0.7316367257589451	2861.0	0.0	4301.300048828125	9873.0	0.6675	788.0	-725.0	-0.6376518218623481	-34.0	-0.32186234817813764	11.851965132283224	-554.0	2672.0	-41.79859033197916	6.932021768922038	-914.0	
-9.324355031277394	1977.0	1821.0	3.2787825865464235	0.526548968888034	2868.0	0.0	4320.831298828125	10513.0	0.65	781.0	-726.0	-0.6396761133603239	-19.0	-0.3522267206477733	7.722893408778101	-492.0	2660.0	-41.43936281930475	5.984256057245038	-644.0	
-9.371810091886665	2004.0	1820.0	3.2951812875238864	0.20110118748221345	2872.0	0.0	4340.362548828125	11153.0	0.65	781.0	-726.0	-0.6396761133603239	-19.0	-0.3522267206477733	4.893714635265331	-435.0	2777.0	-43.11700466801431	5.092844070244823	-459.0	
-9.040357814711172	2016.0	1835.0	3.1070756717400534	0.05607528468527972	2844.0	0.0	4359.893798828125	11793.0	0.65	781.0	-726.0	-0.6396761133603239	-19.0	-0.3522267206477733	8.885150634653618	-446.0	2920.0	-45.4777755146321	5.238025682018018	-720.0	
-9.028679979996339	2032.0	1837.0	3.0843829527470183	-0.13703287568478206	2843.0	0.0	4379.425048828125	12433.0	0.65	781.0	-726.0	-0.6396761133603239	-4.0	-0.3825910931174089	14.161186725799054	-435.0	3040.0	-47.53279342945848	5.048686182630381	-1065.0	
-8.852303746201132	2061.0	1855.0	2.8648634751249222	-0.48905709326071767	2828.0	0.0	4398.956298828125	13073.0	0.65	781.0	-726.0	-0.6396761133603239	-4.0	-0.3825910931174089	15.537543966967428	-361.0	2971.0	-46.51521938555229	3.9233701323682	-1155.0	
-9.020011164935564	2080.0	1864.0	2.7607882683483704	-0.7217313342341954	2842.0	0.0	4418.487548828125	13713.0	0.65	781.0	-726.0	-0.6396761133603239	-4.0	-0.3825910931174089	11.270836519345467	-361.0	2795.0	-43.63756304955851	3.9521466957281373	-876.0	
-9.601040279225177	2074.0	1846.0	2.9912101727204035	-0.6506440306631449	2891.0	0.0	4438.018798828125	14353.0	0.65	781.0	-726.0	-0.6396761133603239	-4.0	-0.3825910931174089	2.7068359076311364	-376.0	2608.0	-40.421145797908665	4.21447812311651	-316.0	
-9.69466728288453	2080.0	1833.0	3.1523193305945	-0.7206472741687624	2899.0	0.0	4457.550048828125	14993.0	0.6325000000000001	774.0	-720.0	-0.6275303643724697	18.0	-0.4271255060728745	-7.585257684661264	8.0	2680.0	-41.057997471507065	-1.6841721183394376	357.0	
-9.598815928756567	2099.0	1828.0	3.2136452195813345	-0.9473779054983487	2891.0	0.0	4477.081298828125	15633.0	0.6325000000000001	774.0	-720.0	-0.6275303643724697	18.0	-0.4271255060728745	-7.875821991130143	434.0	2676.0	-40.91949225384731	-8.21953710452405	376.0	
-9.788874894155143	2110.0	1825.0	3.2553677273427715	-1.0809741654790332	2907.0	0.0	4496.612548828125	16273.0	0.6325000000000001	774.0	-720.0	-0.6275303643724697	18.0	-0.4271255060728745	-6.423000458785748	675.0	2711.0	-41.47894767495044	-11.923152220343184	281.0	
-10.394038325378176	2134.0	1810.0	3.4533103193253107	-1.372223574457637	2958.0	0.0	4516.143798828125	16913.0	0.6325000000000001	774.0	-712.0	-0.611336032388664	20.0	-0.4311740890688259	-3.058571647040832	861.0	2598.0	-39.846953163286365	-14.760906235637774	61.0	
-10.582881880419016	2142.0	1797.0	3.6165738628604647	-1.467232281306017	2974.0	0.0	4535.675048828125	17553.0	0.6325000000000001	774.0	-712.0	-0.611336032388664	20.0	-0.4311740890688259	-4.618443187031657	790.0	2495.0	-38.2112448207852	-13.655090812485895	163.0	
-10.286177150942825	2141.0	1804.0	3.5251420485746032	-1.4540456775258879	2949.0	0.0	4555.206298828125	18193.0	0.6325000000000001	774.0	-712.0	-0.611336032388664	20.0	-0.4311740890688259	-4.205536014681145	653.0	2333.0	-35.757104145022936	-11.528355144565161	136.0	
-10.262856407266971	2144.0	1808.0	3.476264035207646	-1.4909346086697215	2947.0	0.0	4574.737548828125	18833.0	0.6325000000000001	774.0	-712.0	-0.611336032388664	20.0	-0.4311740890688259	-0.33644288117449156	426.0	1925.0	-29.671350878600713	-7.984299821506585	-117.0	
-10.454385426723677	2149.0	1817.0	3.370981137155915	-1.5551965206807448	2963.0	0.0	4594.268798828125	19473.0	0.63	773.0	-705.0	-0.597165991902834	40.0	-0.4716599190283401	5.795993271142377	214.0	1678.0	-26.15011527906619	-4.69605692998876	-518.0	
-10.40798894838166	2154.0	1827.0	3.2487242094531403	-1.617418658306802	2959.0	0.0	4613.800048828125	20113.0	0.63	773.0	-705.0	-0.597165991902834	40.0	-0.4716599190283401	9.496864964061784	150.0	1611.0	-25.277447207850557	-3.7052832951566095	-760.0	
-10.479171407112311	2144.0	1825.0	3.2733354792449987	-1.497156329787428	2965.0	0.0	4633.331298828125	20753.0	0.63	773.0	-705.0	-0.597165991902834	40.0	-0.4716599190283401	10.705000764642913	20.0	1559.0	-24.54591667967326	-1.7031851143185985	-839.0	
-10.395124607381208	2143.0	1819.0	3.344682119022054	-1.4828407362234914	2958.0	0.0	4652.862548828125	21393.0	0.6225	770.0	-706.0	-0.5991902834008097	55.0	-0.5020242914979757	7.034714788193914	90.0	1498.0	-23.450156496100966	-2.766341368551619	-599.0	
-10.098164029868286	2152.0	1824.0	3.278835108409467	-1.5896218056003728	2933.0	0.0	4672.393798828125	22033.0	0.6225	770.0	-706.0	-0.5991902834008097	55.0	-0.5020242914979757	4.00672885762349	175.0	1262.0	-19.686159910617572	-4.0329825136374025	-401.0	
-10.077265676553537	2168.0	1848.0	2.9877180589318413	-1.7880062473941274	2931.0	0.0	4691.925048828125	22673.0	0.6225	770.0	-706.0	-0.5991902834008097	55.0	-0.5020242914979757	6.331243309374523	243.0	1054.0	-16.56951013674179	-5.045240904651138	-553.0	
-10.150261013961922	2171.0	1861.0	2.831041460950625	-1.8280143110410887	2937.0	0.0	4711.456298828125	23313.0	0.61	765.0	-692.0	-0.5708502024291499	43.0	-0.4777327935222672	9.328643523474538	124.0	901.0	-14.354403512149014	-3.1970962830883467	-749.0	
-10.007202016907051	2160.0	1859.0	2.851226880723487	-1.6936498921931546	2925.0	0.0	4730.987548828125	23953.0	0.61	765.0	-692.0	-0.5708502024291499	43.0	-0.4777327935222672	9.95565071111791	8.0	874.0	-13.981999921168024	-1.4134121428360473	-790.0	
-9.852332443773628	2174.0	1858.0	2.8619937178752464	-1.8605605585139662	2912.0	0.0	4750.518798828125	24593.0	0.61	765.0	-692.0	-0.5708502024291499	43.0	-0.4777327935222672	9.818014987001071	253.0	744.0	-11.939412410969659	-5.152384763974665	-781.0	
-9.675142636720855	2170.0	1869.0	2.7238315660096006	-1.813359132396414	2897.0	0.0	4770.050048828125	25233.0	0.61	765.0	-692.0	-0.5708502024291499	43.0	-0.4777327935222672	9.435693531120968	190.0	691.0	-11.118609466839779	-4.177474264071497	-756.0	
-9.818461094821474	2168.0	1873.0	2.677700041661993	-1.7916185619222036	2909.0	0.0	4789.581298828125	25873.0	0.61	765.0	-698.0	-0.582995951417004	60.0	-0.5121457489878543	9.58862211347301	250.0	579.0	-9.392880617727759	-5.080885995067872	-766.0	
-9.946830828834782	2165.0	1852.0	2.9359647355693563	-1.7515923870709367	2920.0	0.0	4809.112548828125	26513.0	0.61	765.0	-698.0	-0.582995951417004	60.0	-0.5121457489878543	5.933628995259214	289.0	543.0	-8.687006171964782	-5.672262113277113	-527.0	
-9.922164342110147	2172.0	1845.0	3.0216610270804014	-1.8339691457710596	2918.0	0.0	4828.643798828125	27153.0	0.61	765.0	-698.0	-0.582995951417004	60.0	-0.5121457489878543	-0.1988071570576541	419.0	572.0	-8.867828032589305	-7.6688532074395965	-126.0	
-9.600540890881607	2185.0	1843.0	3.0411490070773883	-1.986989657682931	2891.0	0.0	4848.175048828125	27793.0	0.595	759.0	-700.0	-0.5870445344129555	84.0	-0.5607287449392713	-4.343171738797982	446.0	458.0	-6.944526396029942	-8.063921249843375	145.0	
-9.660162599888752	2195.0	1844.0	3.0313590587439876	-2.108263601450514	2896.0	0.0	4867.706298828125	28433.0	0.595	759.0	-700.0	-0.5870445344129555	84.0	-0.5607287449392713	-2.186878727634195	304.0	339.0	-5.222251893431643	-5.867781825363656	4.0	
-9.695641561608108	2182.0	1842.0	3.054891458236846	-1.9515212370537538	2899.0	0.0	4887.237548828125	29073.0	0.595	759.0	-700.0	-0.5870445344129555	84.0	-0.5607287449392713	1.4069429576387829	25.0	346.0	-5.516462191412441	-1.589612987726615	-231.0	
-9.599934992207245	2182.0	1838.0	3.101738874513511	-1.949627223034212	2891.0	0.0	4906.768798828125	29713.0	0.595	759.0	-700.0	-0.5870445344129555	84.0	-0.5607287449392713	2.9821073558648115	-97.0	324.0	-5.25980522763546	0.28498058820239336	-334.0	
-9.636360268547888	2193.0	1844.0	3.0306398118779874	-2.083943577532257	2894.0	0.0	4926.300048828125	30353.0	0.6	761.0	-692.0	-0.5708502024291499	56.0	-0.5040485829959515	5.948921853494419	-133.0	237.0	-4.045867562447622	0.8495213765467683	-528.0	
-9.601992879894665	2194.0	1855.0	2.8959501057715755	-2.098341890538937	2891.0	0.0	4945.831298828125	30993.0	0.6	761.0	-692.0	-0.5708502024291499	56.0	-0.5040485829959515	7.309986236427589	-226.0	126.0	-2.407314736638234	2.292943885010478	-617.0	
-9.531917176884797	2196.0	1866.0	2.760663263901458	-2.124443255888409	2885.0	0.0	4965.362548828125	31633.0	0.6	761.0	-692.0	-0.5708502024291499	56.0	-0.5040485829959515	7.233521945251568	-269.0	39.0	-1.0727320982515607	2.966102508693716	-612.0	
-9.532293722921866	2187.0	1869.0	2.7230086601944885	-2.01676637848316	2885.0	0.0	4984.893798828125	32273.0	0.5775	752.0	-693.0	-0.5728744939271255	66.0	-0.5242914979757085	7.371157669368405	-303.0	-3.0	-0.43746372533623606	3.494167636799116	-621.0	
-9.48529375457816	2187.0	1874.0	2.661100732660189	-2.017534537350409	2881.0	0.0	5004.425048828125	32913.0	0.5775	752.0	-693.0	-0.5728744939271255	66.0	-0.5242914979757085	5.520721822908702	-226.0	-25.0	-0.013263983569955395	2.316884392541161	-500.0	
-9.473507265226374	2192.0	1875.0	2.6492734773626125	-2.0778941814182645	2880.0	0.0	5023.956298828125	33553.0	0.5775	752.0	-693.0	-0.5728744939271255	66.0	-0.5242914979757085	2.676250191160728	-150.0	-41.0	0.35825551948642415	1.1544188295542321	-314.0	
-9.378892999510235	2196.0	1880.0	2.586890525166903	-2.1263884688893544	2872.0	0.0	5043.487548828125	34193.0	0.595	759.0	-692.0	-0.5708502024291499	68.0	-0.52834008097166	-0.5964214711729623	-83.0	-25.0	0.2533376996561072	0.12528924626156032	-100.0	
-9.284032520448072	2202.0	1883.0	2.5491289075738783	-2.1984842530770994	2864.0	0.0	5063.018798828125	34833.0	0.595	759.0	-692.0	-0.5708502024291499	68.0	-0.52834008097166	-4.159657439975532	-33.0	-9.0	0.1574329885517916	-0.6428939837557281	133.0	
-9.140354377019118	2199.0	1876.0	2.6312289647549245	-2.159260892185936	2852.0	0.0	5082.550048828125	35473.0	0.595	759.0	-692.0	-0.5708502024291499	68.0	-0.52834008097166	-5.536014681143906	-42.0	4.0	0.011151667299190177	-0.50625644404513	223.0	
-9.080248671674289	2186.0	1871.0	2.68941854685693	-2.000869537466351	2847.0	0.0	5102.081298828125	36113.0	0.595	759.0	-692.0	-0.5708502024291499	68.0	-0.52834008097166	-4.404343171738798	-13.0	37.0	-0.5372246683805595	-0.9567302334875497	149.0	
-9.10357182402282	2181.0	1867.0	2.738055692956239	-1.9398890622124287	2849.0	0.0	5121.612548828125	36753.0	0.5825	754.0	-695.0	-0.576923076923077	80.0	-0.5526315789473685	-2.752714482336749	15.0	78.0	-1.2295963276427053	-1.3932994925076685	41.0	
-9.114731940982493	2190.0	1861.0	2.8125201874649415	-2.0469451084316104	2850.0	0.0	5141.143798828125	37393.0	0.5825	754.0	-695.0	-0.576923076923077	80.0	-0.5526315789473685	-4.19024315644594	117.0	81.0	-1.2025932543087445	-2.9581667949030694	135.0	
-9.090438387285914	2191.0	1857.0	2.860923176170488	-2.0577823058916183	2848.0	0.0	5160.675048828125	38033.0	0.5825	754.0	-695.0	-0.576923076923077	80.0	-0.5526315789473685	-4.37375745526839	49.0	45.0	-0.6519810326132107	-1.9092357839336205	147.0	
