Device	Device	Device	Device	Device	Device	Device	Device	Device	Device	Device	Device	Device	Device	Device	Device	Device	Device	Device	Device	Device	
Low Noise Accelerometer X	Low Noise Accelerometer X	Low Noise Accelerometer Z	Low Noise Accelerometer Z	Low Noise Accelerometer Y	Low Noise Accelerometer Y	Event_Marker	Timestamp	Timestamp	Magnetometer Z	Magnetometer Z	Magnetometer X	Magnetometer X	Magnetometer Y	Magnetometer Y	Gyroscope Y	Gyroscope Y	Gyroscope Z	Gyroscope Z	Gyroscope X	Gyroscope X	
CAL	UNCAL	CAL	UNCAL	CAL	UNCAL	CAL	UNCAL	CAL	UNCAL	CAL	CAL	UNCAL	CAL	UNCAL	CAL	UNCAL	CAL	UNCAL	CAL	UNCAL	
m/(s^2)	no units	m/(s^2)	no units	m/(s^2)	no units	no units	no units	ms	no units	local_flux	local_flux	no units	local_flux	no units	deg/s	no units	deg/s	no units	deg/s	no units	
2.4970398691626694	2220.0	9.227796440076462	1316.0	-2.163967648410458	1880.0	0.0	9147.0	279.144287109375	697.0	0.44	0.6497975708502024	-89.0	-0.6578947368421053	132.0	2.0186572870469495	-330.0	-5.533872944960609	342.0	3.857504603372245	-271.0	
2.6398562658805287	2210.0	9.22372182614811	1316.0	-2.0421390490110034	1868.0	0.0	9787.0	298.675537109375	697.0	0.44	0.6497975708502024	-89.0	-0.6578947368421053	132.0	1.055207218229087	-338.0	-5.650373339708938	352.0	3.9790954686897604	-208.0	
2.6160418911762826	2202.0	9.223236736675872	1316.0	-1.946001352378816	1870.0	0.0	10427.0	318.206787109375	703.0	0.455	0.6417004048582996	-93.0	-0.6214574898785425	114.0	1.5598715399908245	-247.0	-5.14903235335118	319.0	2.587760865663972	-241.0	
2.5571383484894694	2201.0	9.285263420375523	1311.0	-1.9333016613606069	1875.0	0.0	11067.0	337.738037109375	703.0	0.455	0.6417004048582996	-93.0	-0.6214574898785425	114.0	1.7280929805780703	-188.0	-4.977520379081147	308.0	1.684151449577303	-252.0	
2.5330934168115937	2204.0	9.26172263354031	1313.0	-1.9701575047273425	1877.0	0.0	11707.0	357.269287109375	703.0	0.455	0.6417004048582996	-93.0	-0.6214574898785425	114.0	3.0738645052760365	-105.0	-4.787900547344192	293.0	0.41245550427030525	-340.0	
2.461802303443986	2205.0	9.27546843963671	1312.0	-1.982643692510175	1883.0	0.0	12347.0	376.800537109375	703.0	0.455	0.6538461538461539	-87.0	-0.597165991902834	102.0	2.844471631747974	-44.0	-4.415610202056042	270.0	-0.5198350954224324	-325.0	
2.438242572440134	2206.0	9.300447720203925	1310.0	-1.9944278969799543	1885.0	0.0	12987.0	396.331787109375	703.0	0.455	0.6538461538461539	-87.0	-0.597165991902834	102.0	1.5598715399908245	-44.0	-3.795145036165228	233.0	-0.5136304437635243	-241.0	
2.5103833891554537	2202.0	9.371672248878683	1304.0	-1.9440892271549681	1879.0	0.0	13627.0	415.863037109375	703.0	0.455	0.6538461538461539	-87.0	-0.597165991902834	102.0	0.22939287352806242	-49.0	-3.0351856609269476	187.0	-0.429308431720517	-154.0	
2.6183592399094495	2203.0	9.454971609992555	1297.0	-1.953391674196235	1870.0	0.0	14267.0	435.394287109375	703.0	0.455	0.6538461538461539	-87.0	-0.597165991902834	102.0	-0.3517357394096957	-47.0	-2.381026838342268	146.0	-0.45345581081092	-116.0	
2.702284137303878	2202.0	9.51412801610209	1292.0	-1.9393211043290157	1863.0	0.0	14907.0	454.925537109375	704.0	0.4575	0.6558704453441295	-86.0	-0.6012145748987854	104.0	1.0705000764642914	-41.0	-2.544654981336949	153.0	-0.5471589941896163	-209.0	
2.631240441618636	2206.0	9.552615590435	1289.0	-1.9874545608835474	1869.0	0.0	15547.0	474.456787109375	704.0	0.4575	0.6558704453441295	-86.0	-0.6012145748987854	104.0	1.988071570576541	-47.0	-2.582274748144246	153.0	-0.45546828990893984	-269.0	
2.6428978026157175	2205.0	9.527875499666962	1291.0	-1.9757845963178529	1868.0	0.0	16187.0	493.988037109375	704.0	0.4575	0.6558704453441295	-86.0	-0.6012145748987854	104.0	1.2846000917571496	-117.0	-2.6879244536599014	161.0	0.6175890691046471	-223.0	
2.6426515892696907	2203.0	9.503254165064275	1293.0	-1.9521830996011982	1868.0	0.0	16827.0	513.519287109375	708.0	0.4675	0.6619433198380567	-83.0	-0.5890688259109311	98.0	0.33644288117449156	-188.0	-2.676276162347782	162.0	1.7071638917446366	-161.0	
2.690623163297782	2200.0	9.538506805968657	1290.0	-1.9148537527295768	1864.0	0.0	17467.0	533.050537109375	708.0	0.4675	0.6619433198380567	-83.0	-0.5890688259109311	98.0	-0.42820003058571654	-230.0	-2.0984319535823324	126.0	2.357410647473537	-111.0	
2.6908693766438088	2202.0	9.563128140571342	1288.0	-1.9384552494462313	1864.0	0.0	18107.0	552.581787109375	708.0	0.4675	0.6619433198380567	-83.0	-0.5890688259109311	98.0	-0.8105214864658206	-226.0	-1.5749634496532268	93.0	2.3012673978803284	-86.0	
2.7257207616347165	2200.0	9.476838068233533	1295.0	-1.91573615150091	1861.0	0.0	18747.0	572.113037109375	708.0	0.4675	0.6619433198380567	-83.0	-0.5890688259109311	98.0	-0.9634500688178621	-249.0	-1.0955737611409695	62.0	2.6589844189023237	-76.0	
2.7609366492993117	2197.0	9.42699826326446	1299.0	-1.880236210410392	1858.0	0.0	19387.0	591.644287109375	705.0	0.46	0.6497975708502024	-89.0	-0.6497975708502024	128.0	-0.6881786205841872	-244.0	-1.1981006355086954	68.0	2.5812367318680223	-94.0	
2.701183403264787	2199.0	9.40405461219295	1301.0	-1.9053890014343366	1863.0	0.0	20027.0	611.175537109375	705.0	0.46	0.6497975708502024	-89.0	-0.6497975708502024	128.0	-0.04587857470561248	-215.0	-1.1116756373892853	61.0	2.137110955763594	-136.0	
2.6176278258893984	2203.0	9.381830207987441	1303.0	-1.9548618163765377	1870.0	0.0	20667.0	630.706787109375	705.0	0.46	0.6497975708502024	-89.0	-0.6497975708502024	128.0	-1.4834072488148036	-218.0	-1.2699704798374338	75.0	2.181561458313487	-42.0	
2.700696998254424	2200.0	9.3554141111567	1305.0	-1.9184148682762494	1863.0	0.0	21307.0	650.238037109375	706.0	0.4625	0.6639676113360324	-82.0	-0.582995951417004	95.0	-2.8138859152775657	-220.0	-1.0171142729705422	62.0	2.214778987698406	45.0	
2.8076928129696657	2197.0	9.340709868395122	1306.0	-1.8814944166710752	1854.0	0.0	21947.0	669.769287109375	706.0	0.4625	0.6639676113360324	-82.0	-0.582995951417004	95.0	-2.0492430035173577	-232.0	-0.8342081337068344	48.0	2.400741852988542	-5.0	
2.760208848288275	2200.0	9.354218162160818	1305.0	-1.9178436687558285	1858.0	0.0	22587.0	689.300537109375	706.0	0.4625	0.6639676113360324	-82.0	-0.582995951417004	95.0	0.5811286129377581	-180.0	-0.7314849036835861	35.0	1.603855935066279	-177.0	
2.724257933594614	2200.0	9.330555264223307	1307.0	-1.9186764358615156	1861.0	0.0	23227.0	708.831787109375	703.0	0.455	0.6700404858299596	-79.0	-0.6012145748987854	104.0	2.186878727634195	-200.0	-0.9218227622955031	43.0	1.908842229642658	-282.0	
2.6290365648677767	2198.0	9.332227915349069	1307.0	-1.8954988109841	1869.0	0.0	23867.0	728.363037109375	703.0	0.455	0.6700404858299596	-79.0	-0.6012145748987854	104.0	1.988071570576541	-175.0	-1.23303046090933	64.0	1.5221180612033973	-269.0	
2.6171341948610065	2198.0	9.332467105148247	1307.0	-1.895613050888184	1870.0	0.0	24507.0	747.894287109375	703.0	0.455	0.6700404858299596	-79.0	-0.6012145748987854	104.0	0.6575929041137789	-148.0	-1.2833390150012256	71.0	1.1073139168931059	-182.0	
2.688669112901964	2197.0	9.343101766386884	1306.0	-1.882636815711917	1864.0	0.0	25147.0	767.425537109375	703.0	0.455	0.6700404858299596	-79.0	-0.6012145748987854	104.0	-0.12234286588163329	-154.0	-1.3145881238491595	75.0	1.199068327753376	-131.0	
2.7011809945921104	2197.0	9.403813744925301	1301.0	-1.8812974573242474	1863.0	0.0	25787.0	786.956787109375	703.0	0.455	0.6720647773279352	-78.0	-0.6093117408906883	108.0	0.474078605291329	-127.0	-1.2420157360384436	69.0	0.7854929928621106	-170.0	
2.713569769609243	2196.0	9.452215056162379	1297.0	-1.8681573505782503	1862.0	0.0	26427.0	806.488037109375	703.0	0.455	0.6720647773279352	-78.0	-0.6093117408906883	108.0	0.749350053525004	-91.0	-0.9091263933198246	47.0	0.23642047459680024	-188.0	
2.749640177966903	2194.0	9.48782732049976	1294.0	-1.8429880156657572	1859.0	0.0	27067.0	826.019287109375	703.0	0.455	0.6720647773279352	-78.0	-0.6093117408906883	108.0	0.764642911760208	-85.0	-0.9703403127769473	51.0	0.14374143345347962	-189.0	
2.737739012296471	2195.0	9.488186943932758	1294.0	-1.8551480276248857	1860.0	0.0	27707.0	845.550537109375	706.0	0.4625	0.6619433198380567	-83.0	-0.6275303643724697	117.0	1.3457715246979662	-62.0	-1.0823385195411341	57.0	-0.21030167275103512	-227.0	
2.726076833954036	2192.0	9.512445300165501	1292.0	-1.8186349039704028	1861.0	0.0	28347.0	865.081787109375	706.0	0.4625	0.6619433198380567	-83.0	-0.6275303643724697	117.0	1.529285823520416	-86.0	-1.3548327491903958	74.0	0.15524099274747002	-239.0	
2.7257111269440104	2192.0	9.475874599162944	1295.0	-1.819369975060554	1861.0	0.0	28987.0	884.613037109375	706.0	0.4625	0.6619433198380567	-83.0	-0.6275303643724697	117.0	0.764642911760208	-107.0	-1.3120913995383718	73.0	0.47790256306461326	-189.0	
2.7493879429391845	2187.0	9.462603817727956	1296.0	-1.7591576586738802	1859.0	0.0	29627.0	904.144287109375	706.0	0.4625	0.6619433198380567	-83.0	-0.6275303643724697	117.0	0.2752714482336749	-136.0	-1.7430085672002222	102.0	0.918583417473617	-157.0	
2.7611696149456177	2188.0	9.450294827895084	1297.0	-1.7713342145215578	1858.0	0.0	30267.0	923.675537109375	705.0	0.46	0.659919028340081	-84.0	-0.6153846153846154	111.0	0.8258143447010247	-137.0	-1.6882779565326294	97.0	0.9344752072384179	-193.0	
2.7131956322448496	2189.0	9.414801319723056	1300.0	-1.7845720172830903	1862.0	0.0	30907.0	943.206787109375	705.0	0.46	0.659919028340081	-84.0	-0.6153846153846154	111.0	2.202171585869399	-121.0	-1.5255419180108991	83.0	0.6905908290936367	-283.0	
2.630000944534134	2189.0	9.42866588198481	1299.0	-1.7851266729149624	1869.0	0.0	31547.0	962.738037109375	705.0	0.46	0.659919028340081	-84.0	-0.6153846153846154	111.0	2.171585869398991	-103.0	-1.5369375916110473	84.0	0.4142761665113869	-281.0	
2.5817843614963536	2191.0	9.368912340111565	1304.0	-1.8109002951249737	1873.0	0.0	32187.0	982.269287109375	707.0	0.465	0.6578947368421053	-85.0	-0.6376518218623481	122.0	1.238721517051537	-92.0	-1.4825583133577938	83.0	0.24603063905454547	-220.0	
2.6534423862103247	2191.0	9.391857668651546	1302.0	-1.8097248083070345	1867.0	0.0	32827.0	1001.800537109375	707.0	0.465	0.6578947368421053	-85.0	-0.6376518218623481	122.0	0.13763572411683744	-97.0	-0.9009615545316512	48.0	0.32856902493343143	-148.0	
2.653806888884012	2190.0	9.42830793602028	1299.0	-1.7969439651618386	1867.0	0.0	33467.0	1021.331787109375	707.0	0.465	0.6578947368421053	-85.0	-0.6376518218623481	122.0	0.7187643370545955	-56.0	-0.9179137655282307	48.0	-0.3007243271596555	-186.0	
2.653927586884349	2189.0	9.440377736053975	1298.0	-1.784653169410077	1867.0	0.0	34107.0	1040.863037109375	708.0	0.4675	0.6639676113360324	-82.0	-0.5748987854251012	91.0	1.1928429423459246	-29.0	-0.4866918036895523	19.0	-0.7107131663106412	-217.0	
2.6183435835370523	2190.0	9.453405972752845	1297.0	-1.796796637480657	1870.0	0.0	34747.0	1060.394287109375	708.0	0.4675	0.6639676113360324	-82.0	-0.5748987854251012	91.0	1.1010857929346995	-6.0	-0.3564473198418237	11.0	-1.0623338456090368	-211.0	
2.6663235879195115	2194.0	9.489501649093993	1294.0	-1.8437876949943464	1866.0	0.0	35387.0	1079.925537109375	708.0	0.4675	0.6639676113360324	-82.0	-0.5748987854251012	91.0	0.6575929041137789	7.0	0.18622937300004166	-23.0	-1.2563853662362419	-182.0	
2.6902526389424035	2196.0	9.501454370430805	1293.0	-1.86740573559955	1864.0	0.0	36027.0	1099.456787109375	708.0	0.4675	0.6639676113360324	-82.0	-0.5748987854251012	91.0	0.48937146352653316	4.0	0.2232586909515665	-25.0	-1.2099816220823518	-171.0	
2.702276911285849	2196.0	9.513405414299148	1292.0	-1.8670464719987487	1863.0	0.0	36667.0	1118.988037109375	706.0	0.4625	0.6497975708502024	-89.0	-0.6052631578947368	106.0	0.030585716470408322	-42.0	0.03460128858907989	-12.0	-0.5060219478322311	-141.0	
2.774055634000157	2195.0	9.548420542872824	1289.0	-1.8535801894290478	1857.0	0.0	37307.0	1138.519287109375	706.0	0.4625	0.6497975708502024	-89.0	-0.6052631578947368	106.0	-0.5046643217617374	-68.0	-0.34787849865848286	14.0	-0.11089017059345917	-106.0	
2.809514122001764	2191.0	9.522840771604963	1291.0	-1.805544428890052	1854.0	0.0	37947.0	1158.050537109375	706.0	0.4625	0.6497975708502024	-89.0	-0.6052631578947368	106.0	0.22939287352806242	-87.0	-0.6877672271880048	34.0	0.17725613162561885	-154.0	
2.74976087596724	2193.0	9.499897120533452	1293.0	-1.8306972199139957	1859.0	0.0	38587.0	1177.581787109375	707.0	0.465	0.6639676113360324	-82.0	-0.5708502024291499	89.0	2.0339501452821533	-80.0	-0.8050104265365257	37.0	0.06867231402525928	-272.0	
2.654667431258768	2196.0	9.514362173495853	1292.0	-1.8675034316150856	1867.0	0.0	39227.0	1197.113037109375	707.0	0.465	0.6639676113360324	-82.0	-0.5708502024291499	89.0	2.0492430035173577	-79.0	-1.0207986015988637	51.0	0.05116994861651099	-273.0	
2.654056715239054	2195.0	9.453290571524436	1297.0	-1.8566827780436268	1867.0	0.0	39867.0	1216.644287109375	707.0	0.465	0.6639676113360324	-82.0	-0.5708502024291499	89.0	0.5964214711729623	-94.0	-1.1803229448065031	65.0	0.27974196005630825	-178.0	
2.6539324042297023	2193.0	9.440859470589269	1298.0	-1.832836257630255	1867.0	0.0	40507.0	1236.175537109375	707.0	0.465	0.6639676113360324	-82.0	-0.5708502024291499	89.0	-0.9175714941122497	-128.0	-1.2326508600408426	72.0	0.8009311252802116	-79.0	
2.702147782931144	2190.0	9.500492578828688	1293.0	-1.7950168633651993	1863.0	0.0	41147.0	1255.706787109375	704.0	0.4575	0.6558704453441295	-86.0	-0.6295546558704453	118.0	-0.6117143294081664	-108.0	-0.795774719852578	43.0	0.4984102135195962	-99.0	
2.6655945825721368	2196.0	9.416601114356526	1300.0	-1.8693493812847382	1866.0	0.0	41787.0	1275.238037109375	704.0	0.4575	0.6558704453441295	-86.0	-0.6295546558704453	118.0	0.41290717235051233	-53.0	-0.7052711731873273	35.0	-0.3446313522106212	-166.0	
2.665470271562785	2194.0	9.40417001342136	1301.0	-1.8455028608713664	1866.0	0.0	42427.0	1294.769287109375	704.0	0.4575	0.6558704453441295	-86.0	-0.6295546558704453	118.0	0.3976143141153082	-108.0	-0.4362453475262887	17.0	0.5020055072428591	-165.0	
2.6063181068572687	2189.0	9.441334495250679	1298.0	-1.7851101290264137	1871.0	0.0	43067.0	1314.300537109375	709.0	0.47000000000000003	0.6740890688259109	-77.0	-0.582995951417004	95.0	0.04587857470561248	-100.0	-0.35942704554830085	13.0	0.38001782099763964	-142.0	
2.666560166574832	2188.0	9.513159514626087	1292.0	-1.7710230152706457	1866.0	0.0	43707.0	1333.831787109375	709.0	0.47000000000000003	0.6740890688259109	-77.0	-0.582995951417004	95.0	-0.5199571799969415	-60.0	-0.3614201203590416	15.0	-0.23378145607546402	-105.0	
2.6069312315496593	2192.0	9.502646964489744	1293.0	-1.8200223267079614	1871.0	0.0	44347.0	1353.363037109375	709.0	0.47000000000000003	0.6740890688259109	-77.0	-0.582995951417004	95.0	0.12234286588163329	1.0	-0.23932395681600008	6.0	-1.168573997585653	-147.0	
2.702389178931818	2188.0	9.524632178896079	1291.0	-1.770435271861676	1863.0	0.0	44987.0	1372.894287109375	708.0	0.4675	0.6720647773279352	-78.0	-0.576923076923077	92.0	-0.04587857470561248	-6.0	0.396939364895515	-35.0	-1.0547999787616633	-136.0	
2.631588083583588	2191.0	9.587379786930201	1286.0	-1.806032908967729	1869.0	0.0	45627.0	1392.425537109375	708.0	0.4675	0.6720647773279352	-78.0	-0.576923076923077	92.0	0.8105214864658206	-6.0	1.0701994851368335	-81.0	-1.0480673775592502	-192.0	
2.619690530922171	2195.0	9.588100711264671	1286.0	-1.8543302370919907	1870.0	0.0	46267.0	1411.956787109375	708.0	0.4675	0.6720647773279352	-78.0	-0.576923076923077	92.0	-0.382321455880104	-16.0	0.547287836892565	-44.0	-0.8998516574604437	-114.0	
2.7032509256429123	2195.0	9.610806850005476	1284.0	-1.8530405103699672	1863.0	0.0	46907.0	1431.488037109375	708.0	0.4675	0.6720647773279352	-78.0	-0.576923076923077	92.0	-2.660957332925524	-64.0	0.26192248311897237	-20.0	-0.16617009540818425	35.0	
2.786563902681288	2192.0	9.608771220509771	1284.0	-1.8161035148762448	1856.0	0.0	47547.0	1451.019287109375	705.0	0.46	0.6720647773279352	-78.0	-0.5870445344129555	97.0	-2.4162716011622574	-130.0	-0.14250808442883983	5.0	0.8425215203525814	19.0	
2.715147273967991	2190.0	9.60996549203718	1284.0	-1.7926974101906608	1862.0	0.0	48187.0	1470.550537109375	705.0	0.46	0.6720647773279352	-78.0	-0.5870445344129555	97.0	-0.22939287352806242	-166.0	-0.004787286459125257	-10.0	1.3963001400247752	-124.0	
2.595762684235617	2194.0	9.57626842356168	1287.0	-1.8427579685418316	1872.0	0.0	48827.0	1490.081787109375	705.0	0.46	0.6720647773279352	-78.0	-0.5870445344129555	97.0	1.2081358005811287	-140.0	-0.07367422786302699	-9.0	0.9966546954994886	-218.0	
2.691344942627127	2192.0	9.61068473890318	1284.0	-1.817017434108918	1864.0	0.0	49467.0	1509.613037109375	707.0	0.465	0.6659919028340081	-81.0	-0.6032388663967612	105.0	-1.1928429423459246	-171.0	-0.4745837414417883	23.0	1.4683245937655731	-61.0	
2.7864407960082747	2191.0	9.596460553208429	1285.0	-1.8043027665179174	1856.0	0.0	50107.0	1529.144287109375	707.0	0.465	0.6659919028340081	-81.0	-0.6032388663967612	105.0	-1.9574858541061326	-186.0	-0.5232060797102066	28.0	1.6980056252547624	-11.0	
2.8216542750001934	2186.0	9.546379880971706	1289.0	-1.7447112813173107	1853.0	0.0	50747.0	1548.675537109375	707.0	0.465	0.6659919028340081	-81.0	-0.6032388663967612	105.0	-0.948157210582658	-202.0	0.0645790829235562	-13.0	1.9493952154110985	-77.0	
2.7382181912888037	2188.0	9.536104843166067	1290.0	-1.7698475284527064	1860.0	0.0	51387.0	1568.206787109375	707.0	0.465	0.6659919028340081	-81.0	-0.6032388663967612	105.0	0.3976143141153082	-194.0	0.6579708946081713	-55.0	1.8325732642629453	-165.0	
2.761659632964995	2190.0	9.499296629832806	1293.0	-1.7944456638447783	1858.0	0.0	52027.0	1587.738037109375	708.0	0.4675	0.6740890688259109	-77.0	-0.6052631578947368	106.0	-0.8716929194066372	-194.0	0.4472660233947921	-38.0	1.8304662155508116	-82.0	
2.8922127700114113	2184.0	9.45937223923637	1296.0	-1.7216494636597368	1847.0	0.0	52667.0	1607.269287109375	708.0	0.4675	0.6740890688259109	-77.0	-0.6052631578947368	106.0	-1.6822144058724577	-238.0	0.05765355140180149	-11.0	2.5017273717883772	-29.0	
2.8206778519704536	2185.0	9.448737577997731	1297.0	-1.7346256988360034	1853.0	0.0	53307.0	1626.800537109375	708.0	0.4675	0.6740890688259109	-77.0	-0.6052631578947368	106.0	-0.18351429882244993	-230.0	-0.5701473228372423	26.0	2.3726934937809876	-127.0	
2.7016553562390904	2186.0	9.451249909623318	1297.0	-1.7478138699318897	1863.0	0.0	53947.0	1646.331787109375	707.0	0.465	0.6619433198380567	-83.0	-0.611336032388664	109.0	1.5445786817556202	-212.0	-0.6672638211216481	28.0	2.0955216229518956	-240.0	
2.726307390927666	2181.0	9.535500997528478	1290.0	-1.6856413639714791	1861.0	0.0	54587.0	1665.863037109375	707.0	0.465	0.6619433198380567	-83.0	-0.611336032388664	109.0	1.146964367640312	-238.0	-0.593827162434869	24.0	2.4952125646500107	-214.0	
2.8114440856708165	2174.0	9.715837138510262	1275.0	-1.5968459248068214	1854.0	0.0	55227.0	1685.394287109375	707.0	0.465	0.6619433198380567	-83.0	-0.611336032388664	109.0	0.3976143141153082	-182.0	-0.04770064889870307	-9.0	1.6413827449303777	-165.0	
2.8263928097581283	2173.0	10.020233356765234	1250.0	-1.5785603204297645	1853.0	0.0	55867.0	1704.925537109375	707.0	0.465	0.6619433198380567	-83.0	-0.6153846153846154	111.0	0.3211500229392874	-110.0	0.9507700325404088	-73.0	0.5465646283597758	-160.0	
3.0203707149753845	2177.0	10.370404830871752	1221.0	-1.617809882979799	1837.0	0.0	56507.0	1724.456787109375	707.0	0.465	0.6619433198380567	-83.0	-0.6153846153846154	111.0	-2.0186572870469495	-49.0	0.7922400819249978	-56.0	-0.39103417429199755	-7.0	
3.3812316266424634	2186.0	10.742210283293963	1190.0	-1.715198899754443	1807.0	0.0	57147.0	1743.988037109375	707.0	0.465	0.6619433198380567	-83.0	-0.6153846153846154	111.0	-3.5326502523321612	-2.0	2.8594973371525065	-186.0	-1.091552333671593	92.0	
3.6720120179543194	2189.0	11.248820843050996	1148.0	-1.738303462959437	1783.0	0.0	57787.0	1763.519287109375	707.0	0.465	0.6619433198380567	-83.0	-0.6153846153846154	111.0	-1.3151858082275578	-145.0	2.2259230431038524	-152.0	1.096373086499782	-53.0	
3.7821869281138216	2194.0	11.552026144715498	1123.0	-1.7913785716799735	1774.0	0.0	58427.0	1783.050537109375	710.0	0.47250000000000003	0.6518218623481782	-88.0	-0.6012145748987854	104.0	5.016057501146965	-314.0	2.2390025542064818	-171.0	3.6897216198339176	-467.0	
3.8308947335073174	2195.0	11.660901922160287	1114.0	-1.8007621708482269	1770.0	0.0	59067.0	1802.581787109375	710.0	0.47250000000000003	0.6518218623481782	-88.0	-0.6012145748987854	104.0	15.491665392261815	-514.0	1.7124306840087233	-166.0	6.753352632756921	-1152.0	
3.3810258592748204	2181.0	11.91210973700583	1094.0	-1.6315620044984604	1808.0	0.0	59707.0	1822.113037109375	710.0	0.47250000000000003	0.6518218623481782	-88.0	-0.6012145748987854	104.0	25.921394708671052	-760.0	2.241905062741858	-230.0	10.533390356442979	-1834.0	
3.358219220345108	2200.0	12.012398224986983	1086.0	-1.858699963778737	1810.0	0.0	60347.0	1841.644287109375	715.0	0.485	0.6376518218623481	-95.0	-0.6052631578947368	106.0	27.955344853953207	-921.0	3.4893555950490125	-318.0	13.016326730724161	-1967.0	
3.4921627404280033	2175.0	12.311512138038424	1061.0	-1.5501734310397706	1799.0	0.0	60987.0	1861.175537109375	715.0	0.485	0.6376518218623481	-95.0	-0.6052631578947368	106.0	25.233216088086866	-1170.0	6.19012746348666	-489.0	16.864110880281643	-1789.0	
3.4944800891611703	2176.0	12.543247011355104	1042.0	-1.5575637528571895	1799.0	0.0	61627.0	1880.706787109375	715.0	0.485	0.6376518218623481	-95.0	-0.6052631578947368	106.0	25.997858999847075	-1276.0	7.081504638593133	-550.0	18.499539919793943	-1839.0	
3.3064790114500138	2175.0	12.790758287858479	1022.0	-1.5424453453331495	1815.0	0.0	62267.0	1900.238037109375	715.0	0.485	0.6376518218623481	-95.0	-0.6052631578947368	106.0	27.771830555130755	-1292.0	8.823021875677638	-668.0	18.762466830694787	-1955.0	
2.98730444598202	2171.0	13.01615888391628	1004.0	-1.4929363079823361	1842.0	0.0	62907.0	1919.769287109375	731.0	0.525	0.6295546558704453	-99.0	-0.5748987854251012	91.0	25.493194678085338	-1468.0	8.871773895434393	-667.0	21.463583474722338	-1806.0	
3.0367533000862723	2180.0	13.199139532436773	989.0	-1.5972159414106426	1838.0	0.0	63547.0	1939.300537109375	731.0	0.525	0.6295546558704453	-99.0	-0.5748987854251012	91.0	19.483101391650102	-1513.0	11.104741667490744	-797.0	22.17641491705852	-1413.0	
2.964742816061996	2191.0	13.140948272866295	994.0	-1.7316299919242228	1844.0	0.0	64187.0	1958.831787109375	731.0	0.525	0.6295546558704453	-99.0	-0.5748987854251012	91.0	12.20370087169292	-1600.0	11.767057977995087	-822.0	23.518008158420436	-937.0	
2.688322110871826	2204.0	12.879830134801642	1016.0	-1.8962430677615139	1867.0	0.0	64827.0	1978.363037109375	743.0	0.555	0.6194331983805668	-104.0	-0.5607287449392713	84.0	6.178314727022481	-1934.0	8.373098254180787	-589.0	28.609126102996008	-543.0	
2.638764602130619	2206.0	12.685984022585693	1032.0	-1.9247119506354138	1871.0	0.0	65467.0	1997.894287109375	743.0	0.555	0.6194331983805668	-104.0	-0.5607287449392713	84.0	-2.0492430035173577	-2400.0	4.785491809003298	-339.0	35.72377942323044	-5.0	
2.433126927243605	2201.0	12.360311771979562	1059.0	-1.8730408085409846	1888.0	0.0	571.0	2017.425537109375	743.0	0.555	0.6194331983805668	-104.0	-0.5607287449392713	84.0	-7.20293622878116	-2800.0	2.6231405057936286	-189.0	41.839949373448306	332.0	
2.238773680325618	2189.0	11.972606127799894	1091.0	-1.7381601406407459	1904.0	0.0	1211.0	2036.956787109375	752.0	0.5775	0.6275303643724697	-100.0	-0.5425101214574899	75.0	-9.083957791711272	-3205.0	-0.11691233559729902	-10.0	48.027064726574984	455.0	
2.141097404156541	2173.0	11.72878803470175	1111.0	-1.55124218092705	1912.0	0.0	1851.0	2056.488037109375	752.0	0.5775	0.6275303643724697	-100.0	-0.5425101214574899	75.0	-11.775500841107204	-3521.0	-2.380232431574369	141.0	52.85328836158268	631.0	
1.8993808905575005	2163.0	11.366660484321473	1141.0	-1.4404199693598025	1932.0	0.0	2491.0	2076.019287109375	752.0	0.5775	0.6275303643724697	-100.0	-0.5425101214574899	75.0	-11.0261507875822	-3721.0	-3.8251533085747447	231.0	55.907735884437656	582.0	
1.824174450380228	2152.0	10.988873609451385	1172.0	-1.3161976507770494	1938.0	0.0	3131.0	2095.550537109375	752.0	0.5775	0.6275303643724697	-100.0	-0.5425101214574899	75.0	-11.194372228169446	-3831.0	-5.927079038733202	367.0	57.57460982952981	593.0	
1.7020839225142355	2136.0	10.684582727613998	1197.0	-1.1307332893551079	1948.0	0.0	3771.0	2115.081787109375	762.0	0.6025	0.6497975708502024	-89.0	-0.4858299595141701	47.0	-11.744915124636796	-3988.0	-7.89787893948042	495.0	59.96398576484795	629.0	
1.5821852280357194	2118.0	10.599475184524302	1204.0	-0.9167669572821686	1958.0	0.0	4411.0	2134.613037109375	762.0	0.6025	0.6497975708502024	-89.0	-0.4858299595141701	47.0	-9.603914971708214	-4087.0	-9.367583164742621	584.0	61.468392604749695	489.0	
1.7468402710079187	2095.0	10.398312815077588	1220.0	-0.6420352205064414	1944.0	0.0	5051.0	2154.144287109375	762.0	0.6025	0.6497975708502024	-89.0	-0.4858299595141701	47.0	-11.928429423459246	-4125.0	-10.326330539890664	652.0	62.04189551000697	641.0	
1.8392301862554477	2074.0	10.113494816020948	1243.0	-0.3937956331423277	1936.0	0.0	5691.0	2173.675537109375	773.0	0.63	0.6700404858299596	-79.0	-0.4230769230769231	16.0	-12.173115155222511	-4139.0	-12.595037302604469	800.0	62.23403121359357	657.0	
1.9092842112112296	2058.0	9.976040168742005	1254.0	-0.2030731015009994	1930.0	0.0	6331.0	2193.206787109375	773.0	0.63	0.6700404858299596	-79.0	-0.4230769230769231	16.0	-7.860529132894939	-4056.0	-14.077529976885579	886.0	60.9456141432264	375.0	
1.7055704783115777	2031.0	9.842762116872054	1265.0	0.11752540495188216	1947.0	0.0	6971.0	2212.738037109375	773.0	0.63	0.6700404858299596	-79.0	-0.4230769230769231	16.0	-4.11377886526992	-4047.0	-15.425699580114408	964.0	60.79403209427098	130.0	
1.5974558645121713	2016.0	9.745586451217134	1273.0	0.2952236370670548	1956.0	0.0	7611.0	2232.269287109375	773.0	0.63	0.6700404858299596	-79.0	-0.4230769230769231	16.0	-2.8597644899831782	-4047.0	-16.62940845059785	1039.0	60.78199500556615	48.0	
1.3468857436595782	2007.0	9.688574365957829	1278.0	0.4000114290931017	1977.0	0.0	8251.0	2251.800537109375	783.0	0.655	0.6862348178137652	-71.0	-0.38866396761133604	-1.0	-4.022021715858695	-3846.0	-17.82868247944443	1122.0	57.685761049994575	124.0	
1.487375156953565	1988.0	9.451801409642206	1297.0	0.6255965267503315	1965.0	0.0	8891.0	2271.331787109375	783.0	0.655	0.6862348178137652	-71.0	-0.38866396761133604	-1.0	-10.521486465820463	-3699.0	-18.776632614237993	1202.0	55.42064245090228	549.0	
1.6864036102606772	1971.0	9.116551502258199	1324.0	0.8257010902441563	1948.0	0.0	9531.0	2290.863037109375	783.0	0.655	0.6862348178137652	-71.0	-0.38866396761133604	-1.0	-18.550237039302647	-3583.0	-20.283402179473192	1322.0	53.62561465090744	1074.0	
1.529461697403777	1957.0	8.898550692758619	1342.0	0.9884463537207764	1961.0	0.0	10171.0	2310.394287109375	786.0	0.6625	0.6902834008097166	-69.0	-0.3522267206477733	-19.0	-18.274965591068973	-3390.0	-21.295307668674166	1389.0	50.65401024999732	1056.0	
1.8631855585315855	1932.0	8.937603472206169	1338.0	1.2937694671981137	1933.0	0.0	10811.0	2329.925537109375	786.0	0.6625	0.6902834008097166	-69.0	-0.3522267206477733	-19.0	-20.523015751643985	-3224.0	-21.687488814462068	1422.0	48.10290415129071	1203.0	
1.872141798740401	1915.0	8.642751302611536	1362.0	1.4927812633167432	1932.0	0.0	11451.0	2349.456787109375	786.0	0.6625	0.6902834008097166	-69.0	-0.3522267206477733	-19.0	-20.47713717693837	-2988.0	-19.76128698337143	1299.0	44.50086802628413	1200.0	
1.4174197134313231	1920.0	8.408638009798976	1382.0	1.4233108127519796	1970.0	0.0	12091.0	2368.988037109375	785.0	0.66	0.7388663967611336	-45.0	-0.2894736842105263	-50.0	-18.764337054595504	-2558.0	-17.256761592853987	1136.0	37.9277853071956	1088.0	
1.6311843988971908	1928.0	8.356535127814317	1386.0	1.3280208597982701	1952.0	0.0	12731.0	2388.519287109375	785.0	0.66	0.7388663967611336	-45.0	-0.2894736842105263	-50.0	-13.396543814038845	-2180.0	-23.67340480603551	1543.0	32.063404052292576	737.0	
1.9972105349727725	1910.0	8.054386830610575	1410.0	1.5425056250944693	1921.0	0.0	13371.0	2408.050537109375	785.0	0.66	0.7388663967611336	-45.0	-0.2894736842105263	-50.0	-12.693072335219453	-2704.0	-27.673257742114355	1796.0	40.06391495978924	691.0	
1.792038791378371	1887.0	7.775307709265694	1433.0	1.8119807589665675	1938.0	0.0	14011.0	2427.581787109375	785.0	0.66	0.7388663967611336	-45.0	-0.2894736842105263	-50.0	-14.95641535402967	-2788.0	-28.364656691979132	1846.0	41.34593759757308	839.0	
1.8490981426426591	1875.0	7.528861883313552	1453.0	1.9522007492131794	1933.0	0.0	14651.0	2447.113037109375	788.0	0.6675	0.7530364372469636	-38.0	-0.23076923076923078	-79.0	-17.296222664015907	-2852.0	-27.85023334268178	1818.0	42.33312878518605	992.0	
2.255207829495476	1847.0	7.663640092404722	1441.0	2.2963068078538926	1899.0	0.0	15291.0	2466.644287109375	788.0	0.6675	0.7530364372469636	-38.0	-0.23076923076923078	-79.0	-18.0149870010705	-3107.0	-26.90700609439585	1756.0	46.25540439049075	1039.0	
2.2888124913838523	1822.0	7.4526777098137815	1458.0	2.593628426098066	1896.0	0.0	15931.0	2486.175537109375	788.0	0.6675	0.7530364372469636	-38.0	-0.23076923076923078	-79.0	-12.157822296987309	-2871.0	-25.643892368443836	1661.0	42.6467373844328	656.0	
2.2625576612734255	1812.0	7.2081470797235205	1478.0	2.7089571929059995	1898.0	0.0	16571.0	2505.706787109375	784.0	0.6575	0.7631578947368421	-33.0	-0.14777327935222673	-120.0	-7.891114849365347	-2752.0	-26.334610369962938	1696.0	40.81383664910074	377.0	
2.534089025296868	1788.0	6.980331101115359	1496.0	2.9962728134800947	1875.0	0.0	17211.0	2525.238037109375	784.0	0.6575	0.7631578947368421	-33.0	-0.14777327935222673	-120.0	-6.117143294081664	-3012.0	-27.29139290009568	1751.0	44.79383457491189	261.0	
2.352107692687278	1761.0	6.639340697299236	1524.0	3.3129343968969542	1890.0	0.0	17851.0	2544.769287109375	784.0	0.6575	0.7631578947368421	-33.0	-0.14777327935222673	-120.0	-2.737421624101545	-3085.0	-27.160915807748385	1733.0	45.91528665287848	40.0	
1.9686466123373516	1740.0	6.388470757544683	1545.0	3.557094435491134	1922.0	0.0	18491.0	2564.300537109375	784.0	0.6575	0.7631578947368421	-33.0	-0.14777327935222673	-120.0	-3.8385074170362445	-3060.0	-27.712888764327502	1772.0	45.526154831859564	112.0	
2.1599149664119737	1721.0	6.467687117387845	1538.0	3.7895071088793464	1906.0	0.0	19131.0	2583.831787109375	779.0	0.645	0.7753036437246964	-27.0	-0.08704453441295547	-150.0	-11.484936534638326	-3051.0	-26.975021414055178	1744.0	45.39543315243917	612.0	
2.064184310284347	1701.0	6.418431028434706	1542.0	4.028528535960694	1914.0	0.0	19771.0	2603.363037109375	779.0	0.645	0.7753036437246964	-27.0	-0.08704453441295547	-150.0	-15.262272518733752	-2904.0	-26.23230264685352	1707.0	43.147221242366825	859.0	
2.336591873054942	1696.0	6.278234924541827	1553.0	4.088689653365964	1891.0	0.0	20411.0	2622.894287109375	779.0	0.645	0.7753036437246964	-27.0	-0.08704453441295547	-150.0	-15.87398684814192	-2545.0	-26.106613199634886	1704.0	37.63980850357217	899.0	
2.6443324084814543	1684.0	6.099907514812097	1567.0	4.232778823778647	1865.0	0.0	21051.0	2642.425537109375	777.0	0.64	0.7955465587044535	-17.0	-0.01417004048582996	-186.0	-17.984401284600093	-2585.0	-24.782504666825346	1623.0	38.26682893522526	1037.0	
2.560016513013897	1664.0	6.001651301389706	1575.0	4.47093439597721	1872.0	0.0	21691.0	2661.956787109375	777.0	0.64	0.7955465587044535	-17.0	-0.01417004048582996	-186.0	-17.372686955191927	-2578.0	-24.35985617333613	1594.0	38.16364403455328	997.0	
2.238636866458706	1651.0	6.0065437887277575	1575.0	4.624444955282515	1899.0	0.0	22331.0	2681.488037109375	777.0	0.64	0.7955465587044535	-17.0	-0.01417004048582996	-186.0	-23.18397308456951	-2400.0	-22.80813781276352	1510.0	35.447843127012774	1377.0	
2.4299160595603726	1641.0	6.086844051275333	1568.0	4.748445680175328	1883.0	0.0	22971.0	2701.019287109375	767.0	0.615	0.8279352226720648	-1.0	0.05668016194331984	-221.0	-31.243309374522102	-2211.0	-20.672635966600886	1394.0	32.569090734088796	1904.0	
3.2048857446407553	1620.0	6.202860178361286	1557.0	5.011527747760621	1818.0	0.0	23611.0	2720.550537109375	767.0	0.615	0.8279352226720648	-1.0	0.05668016194331984	-221.0	-30.295152163939445	-2285.0	-16.630643168857652	1128.0	33.74500245276746	1842.0	
3.4886900030263464	1600.0	6.011857445491801	1572.0	5.251509591108773	1794.0	0.0	24251.0	2740.081787109375	767.0	0.615	0.8279352226720648	-1.0	0.05668016194331984	-221.0	-22.113473008105217	-2125.0	-14.072516681316403	942.0	31.315466332342893	1307.0	
3.547463213022117	1594.0	5.936797492687864	1578.0	5.322885280779159	1789.0	0.0	24891.0	2759.613037109375	767.0	0.615	0.8279352226720648	-1.0	0.05668016194331984	-221.0	-9.022786358770455	-1885.0	-11.375461572870236	735.0	27.65976080547738	451.0	
3.333203692191519	1580.0	5.939416838199505	1578.0	5.489469771276267	1807.0	0.0	25531.0	2779.144287109375	759.0	0.595	0.8360323886639677	3.0	0.08097165991902834	-233.0	-1.2234286588163328	-1852.0	-7.391123196243323	456.0	27.193236228525524	-59.0	
3.1081341050388747	1562.0	6.051505741982696	1569.0	5.706328323359923	1826.0	0.0	26171.0	2798.675537109375	759.0	0.595	0.8360323886639677	3.0	0.08097165991902834	-233.0	3.0738645052760365	-1538.0	-4.777054349513101	278.0	22.401209048341602	-340.0	
2.9547369946362605	1556.0	6.187985177911752	1558.0	5.779813097600983	1839.0	0.0	26811.0	2818.206787109375	759.0	0.595	0.8360323886639677	3.0	0.08097165991902834	-233.0	4.083193148799511	-1113.0	-2.598916409630823	138.0	15.901584873037343	-406.0	
2.95523183000099	1562.0	6.23746871438477	1554.0	5.708518560057585	1839.0	0.0	27451.0	2837.738037109375	755.0	0.585	0.8360323886639677	3.0	0.1194331983805668	-252.0	3.8079217005658363	-719.0	-1.6815163374324014	83.0	9.865032312458116	-388.0	
2.8630580196910325	1560.0	6.543897207198503	1529.0	5.737821777352929	1847.0	0.0	28091.0	2857.269287109375	755.0	0.585	0.8360323886639677	3.0	0.1194331983805668	-252.0	0.10705000764642914	-523.0	-1.0573834773728845	54.0	6.863754844066229	-146.0	
3.13790483353147	1556.0	6.647626210289825	1520.0	5.7908375966374965	1824.0	0.0	28731.0	2876.800537109375	755.0	0.585	0.8360323886639677	3.0	0.1194331983805668	-252.0	-2.676250191160728	-317.0	-0.7452683068692548	43.0	3.7059123621975343	36.0	
3.1267447165717948	1565.0	6.722090704798528	1514.0	5.683781550418315	1825.0	0.0	29371.0	2896.331787109375	755.0	0.585	0.8360323886639677	3.0	0.1194331983805668	-252.0	1.5445786817556202	73.0	0.9760575091888203	-76.0	-2.261223006310598	-240.0	
2.939366398243735	1575.0	7.0318779196115555	1489.0	5.5676215838204515	1841.0	0.0	30011.0	2915.863037109375	756.0	0.5875	0.8218623481781376	-4.0	0.06477732793522267	-225.0	1.8351429882244994	202.0	2.7683909581394377	-192.0	-4.222738063719204	-259.0	
3.0848646463684477	1565.0	7.295988446368618	1467.0	5.694840704547683	1829.0	0.0	30651.0	2935.394287109375	756.0	0.5875	0.8218623481781376	-4.0	0.06477732793522267	-225.0	0.5964214711729623	132.0	3.130189726964456	-213.0	-3.145006219962211	-178.0	
3.525841374584569	1548.0	7.346042220361688	1462.0	5.90507082441814	1792.0	0.0	31291.0	2954.925537109375	756.0	0.5875	0.8218623481781376	-4.0	0.06477732793522267	-225.0	3.8538002752714484	172.0	3.113709758454126	-220.0	-3.7589503659723102	-391.0	
3.192106674429716	1564.0	7.305905538209727	1466.0	5.708159659436203	1820.0	0.0	31931.0	2974.456787109375	756.0	0.5875	0.8421052631578947	6.0	0.1194331983805668	-252.0	10.016822144058725	626.0	2.075550717866511	-164.0	-10.735727537166893	-794.0	
2.870781223009746	1596.0	7.316217539069843	1466.0	5.319610476264507	1847.0	0.0	32571.0	2993.988037109375	756.0	0.5875	0.8421052631578947	6.0	0.1194331983805668	-252.0	10.093286435234747	759.0	0.6317310473970625	-69.0	-12.7909820604022	-799.0	
3.015924603151478	1595.0	7.544841267528762	1447.0	5.337682577406187	1835.0	0.0	33211.0	3013.519287109375	756.0	0.5875	0.8421052631578947	6.0	0.1194331983805668	-252.0	7.631136259366876	363.0	0.8232562354746644	-79.0	-6.712651279903962	-638.0	
2.828636874415299	1579.0	7.863687441529892	1421.0	5.534957707936197	1851.0	0.0	33851.0	3033.050537109375	757.0	0.59	0.8340080971659919	2.0	0.09109311740890688	-238.0	5.5818932558495185	243.0	0.7945219553449001	-73.0	-4.871600583730271	-504.0	
3.0083914478836027	1579.0	7.982001931217438	1411.0	5.539121543464631	1836.0	0.0	34491.0	3052.581787109375	757.0	0.59	0.8340080971659919	2.0	0.09109311740890688	-238.0	2.82917877351277	473.0	0.909146886789339	-71.0	-8.399685575784556	-324.0	
3.1652018237131223	1585.0	8.18684903797891	1394.0	5.4724974327316485	1823.0	0.0	35131.0	3072.113037109375	757.0	0.59	0.8340080971659919	2.0	0.09109311740890688	-238.0	2.737421624101545	572.0	0.974148458084563	-74.0	-9.918139442225968	-318.0	
2.7723101415074	1592.0	8.18339510312097	1395.0	5.384162087814842	1856.0	0.0	35771.0	3091.644287109375	757.0	0.59	0.8340080971659919	2.0	0.09109311740890688	-238.0	1.988071570576541	556.0	-0.81325928479031	44.0	-9.69050178112472	-269.0	
2.6063021294683915	1605.0	8.24926056588674	1390.0	5.227192810925672	1870.0	0.0	36411.0	3111.175537109375	763.0	0.605	0.8319838056680162	1.0	0.0728744939271255	-229.0	-2.7833001988071575	577.0	-1.9265618973923868	129.0	-10.02386896407136	43.0	
2.953292168696824	1599.0	8.42445496492047	1375.0	5.3064557559251355	1841.0	0.0	37051.0	3130.706787109375	763.0	0.605	0.8319838056680162	1.0	0.0728744939271255	-229.0	-8.48753632053831	286.0	-1.6507789849508068	123.0	-5.555866390432599	416.0	
