Device	Device	Device	Device	Device	Device	Device	Device	Device	Device	Device	Device	Device	Device	Device	Device	Device	Device	Device	Device	Device	
Low Noise Accelerometer X	Low Noise Accelerometer X	Low Noise Accelerometer Z	Low Noise Accelerometer Z	Low Noise Accelerometer Y	Low Noise Accelerometer Y	Event_Marker	Timestamp	Timestamp	Magnetometer Z	Magnetometer Z	Magnetometer X	Magnetometer X	Magnetometer Y	Magnetometer Y	Gyroscope Y	Gyroscope Y	Gyroscope Z	Gyroscope Z	Gyroscope X	Gyroscope X	
CAL	UNCAL	CAL	UNCAL	CAL	UNCAL	CAL	CAL	UNCAL	UNCAL	CAL	CAL	UNCAL	CAL	UNCAL	CAL	UNCAL	UNCAL	CAL	UNCAL	CAL	
m/(s^2)	no units	m/(s^2)	no units	m/(s^2)	no units	no units	ms	no units	no units	local_flux	local_flux	no units	local_flux	no units	deg/s	no units	no units	deg/s	no units	deg/s	
1.1119702054847316	2077.0	10.006544357996981	1253.0	-0.4393518204237672	1997.0	0.0	1619.110107421875	53055.0	778.0	0.6425	0.5263157894736842	-150.0	-0.5526315789473685	80.0	1.055207218229087	-118.0	-33.0	0.3049548121667261	-208.0	0.6628623454210383	
1.1356530431615968	2077.0	9.99387574473111	1254.0	-0.439368364312316	1995.0	0.0	1658.172607421875	54335.0	780.0	0.6475	0.520242914979757	-153.0	-0.5263157894736842	67.0	0.33644288117449156	-121.0	29.0	-0.6203618480516032	-161.0	0.6996426297932297	
1.1590920761651116	2077.0	9.956826664130201	1257.0	-0.4398749555942991	1993.0	0.0	1697.235107421875	55615.0	779.0	0.645	0.52834008097166	-149.0	-0.5242914979757085	66.0	0.1529285823520416	-147.0	48.0	-0.9092446823773372	-149.0	1.09571037656122	
1.1593346765021237	2076.0	9.981086697831417	1255.0	-0.4273391361458203	1993.0	0.0	1736.297607421875	56895.0	779.0	0.645	0.52834008097166	-149.0	-0.5242914979757085	66.0	-0.12234286588163329	-109.0	54.0	-0.9846888695479075	-131.0	0.5118655556807677	
1.1233825574721246	2075.0	9.957303366260081	1257.0	-0.4161261311964627	1996.0	0.0	1775.360107421875	58175.0	780.0	0.6475	0.5242914979757085	-151.0	-0.5222672064777328	65.0	-0.36702859764489987	-95.0	66.0	-1.15732293577606	-115.0	0.29531644380473754	
1.0756499707720306	2074.0	9.945949458155447	1258.0	-0.40478234245447187	2000.0	0.0	1814.422607421875	59455.0	780.0	0.6475	0.5242914979757085	-151.0	-0.5222672064777328	65.0	0.24468573176326658	-86.0	68.0	-1.2111696185244545	-155.0	0.15667762405412944	
1.0875523407788008	2074.0	9.945710268356269	1258.0	-0.40466810255038776	1999.0	0.0	1853.485107421875	60735.0	783.0	0.655	0.5263157894736842	-150.0	-0.5404858299595142	74.0	-0.5199571799969415	-73.0	28.0	-0.5633639443544287	-105.0	-0.036322606759794096	
1.1232594507991112	2074.0	9.94499269895874	1258.0	-0.40432538283813524	1996.0	0.0	1892.547607421875	62015.0	783.0	0.655	0.5263157894736842	-150.0	-0.5404858299595142	74.0	-0.1988071570576541	-46.0	0.0	-0.1414061616885383	-126.0	-0.44640408770250767	
1.13540682981557	2075.0	9.969254410128425	1256.0	-0.4157668675956613	1995.0	0.0	1931.610107421875	63295.0	777.0	0.64	0.5425101214574899	-142.0	-0.5222672064777328	65.0	-0.7952286282306164	-42.0	-3.0	-0.07079583787331548	-87.0	-0.5070759190968551	
1.171112735499542	2074.0	9.968416407097074	1256.0	-0.4033783758283642	1992.0	0.0	1970.672607421875	64575.0	776.0	0.6375000000000001	0.5141700404858299	-156.0	-0.5728744939271255	90.0	-0.12234286588163329	-12.0	-28.0	0.29141207805824343	-131.0	-0.9637883496812867	
1.1474311021590153	2075.0	9.981205453996768	1255.0	-0.41540760399486	1994.0	0.0	2009.735107421875	319.0	776.0	0.6375000000000001	0.5141700404858299	-156.0	-0.5728744939271255	90.0	0.0764642911760208	-20.0	-12.0	0.0361417779567061	-144.0	-0.8435851834173027	
1.1473104041586784	2076.0	9.969135653963074	1256.0	-0.4276983997466215	1994.0	0.0	2048.797607421875	1599.0	778.0	0.6425	0.5404858299595142	-143.0	-0.5303643724696356	69.0	-0.29056430646887904	-6.0	-10.0	0.022208045178343516	-120.0	-1.058547291958835	
1.147555413168367	2077.0	9.993636554931934	1254.0	-0.4392541244082318	1994.0	0.0	2087.860107421875	2879.0	778.0	0.6425	0.5404858299595142	-143.0	-0.5303643724696356	69.0	-0.29056430646887904	-5.0	-9.0	0.006980763858269817	-120.0	-1.0740440484301608	
1.183261318852339	2076.0	9.99279855190058	1254.0	-0.42686563264093474	1991.0	0.0	2126.922607421875	4159.0	776.0	0.6375000000000001	0.5364372469635628	-145.0	-0.5445344129554656	76.0	-0.1988071570576541	-8.0	-10.0	0.0182312672065292	-126.0	-1.0278980924223033	
1.1835051235256895	2076.0	10.01717901923562	1252.0	-0.4263755852475005	1991.0	0.0	2165.985107421875	5439.0	773.0	0.63	0.5344129554655871	-146.0	-0.5526315789473685	80.0	0.061171432940816645	-30.0	12.0	-0.333917923344455	-143.0	-0.6938409438490654	
1.195041786522434	2076.0	9.980369128433887	1255.0	-0.4269964164335678	1990.0	0.0	2205.047607421875	6719.0	773.0	0.63	0.5344129554655871	-146.0	-0.5526315789473685	80.0	0.25997858999847073	-49.0	27.0	-0.5754952370622375	-156.0	-0.40471152748186995	
1.1356530431615968	2077.0	9.99387574473111	1254.0	-0.439368364312316	1995.0	0.0	2244.110107421875	7999.0	776.0	0.6375000000000001	0.5303643724696356	-148.0	-0.562753036437247	85.0	0.04587857470561248	-52.0	39.0	-0.7519609110103155	-142.0	-0.360442733246976	
1.1711139398358803	2075.0	9.968536840730897	1256.0	-0.41542414788340876	1992.0	0.0	2283.172607421875	9279.0	776.0	0.6375000000000001	0.5303643724696356	-148.0	-0.562753036437247	85.0	0.24468573176326658	-73.0	37.0	-0.7323729998823668	-155.0	-0.03801269731507348	
1.1233813531357864	2074.0	9.957182932626258	1257.0	-0.40408035914141816	1996.0	0.0	2322.235107421875	10559.0	774.0	0.6325000000000001	0.5303643724696356	-148.0	-0.5688259109311741	88.0	0.9175714941122497	-66.0	21.0	-0.5121203596276916	-199.0	-0.14322155651940108	
1.1830163098426505	2075.0	9.96829765093172	1256.0	-0.41530990797932454	1991.0	0.0	2361.297607421875	11839.0	777.0	0.64	0.5242914979757085	-151.0	-0.5546558704453441	81.0	-0.42820003058571654	-44.0	50.0	-0.9009600459251773	-111.0	-0.48468859386112384	
1.1473104041586784	2076.0	9.969135653963074	1256.0	-0.4276983997466215	1994.0	0.0	2400.360107421875	13119.0	777.0	0.64	0.5242914979757085	-151.0	-0.5546558704453441	81.0	0.764642911760208	-5.0	38.0	-0.758116712708224	-189.0	-1.0816950231958258	
1.1360175458352841	2076.0	10.030326012099843	1251.0	-0.42658752116712007	1995.0	0.0	2439.422607421875	14399.0	779.0	0.645	0.5242914979757085	-151.0	-0.5364372469635628	72.0	0.1529285823520416	-2.0	28.0	-0.5793831895266022	-149.0	-1.125941138938384	
1.1954086978687979	2077.0	10.017060263070269	1252.0	-0.43830711739846095	1990.0	0.0	2478.485107421875	15679.0	779.0	0.645	0.5242914979757085	-151.0	-0.5364372469635628	72.0	0.42820003058571654	-32.0	35.0	-0.7026608069851494	-167.0	-0.6668394053692225	
1.1237542861638412	2080.0	9.994476235431756	1254.0	-0.4756199203815336	1996.0	0.0	2517.547607421875	16959.0	775.0	0.635	0.5161943319838057	-155.0	-0.5566801619433198	82.0	0.9787429270530663	-48.0	5.0	-0.2657138683793953	-203.0	-0.4169581974531664	
1.218972041881664	2079.0	9.992442283404523	1254.0	-0.4626602290938157	1988.0	0.0	2556.610107421875	18239.0	775.0	0.635	0.5161943319838057	-155.0	-0.5566801619433198	82.0	-0.5199571799969415	-78.0	40.0	-0.7486996215870552	-105.0	0.03854645475850417	
1.1469434928123146	2075.0	9.932444519326692	1259.0	-0.4163876987817285	1994.0	0.0	2595.672607421875	19519.0	777.0	0.64	0.5263157894736842	-150.0	-0.5425101214574899	75.0	1.146964367640312	-79.0	27.0	-0.6155740053885159	-214.0	0.055222194578614464	
1.1825262918232733	2073.0	9.919295848993999	1260.0	-0.39219845865610414	1991.0	0.0	2634.735107421875	20799.0	777.0	0.64	0.5323886639676113	-147.0	-0.5303643724696356	69.0	0.09175714941122497	-43.0	51.0	-0.9369835348243708	-145.0	-0.5003933124082407	
1.1233837618084628	2076.0	9.957423799893906	1257.0	-0.4281719032515071	1996.0	0.0	2673.797607421875	22079.0	777.0	0.64	0.5323886639676113	-147.0	-0.5303643724696356	69.0	0.1529285823520416	-2.0	60.0	-1.0715659355651808	-149.0	-1.1308629663987697	
1.1476785198413804	2078.0	10.005947222233276	1253.0	-0.4510548727665591	1994.0	0.0	2712.860107421875	23359.0	777.0	0.64	0.5323886639676113	-147.0	-0.5364372469635628	72.0	-0.474078605291329	-7.0	46.0	-0.8319253519137	-108.0	-1.0517441422716307	
1.195409902205136	2078.0	10.017180696704092	1252.0	-0.4503528894535054	1990.0	0.0	2751.922607421875	24639.0	777.0	0.64	0.5323886639676113	-147.0	-0.5364372469635628	72.0	0.24468573176326658	-17.0	37.0	-0.7237809482389812	-155.0	-0.8972178616536344	
1.1478016265143938	2079.0	10.01825788953462	1252.0	-0.46285562112488654	1994.0	0.0	2790.985107421875	25919.0	775.0	0.635	0.5445344129554656	-141.0	-0.5263157894736842	67.0	0.36702859764489987	-51.0	40.0	-0.7800329087763161	-163.0	-0.3760679368827609	
1.2068234585288673	2077.0	9.968060138601015	1256.0	-0.4391729722812452	1989.0	0.0	2830.047607421875	27199.0	777.0	0.64	0.5263157894736842	-150.0	-0.5222672064777328	65.0	-0.4434928888209207	-101.0	29.0	-0.586098946810286	-110.0	0.3930955856431447	
1.1707506414985311	2077.0	9.932207006995988	1259.0	-0.44025076308364913	1992.0	0.0	2869.110107421875	28479.0	777.0	0.64	0.5263157894736842	-150.0	-0.5222672064777328	65.0	0.6728857623489831	-79.0	22.0	-0.5197092032331435	-183.0	0.05618084260016819	
1.1825287004959497	2075.0	9.919536716261646	1260.0	-0.4162900027661931	1991.0	0.0	2908.172607421875	29759.0	772.0	0.6275000000000001	0.5384615384615384	-144.0	-0.5425101214574899	75.0	-0.24468573176326658	-62.0	27.0	-0.557305266064424	-123.0	-0.20505134021626803	
1.1706251261528413	2074.0	9.919655472427	1260.0	-0.4043584706152328	1992.0	0.0	2947.235107421875	31039.0	772.0	0.6275000000000001	0.5384615384615384	-144.0	-0.5425101214574899	75.0	0.22939287352806242	-12.0	22.0	-0.49169148540114627	-154.0	-0.9716193853158805	
1.1830175141789887	2076.0	9.968418084565544	1256.0	-0.42735568003436897	1991.0	0.0	2986.297607421875	32319.0	777.0	0.64	0.5404858299595142	-143.0	-0.5526315789473685	80.0	-0.33644288117449156	-7.0	31.0	-0.6067195681849421	-117.0	-1.0494920844343432	
1.1595808898481506	2078.0	10.0057080324341	1253.0	-0.450940632862475	1993.0	0.0	3025.360107421875	33599.0	775.0	0.635	0.5364372469635628	-145.0	-0.5526315789473685	80.0	0.13763572411683744	5.0	19.0	-0.4392711325837369	-148.0	-1.23195140397583	
1.171606366527934	2079.0	10.017779509936268	1252.0	-0.4626271413167182	1992.0	0.0	3064.422607421875	34879.0	775.0	0.635	0.5364372469635628	-145.0	-0.5526315789473685	80.0	0.030585716470408322	-35.0	34.0	-0.6718374023859538	-141.0	-0.6204977203488558	
1.1833856298616907	2078.0	10.005229652835748	1253.0	-0.45071215305430656	1991.0	0.0	3103.485107421875	36159.0	777.0	0.64	0.5344129554655871	-146.0	-0.5688259109311741	88.0	0.061171432940816645	-42.0	13.0	-0.35113978808174323	-143.0	-0.5098793585989394	
1.2427755775588663	2078.0	9.991843470172347	1254.0	-0.45038597723060286	1986.0	0.0	3142.547607421875	37439.0	777.0	0.64	0.5344129554655871	-146.0	-0.5688259109311741	88.0	-0.16822144058724578	-49.0	15.0	-0.37380041870320124	-128.0	-0.40269457929827956	
1.170996854844558	2079.0	9.956828341598673	1257.0	-0.46385225980030387	1992.0	0.0	3181.610107421875	38719.0	774.0	0.6325000000000001	0.52834008097166	-149.0	-0.5708502024291499	89.0	0.24468573176326658	-54.0	42.0	-0.8063613935718889	-155.0	-0.3302977707563419	
1.2184820238622869	2077.0	9.943440481466801	1258.0	-0.43954877977059525	1988.0	0.0	3220.672607421875	39999.0	774.0	0.6325000000000001	0.52834008097166	-149.0	-0.5708502024291499	89.0	-0.6270071876433706	-67.0	21.0	-0.450496819548056	-98.0	-0.1272608374604798	
1.1592175915108014	2080.0	9.969378198699191	1256.0	-0.4757672480627153	1993.0	0.0	3259.735107421875	41279.0	776.0	0.6375000000000001	0.5242914979757085	-151.0	-0.5546558704453441	81.0	-0.4434928888209207	-25.0	41.0	-0.7590068350587295	-110.0	-0.7748142512568326	
1.2306269942060692	2076.0	9.96746132536884	1256.0	-0.42689872041803234	1987.0	0.0	3298.797607421875	42559.0	777.0	0.64	0.52834008097166	-149.0	-0.5303643724696356	69.0	-0.8105214864658206	-47.0	34.0	-0.6400376322844897	-86.0	-0.43604591875034227	
1.182650602832625	2075.0	9.931726949929164	1259.0	-0.41604497906947596	1991.0	0.0	3337.860107421875	43839.0	777.0	0.64	0.52834008097166	-149.0	-0.5303643724696356	69.0	-0.3976143141153082	-41.0	8.0	-0.2557332095968307	-113.0	-0.5242697764722152	
1.2425341815581923	2080.0	9.967703870104957	1256.0	-0.47496756873412604	1986.0	0.0	3376.922607421875	45119.0	777.0	0.64	0.5242914979757085	-151.0	-0.548582995951417	78.0	-0.6881786205841872	-9.0	8.0	-0.239202055682867	-94.0	-1.0151279419930725	
1.2188489352086507	2078.0	9.980131616103183	1255.0	-0.4508594807354883	1988.0	0.0	3415.985107421875	46399.0	777.0	0.64	0.5242914979757085	-151.0	-0.548582995951417	78.0	-0.3517357394096957	-16.0	8.0	-0.25373243174830884	-116.0	-0.9078618601468526	
1.2547998499023116	2078.0	10.00379451404069	1253.0	-0.4500267136298015	1985.0	0.0	3455.047607421875	47679.0	776.0	0.6375000000000001	0.5323886639676113	-147.0	-0.5303643724696356	69.0	-0.5811286129377581	-16.0	-13.0	0.0784372928008848	-101.0	-0.9045401629013605	
1.2545584539016377	2080.0	9.9796549139733	1255.0	-0.47460830513332475	1985.0	0.0	3494.110107421875	48959.0	776.0	0.6375000000000001	0.5404858299595142	-143.0	-0.520242914979757	64.0	-0.6270071876433706	-41.0	4.0	-0.18503556888063202	-98.0	-0.5235628000650531	
1.2546803562383129	2080.0	9.991845147640818	1254.0	-0.4743632814366076	1985.0	0.0	3533.172607421875	50239.0	776.0	0.6375000000000001	0.5404858299595142	-143.0	-0.520242914979757	64.0	0.10705000764642914	-37.0	11.0	-0.3214461784784479	-146.0	-0.586304840793531	
1.2900193505759212	2078.0	9.954316009973086	1257.0	-0.45066408870441754	1982.0	0.0	3572.235107421875	51519.0	772.0	0.6275000000000001	0.5303643724696356	-148.0	-0.5404858299595142	74.0	-0.1529285823520416	-40.0	27.0	-0.557599736189073	-129.0	-0.5426329253962624	
1.265846494879679	2076.0	9.917982821301235	1260.0	-0.42753609549264837	1984.0	0.0	3611.297607421875	52799.0	772.0	0.6275000000000001	0.5303643724696356	-148.0	-0.5404858299595142	74.0	0.3058571647040832	-57.0	26.0	-0.5631769216898623	-159.0	-0.28183247506314696	
1.2175056008325473	2076.0	9.845798178492828	1266.0	-0.4294631972892877	1988.0	0.0	3650.360107421875	54079.0	775.0	0.635	0.5445344129554656	-141.0	-0.5263157894736842	67.0	0.5811286129377581	-6.0	31.0	-0.6432653285368156	-177.0	-1.0652020256959867	
1.2411872341730743	2075.0	9.833009131593132	1267.0	-0.4174339691227922	1986.0	0.0	3689.422607421875	55359.0	772.0	0.6275000000000001	0.5364372469635628	-145.0	-0.5263157894736842	67.0	0.1988071570576541	50.0	24.0	-0.511716972095197	-152.0	-1.923177626986565	
1.1343157304671845	2080.0	9.860144475289873	1265.0	-0.4782009411413378	1995.0	0.0	3728.485107421875	56639.0	772.0	0.6275000000000001	0.5364372469635628	-145.0	-0.5263157894736842	67.0	1.0705000764642914	155.0	-15.0	0.06937661611743866	-209.0	-3.528537475207554	
1.2662194279077341	2082.0	9.955276124106733	1257.0	-0.4990756567327639	1984.0	0.0	3767.547607421875	57919.0	773.0	0.63	0.5303643724696356	-148.0	-0.5242914979757085	66.0	-1.422235815873987	180.0	-24.0	0.31133821652854254	-46.0	-3.9097299506565655	
1.3863522923688945	2092.0	10.063800665460878	1248.0	-0.6161857649719128	1974.0	0.0	3806.610107421875	59199.0	773.0	0.63	0.5303643724696356	-148.0	-0.5242914979757085	66.0	-3.5326502523321612	199.0	47.0	-0.6933689542208856	92.0	-4.211322211868433	
1.4226677097362428	2091.0	10.123913830767119	1243.0	-0.6025721547210301	1971.0	0.0	3845.672607421875	60479.0	770.0	0.6225	0.5526315789473685	-137.0	-0.5506072874493927	79.0	-1.1928429423459246	103.0	54.0	-0.9093460954115247	-61.0	-2.740411552100348	
1.3153061880109758	2094.0	10.102047372526139	1245.0	-0.6402276774163554	1980.0	0.0	3884.735107421875	61759.0	770.0	0.6225	0.5526315789473685	-137.0	-0.5506072874493927	79.0	-0.6117143294081664	4.0	98.0	-1.6245297113196138	-99.0	-1.2284595061050638	
1.3263480156429899	2088.0	10.01575394525139	1252.0	-0.5695539710590243	1979.0	0.0	3923.797607421875	63039.0	769.0	0.62	0.5404858299595142	-143.0	-0.5668016194331984	87.0	0.09175714941122497	-91.0	88.0	-1.513434450625808	-145.0	0.2303773940237404	
1.2421769049025344	2087.0	9.931976204539167	1259.0	-0.5600230442095888	1986.0	0.0	3962.860107421875	64319.0	769.0	0.62	0.5506072874493927	-138.0	-0.5728744939271255	90.0	0.6728857623489831	-94.0	63.0	-1.1526197889995506	-183.0	0.2800189916143777	
1.2650016088773206	2083.0	9.833494221065369	1267.0	-0.5135716657549797	1984.0	0.0	4001.922607421875	63.0	769.0	0.62	0.5506072874493927	-138.0	-0.5728744939271255	90.0	0.42820003058571654	-86.0	63.0	-1.1416059024250276	-167.0	0.1573732612151237	
1.18107791581923	2085.0	9.774458248589657	1272.0	-0.5396880076772435	1991.0	0.0	4040.985107421875	1343.0	771.0	0.625	0.5404858299595142	-143.0	-0.5668016194331984	87.0	-0.015292858235204161	18.0	5.0	-0.2158300661337266	-138.0	-1.4291952808669535	
1.2651283285593486	2087.0	9.846166189268184	1266.0	-0.5615097302784404	1984.0	0.0	4080.047607421875	2623.0	771.0	0.625	0.5404858299595142	-143.0	-0.5668016194331984	87.0	-1.7586786970484785	120.0	-53.0	0.7616294301181099	-24.0	-2.9845580190331757	
1.325617805959277	2089.0	9.9427329768801	1258.0	-0.5830698852943714	1979.0	0.0	4119.110107421875	3903.0	770.0	0.6225	0.5364372469635628	-145.0	-0.576923076923077	92.0	-1.0246215017586788	149.0	-70.0	0.9981916173900252	-72.0	-3.427182423246079	
1.4097937340450857	2094.0	10.026992452127615	1251.0	-0.6407839003639847	1972.0	0.0	4158.172607421875	5183.0	768.0	0.6175	0.52834008097166	-149.0	-0.5607287449392713	84.0	-1.4069429576387829	110.0	-78.0	1.1305448827503202	-47.0	-2.8274240279256047	
1.4220618110618815	2094.0	10.063323963330996	1248.0	-0.6399345893697492	1971.0	0.0	4197.235107421875	6463.0	768.0	0.6175	0.52834008097166	-149.0	-0.5607287449392713	84.0	-0.764642911760208	33.0	-28.0	0.32400583816353207	-89.0	-1.6539641766958544	
1.4101666670731408	2100.0	10.064285754933115	1248.0	-0.7123234616041002	1972.0	0.0	4236.297607421875	7743.0	770.0	0.6225	0.5384615384615384	-144.0	-0.5506072874493927	79.0	-0.9328643523474538	-11.0	11.0	-0.27586459648577943	-78.0	-0.9848056000848517	
1.3978913640383155	2094.0	10.027231641926791	1251.0	-0.6408981402680689	1973.0	0.0	4275.360107421875	9023.0	770.0	0.6225	0.5384615384615384	-144.0	-0.5506072874493927	79.0	0.5352500382321457	-59.0	32.0	-0.6649428430207359	-174.0	-0.25216116696020585	
1.3613297333249406	2093.0	9.942497142017865	1258.0	-0.6309102538022968	1976.0	0.0	4314.422607421875	10303.0	768.0	0.6175	0.5384615384615384	-144.0	-0.562753036437247	85.0	-0.29056430646887904	-119.0	55.0	-0.9948756904929226	-120.0	0.6652085240525667	
1.4207136593404248	2088.0	9.928508791185347	1259.0	-0.5703552177033708	1971.0	0.0	4353.485107421875	11583.0	769.0	0.62	0.548582995951417	-139.0	-0.5404858299595142	74.0	0.16822144058724578	-106.0	80.0	-1.3957484723411004	-150.0	0.46172150867846107	
1.3608457369872546	2096.0	9.89409750824926	1262.0	-0.6680276647542989	1976.0	0.0	4392.547607421875	12863.0	769.0	0.62	0.548582995951417	-139.0	-0.5404858299595142	74.0	0.09175714941122497	-73.0	94.0	-1.6029569846226674	-145.0	-0.04671853716247648	
1.360959208969562	2089.0	9.905444706480015	1261.0	-0.5834622366722703	1976.0	0.0	4431.610107421875	14143.0	767.0	0.615	0.5425101214574899	-142.0	-0.5465587044534413	77.0	0.21410001529285827	-88.0	77.0	-1.3486795685068849	-153.0	0.18599149187055491	
1.336913072955348	2091.0	9.881783486010978	1263.0	-0.6082723079839619	1978.0	0.0	4470.672607421875	15423.0	767.0	0.615	0.5425101214574899	-142.0	-0.5465587044534413	77.0	-0.10705000764642914	-72.0	66.0	-1.1641921612120865	-132.0	-0.057675372586495584	
1.3003490335692964	2088.0	9.796808118834402	1270.0	-0.574192877408101	1981.0	0.0	4509.735107421875	16703.0	772.0	0.6275000000000001	0.5506072874493927	-138.0	-0.5364372469635628	72.0	0.5199571799969415	-27.0	42.0	-0.8132285541974796	-173.0	-0.7446675011319703	
1.347469699913338	2087.0	9.746969991333799	1274.0	-0.5626702405235882	1977.0	0.0	4548.797607421875	17983.0	765.0	0.61	0.5506072874493927	-138.0	-0.5384615384615384	73.0	1.2081358005811287	66.0	13.0	-0.38044339007638134	-218.0	-2.1673766296963755	
1.2996152108765688	2086.0	9.723425849561641	1276.0	-0.5515714754783146	1981.0	0.0	4587.860107421875	19263.0	765.0	0.61	0.5506072874493927	-138.0	-0.5384615384615384	73.0	0.7340571952897997	182.0	-2.0	-0.11297365852265434	-187.0	-3.944662036723327	
1.25469601261071	2093.0	9.993410784880526	1254.0	-0.6309583181521858	1985.0	0.0	4626.922607421875	20543.0	766.0	0.6125	0.548582995951417	-139.0	-0.548582995951417	78.0	-2.7221287658663407	348.0	0.0	0.019967830877564707	39.0	-6.4905169090780594	
1.5209498845796805	2104.0	10.428321791301387	1218.0	-0.7521276797860067	1963.0	0.0	4665.985107421875	21823.0	766.0	0.6125	0.548582995951417	-139.0	-0.548582995951417	78.0	-2.492735892338278	391.0	48.0	-0.7208836174155087	24.0	-7.15773822086036	
1.5111415323504769	2122.0	10.63796275885721	1201.0	-0.9649004138367004	1964.0	0.0	4705.047607421875	23103.0	764.0	0.6075	0.5566801619433198	-135.0	-0.562753036437247	85.0	-1.6822144058724577	129.0	221.0	-3.454362733214992	-29.0	-3.1648182935896307	
1.5225418409744875	2110.0	10.587517430782077	1205.0	-0.8212170040589509	1963.0	0.0	4744.110107421875	24383.0	764.0	0.6075	0.5566801619433198	-135.0	-0.562753036437247	85.0	1.7128001223428662	-415.0	294.0	-4.796407269579616	-251.0	5.169160371066672	
1.4859765972520977	2106.0	10.502421629971677	1212.0	-0.7750918014280455	1966.0	0.0	4783.172607421875	25663.0	763.0	0.605	0.5607287449392713	-133.0	-0.5688259109311741	88.0	4.251414589386757	-666.0	366.0	-6.043863676307253	-417.0	9.008151205188746	
1.3778668007980444	2095.0	10.405727698852052	1220.0	-0.6455766575330508	1975.0	0.0	4822.235107421875	26943.0	764.0	0.6075	0.5526315789473685	-137.0	-0.5728744939271255	90.0	8.089922006423	-838.0	540.0	-8.900022174983741	-668.0	11.618840809399465	
1.295496525371937	2071.0	10.502033489574668	1212.0	-0.3553176179668354	1982.0	0.0	4861.297607421875	28223.0	764.0	0.6075	0.5526315789473685	-137.0	-0.5728744939271255	90.0	7.600550542896468	-848.0	475.0	-7.88223736577826	-636.0	11.78246349407277	
1.4173010967927413	2052.0	10.777728726893189	1189.0	-0.11967000485565457	1972.0	0.0	4900.360107421875	29503.0	777.0	0.64	0.5465587044534413	-140.0	-0.5506072874493927	79.0	2.003364428811745	-669.0	250.0	-4.170248495276812	-270.0	9.072920807973427	
1.8043554174169971	2020.0	11.387922694080652	1138.0	0.281946586369036	1940.0	0.0	4939.422607421875	30783.0	777.0	0.64	0.5465587044534413	-140.0	-0.5506072874493927	79.0	-10.414436458174034	-631.0	-97.0	1.669350847079544	542.0	8.548226422388241	
2.2359051567863375	2034.0	11.68575377387181	1113.0	0.12354400656337186	1904.0	0.0	4978.485107421875	32063.0	775.0	0.635	0.5445344129554656	-141.0	-0.5445344129554656	76.0	-13.625936687566908	-747.0	-21.0	0.6110661684358898	752.0	10.317603679944297	
2.237248491162441	2036.0	11.820087211482164	1102.0	0.10214772311717132	1904.0	0.0	5017.547607421875	33343.0	774.0	0.6325000000000001	0.562753036437247	-132.0	-0.5040485829959515	56.0	-7.998164857011776	-956.0	244.0	-3.7219773257509208	384.0	13.481270329550531	
2.2603109781288855	2027.0	11.745383527174287	1108.0	0.20931800924043725	1902.0	0.0	5056.610107421875	34623.0	774.0	0.6325000000000001	0.562753036437247	-132.0	-0.5040485829959515	56.0	2.8597644899831782	-1518.0	437.0	-7.210955634722366	-326.0	22.069980362327016	
1.5460348320226196	2017.0	11.746340345119105	1109.0	0.32267631184911433	1962.0	0.0	5095.672607421875	35903.0	782.0	0.6525	0.5566801619433198	-135.0	-0.5101214574898786	59.0	4.29729316409237	-2020.0	423.0	-7.13014268655832	-420.0	29.77371928818736	
1.8311896508023433	2005.0	11.690393651662916	1113.0	0.4689872394207998	1938.0	0.0	5134.735107421875	37183.0	782.0	0.6525	0.5566801619433198	-135.0	-0.5101214574898786	59.0	-11.760207982872	-2489.0	543.0	-8.40555059442	630.0	36.957528044769326	
1.5659386972625537	2017.0	11.35577448816015	1141.0	0.3150640333623346	1960.0	0.0	5173.797607421875	38463.0	790.0	0.6725	0.5809716599190283	-123.0	-0.4493927125506073	29.0	-7.1111790793699345	-2636.0	681.0	-10.736585384159152	326.0	39.1898567946163	
1.2516975948930948	1996.0	10.884045203595202	1180.0	0.555499084840112	1986.0	0.0	5212.860107421875	39743.0	800.0	0.6975	0.6012145748987854	-113.0	-0.3967611336032389	3.0	-8.395779171127085	-3145.0	635.0	-10.055789433203616	410.0	47.00700693611142	
1.4870306265405113	1969.0	10.607824558813022	1202.0	0.8776292070802199	1966.0	0.0	5251.922607421875	41023.0	800.0	0.6975	0.6012145748987854	-113.0	-0.3967611336032389	3.0	-15.10934393638171	-3457.0	465.0	-7.220422857850535	849.0	51.82283950319992	
1.5664053943787961	1935.0	10.21196800930818	1234.0	1.2801443779853734	1959.0	0.0	5290.985107421875	42303.0	806.0	0.7125	0.6153846153846154	-106.0	-0.3603238866396761	-15.0	-12.081358005811287	-3419.0	304.0	-4.859405422576092	651.0	51.263359298543925	
1.849352723398646	1912.0	9.935272339864591	1256.0	1.5545483716216397	1935.0	0.0	5330.047607421875	43583.0	806.0	0.7125	0.6153846153846154	-106.0	-0.3603238866396761	-15.0	-13.870622419330175	-3234.0	325.0	-5.082452473143275	768.0	48.422399351285144	
1.8916914988765758	1888.0	9.407245125752809	1299.0	1.8335678416002075	1931.0	0.0	5369.110107421875	44863.0	807.0	0.715	0.6518218623481782	-88.0	-0.2935222672064777	-48.0	-5.459550389967886	-2948.0	417.0	-6.790006273075935	218.0	44.0168014870621	
1.7246552773452828	1857.0	9.370289639290185	1302.0	2.2046523455592566	1945.0	0.0	5408.172607421875	46143.0	807.0	0.715	0.6518218623481782	-88.0	-0.2935222672064777	-48.0	-4.55727175409084	-2838.0	417.0	-6.809216565457842	159.0	42.32871618174453	
1.7598711650098777	1854.0	9.32044983432111	1306.0	2.2401522866497743	1942.0	0.0	5447.235107421875	47423.0	812.0	0.7275	0.6538461538461539	-87.0	-0.2368421052631579	-76.0	-11.255543661110263	-2494.0	506.0	-7.85741599619608	597.0	37.03973180904219	
1.9984871293931565	1820.0	9.372522463125174	1301.0	2.6532184530865552	1922.0	0.0	5486.297607421875	48703.0	811.0	0.725	0.6740890688259109	-77.0	-0.20850202429149797	-90.0	-15.69047254931947	-2579.0	620.0	-9.446479118330618	887.0	38.328122288761456	
2.1280794997822303	1826.0	9.23652140679447	1312.0	2.579505199037326	1911.0	0.0	5525.360107421875	49983.0	811.0	0.725	0.6740890688259109	-77.0	-0.20850202429149797	-90.0	-18.473772748126628	-2244.0	856.0	-12.913607114133754	1069.0	33.15304898333159	
2.232369376363853	1803.0	8.951223350671006	1335.0	2.8519505704156125	1902.0	0.0	5564.422607421875	51263.0	810.0	0.7225	0.6963562753036437	-66.0	-0.18421052631578946	-102.0	-15.10934393638171	-2558.0	1122.0	-17.187616747680035	849.0	37.928476755647345	
1.8721011156714142	1780.0	8.638682995712859	1361.0	3.119205514444465	1932.0	0.0	5603.485107421875	52543.0	810.0	0.7225	0.6963562753036437	-66.0	-0.18421052631578946	-102.0	-7.799357699954122	-2661.0	1227.0	-19.110764833399067	371.0	39.48972709157701	
2.2989728014662445	1756.0	8.468708718053001	1374.0	3.4092313722552405	1896.0	0.0	5642.547607421875	53823.0	807.0	0.715	0.7206477732793523	-54.0	-0.13157894736842105	-128.0	-9.970943569353112	-2683.0	1274.0	-19.750178941202105	513.0	39.82091159097773	
1.8795547847409657	1730.0	8.19357371219182	1397.0	3.712787504018957	1931.0	0.0	5681.610107421875	55103.0	809.0	0.72	0.7044534412955465	-62.0	-0.0951417004048583	-146.0	2.385685884691849	-2621.0	1228.0	-19.527369371752606	-295.0	38.871781699868485	
1.986525308393104	1706.0	8.176340363119946	1398.0	4.002669168780065	1922.0	0.0	5720.672607421875	56383.0	809.0	0.72	0.7044534412955465	-62.0	-0.0951417004048583	-146.0	-0.5811286129377581	-2564.0	1219.0	-19.26153677945844	-101.0	37.99980445727831	
1.8296920501731584	1681.0	7.969205017315827	1415.0	4.298162948558891	1935.0	0.0	5759.735107421875	57663.0	809.0	0.72	0.7105263157894737	-59.0	-0.038461538461538464	-174.0	2.186878727634195	-2362.0	1232.0	-19.54120248502358	-282.0	34.89742210128142	
1.8294229544367049	1660.0	7.94229544367049	1417.0	4.55063411432139	1935.0	0.0	5798.797607421875	58943.0	809.0	0.72	0.7105263157894737	-59.0	-0.038461538461538464	-174.0	-1.4528215323443954	-2248.0	1290.0	-20.270219296890634	-44.0	33.140860796136515	
1.8647438837292396	1643.0	7.9029598014954034	1420.0	4.755019887879248	1932.0	0.0	5837.860107421875	60223.0	810.0	0.7225	0.7004048582995952	-64.0	0.020242914979757085	-203.0	-0.5505428964673498	-2152.0	1235.0	-19.445638507429575	-103.0	31.67603617285113	
1.6490046741498041	1615.0	7.757610272123286	1432.0	5.087304902786372	1950.0	0.0	5876.922607421875	61503.0	809.0	0.72	0.7024291497975709	-63.0	0.08704453441295547	-236.0	-0.0764642911760208	-2182.0	1224.0	-19.300014821374617	-134.0	32.137826919455435	
1.756364991538733	1611.0	7.779356296730444	1430.0	5.137006197536744	1941.0	0.0	5915.985107421875	62783.0	809.0	0.72	0.7024291497975709	-63.0	0.08704453441295547	-236.0	0.33644288117449156	-1939.0	1124.0	-17.74117500848199	-161.0	28.424705788660003	
1.424898262327179	1587.0	7.966016708908393	1415.0	5.4265813649942105	1969.0	0.0	5955.047607421875	64063.0	805.0	0.71	0.7064777327935223	-61.0	0.11740890688259109	-251.0	0.48937146352653316	-1908.0	1010.0	-15.989134193057879	-171.0	27.96654720341237	
1.708959573085841	1578.0	7.800719213346004	1428.0	5.534549763130309	1945.0	0.0	5994.110107421875	65343.0	805.0	0.71	0.7064777327935223	-61.0	0.11740890688259109	-251.0	-9.00749350053525	-1603.0	1088.0	-16.762197026068208	450.0	23.27874905935417	
1.7185409813504298	1574.0	7.568383849328676	1447.0	5.578191641016946	1944.0	0.0	6033.172607421875	1087.0	799.0	0.6950000000000001	0.7226720647773279	-53.0	0.17813765182186236	-281.0	-3.4714788193913444	-2230.0	1007.0	-15.833978188066464	88.0	32.909022501378516	
1.4446212127498648	1538.0	7.557359370224558	1448.0	6.0089668935078935	1967.0	0.0	6072.235107421875	2367.0	799.0	0.6950000000000001	0.7226720647773279	-53.0	0.17813765182186236	-281.0	0.6881786205841872	-2065.0	896.0	-14.26777308192884	-184.0	30.392844748849274	
1.6708941668968638	1543.0	7.5656071658768465	1447.0	5.951153615106987	1948.0	0.0	6111.297607421875	3647.0	797.0	0.6900000000000001	0.7125506072874495	-58.0	0.20040485829959515	-292.0	-3.593821685272978	-2106.0	802.0	-12.657013988733732	96.0	31.038076169764345	
1.3793498444838241	1513.0	6.982603496001462	1495.0	6.298023881617879	1972.0	0.0	6150.360107421875	4927.0	792.0	0.6775	0.7246963562753036	-52.0	0.25101214574898784	-317.0	1.5904572564612327	-2126.0	790.0	-12.682864471469008	-243.0	31.344707338099493	
0.9483951647618012	1487.0	6.7442783809420135	1515.0	6.602200844567663	2008.0	0.0	6189.422607421875	6207.0	792.0	0.6775	0.7246963562753036	-52.0	0.25101214574898784	-317.0	-3.700871692919407	-1781.0	657.0	-10.372664763167416	103.0	26.073962473129416	
1.40991417397335	1494.0	6.467607873525492	1537.0	6.516945275113858	1969.0	0.0	6228.485107421875	7487.0	787.0	0.665	0.7226720647773279	-53.0	0.2874493927125506	-335.0	-10.857929346994954	-1519.0	506.0	-7.723725222171377	571.0	22.08019715011065	
1.3228186114890284	1494.0	6.091384958426642	1568.0	6.508549861187038	1976.0	0.0	6267.547607421875	8767.0	787.0	0.665	0.7226720647773279	-53.0	0.2874493927125506	-335.0	-9.512157822296988	-1454.0	398.0	-6.106461015645175	483.0	21.098978354397794	
1.3918950090787325	1476.0	5.856167574539899	1587.0	6.721403747364717	1970.0	0.0	6306.610107421875	10047.0	781.0	0.65	0.7246963562753036	-52.0	0.3157894736842105	-349.0	-9.435693531120968	-1412.0	154.0	-2.350181804188933	478.0	20.49207283287111	
1.6291881128036576	1457.0	5.775954137508613	1593.0	6.951088072311943	1950.0	0.0	6345.672607421875	11327.0	772.0	0.6275000000000001	0.7408906882591093	-44.0	0.3076923076923077	-345.0	-11.056736504052608	-1269.0	-22.0	0.4435989520063358	584.0	18.3257494773212	
1.6992373204140865	1437.0	5.638017755694374	1604.0	7.18999369217345	1944.0	0.0	6384.735107421875	12607.0	772.0	0.6275000000000001	0.7408906882591093	-44.0	0.3076923076923077	-345.0	-12.295458021104146	-1179.0	-75.0	1.322129185851034	665.0	16.95353125042841	
2.2007059347028126	1424.0	5.784879184567009	1591.0	7.354572112917886	1902.0	0.0	6423.797607421875	13887.0	767.0	0.615	0.7591093117408907	-35.0	0.31983805668016196	-351.0	-2.7985930570423614	-649.0	-93.0	1.3004629972216526	44.0	8.820738249735912	
1.8431496338256843	1426.0	5.743534811139868	1595.0	7.326073276898403	1932.0	0.0	6462.860107421875	15167.0	767.0	0.615	0.7591093117408907	-35.0	0.31983805668016196	-351.0	1.6975072641076618	-589.0	-19.0	-0.008329863617624167	-250.0	7.8869813016400245	
1.7001727960083264	1404.0	5.731565315118344	1596.0	7.589464359563655	1944.0	0.0	6501.922607421875	16447.0	762.0	0.6025	0.7469635627530364	-41.0	0.3076923076923077	-345.0	-2.5692001835142992	-746.0	85.0	-1.4613609859616108	29.0	10.281534924742196	
1.8325689201409294	1410.0	5.875939633140573	1584.0	7.52138665053892	1933.0	0.0	6540.985107421875	17727.0	761.0	0.6	0.7469635627530364	-41.0	0.3319838056680162	-357.0	-8.105214864658205	63.0	125.0	-1.7310465127604222	391.0	-2.134849209948841	
1.8469153585628946	1415.0	6.120107284860892	1564.0	7.466172504102124	1932.0	0.0	6580.047607421875	19007.0	761.0	0.6	0.7469635627530364	-41.0	0.3319838056680162	-357.0	-5.367793240556661	-32.0	130.0	-1.9320117850964038	212.0	-0.679132915150335	
1.8002726668748479	1408.0	6.217742877960982	1556.0	7.551996138444835	1936.0	0.0	6619.110107421875	20287.0	761.0	0.6	0.7469635627530364	-41.0	0.305668016194332	-344.0	-3.226793087628078	192.0	120.0	-1.8294679133586518	72.0	-4.115271815852936	
1.7672606559611121	1419.0	6.487970358015985	1534.0	7.42454044745487	1939.0	0.0	6658.172607421875	21567.0	761.0	0.6	0.7469635627530364	-41.0	0.305668016194332	-344.0	-0.6881786205841872	124.0	86.0	-1.4184913764988618	-94.0	-3.067737161731845	
1.8624760030062586	1416.0	6.485695538721104	1534.0	7.461591682852677	1931.0	0.0	6697.235107421875	22847.0	758.0	0.5925	0.7408906882591093	-44.0	0.3319838056680162	-357.0	1.6975072641076618	71.0	59.0	-1.106761841289615	-250.0	-2.2513622324991323	
1.506253401814528	1412.0	6.5777211338337285	1527.0	7.508062739827349	1961.0	0.0	6736.297607421875	24127.0	758.0	0.5925	0.7408906882591093	-44.0	0.3319838056680162	-357.0	-0.42820003058571654	325.0	134.0	-2.1363242711262806	-111.0	-6.159156705961225	
1.7807525736900127	1423.0	6.646685940429848	1521.0	7.379656907196099	1938.0	0.0	6775.360107421875	25407.0	758.0	0.5925	0.7368421052631579	-46.0	0.3360323886639676	-359.0	-7.799357699954122	152.0	160.0	-2.267949229588715	371.0	-3.505877282690241	
1.6741152399667674	1420.0	6.697238282391039	1517.0	7.415746159011343	1947.0	0.0	6814.422607421875	26687.0	759.0	0.595	0.757085020242915	-36.0	0.3502024291497976	-366.0	0.5505428964673498	327.0	70.0	-1.1907977225637318	-175.0	-6.18039040779185	
1.5072587289163852	1437.0	6.678253844019471	1519.0	7.208878628024975	1961.0	0.0	6853.485107421875	27967.0	759.0	0.595	0.757085020242915	-36.0	0.3502024291497976	-366.0	-0.18351429882244993	274.0	-8.0	0.030125309619218096	-127.0	-5.354923543589399	
1.7456622013711076	1429.0	6.7090772799679135	1516.0	7.308264673637165	1941.0	0.0	6892.547607421875	29247.0	759.0	0.595	0.7611336032388664	-34.0	0.3522267206477733	-367.0	-0.9328643523474538	49.0	-113.0	1.640549314031626	-78.0	-1.886310480467172	
1.8044450460575838	1431.0	6.634980796234566	1522.0	7.283274186867194	1936.0	0.0	6931.610107421875	30527.0	759.0	0.595	0.7611336032388664	-34.0	0.3522267206477733	-367.0	5.2301575164398235	109.0	-213.0	2.9413299398911197	-481.0	-2.7939716936960717	
1.625297575599979	1429.0	6.577376607616968	1527.0	7.304427013932435	1951.0	0.0	6970.672607421875	31807.0	762.0	0.6025	0.7611336032388664	-34.0	0.32186234817813764	-352.0	4.389050313503594	78.0	-240.0	3.3854937415836286	-426.0	-2.3138510622772746	
1.7092164513127168	1423.0	6.635930845557387	1522.0	7.378726444074878	1944.0	0.0	7009.735107421875	33087.0	762.0	0.6025	0.7530364372469636	-38.0	0.3360323886639676	-359.0	-0.030585716470408322	88.0	-252.0	3.748364330706932	-137.0	-2.46366719296729	
1.7819800274111324	1430.0	6.769431312541802	1511.0	7.297786739777958	1938.0	0.0	7048.797607421875	34367.0	762.0	0.6025	0.7530364372469636	-38.0	0.3360323886639676	-359.0	2.875057348218382	248.0	-293.0	4.287308091872529	-327.0	-4.913395140655619	
1.7832086854685898	1438.0	6.89229711828758	1501.0	7.203870800304775	1938.0	0.0	7087.860107421875	35647.0	763.0	0.605	0.757085020242915	-36.0	0.3360323886639676	-359.0	1.7433858388132744	283.0	-320.0	4.753219650262486	-253.0	-5.445792953106091	
