Device	Device	Device	Device	Device	Device	Device	Device	Device	Device	Device	Device	Device	Device	Device	Device	Device	Device	Device	Device	Device	
Low Noise Accelerometer X	Low Noise Accelerometer X	Low Noise Accelerometer Z	Low Noise Accelerometer Z	Low Noise Accelerometer Y	Low Noise Accelerometer Y	Event_Marker	Timestamp	Timestamp	Magnetometer Z	Magnetometer Z	Magnetometer X	Magnetometer X	Magnetometer Y	Magnetometer Y	Gyroscope Y	Gyroscope Y	Gyroscope Z	Gyroscope Z	Gyroscope X	Gyroscope X	
CAL	UNCAL	CAL	UNCAL	UNCAL	CAL	CAL	CAL	UNCAL	CAL	UNCAL	CAL	UNCAL	CAL	UNCAL	CAL	UNCAL	CAL	UNCAL	CAL	UNCAL	
m/(s^2)	no units	m/(s^2)	no units	no units	m/(s^2)	no units	ms	no units	local_flux	no units	local_flux	no units	local_flux	no units	deg/s	no units	deg/s	no units	deg/s	no units	
2.477732321027261	1889.0	9.72363246822078	1264.0	1867.0	2.1943028045189856	0.0	374.420166015625	12269.0	0.28695652173913044	1033.0	2.4767676767676767	469.0	-1.8742514970059883	178.0	3.692673368818732	846.0	-2.227871935915289	194.0	-12.234645364866896	-294.0	
2.5260025438353395	1883.0	9.745597477488111	1262.0	1863.0	2.267294313466246	0.0	393.951416015625	12909.0	0.2782608695652174	1029.0	2.4626262626262627	462.0	-1.8902195608782437	186.0	1.4212048551626772	659.0	-2.0036319409424492	182.0	-9.367824215852007	-144.0	
2.3165431683218034	1868.0	9.7096359254989	1265.0	1880.0	2.4455629957574834	0.0	413.482666015625	13549.0	0.27608695652173915	1028.0	2.4626262626262627	462.0	-1.9221556886227547	202.0	2.3082242313365846	502.0	-1.6361441663245366	147.0	-6.988861709993975	-200.0	
2.095622832133741	1856.0	9.71120663588276	1265.0	1898.0	2.5879478127524536	0.0	433.013916015625	14189.0	0.2891304347826087	1034.0	2.466666666666667	464.0	-1.880239520958084	181.0	1.0901452943894283	374.0	-1.0745139560658148	110.0	-5.029912859788	-119.0	
2.0212457391639167	1846.0	9.710299596014508	1265.0	1904.0	2.707676899134916	0.0	452.545166015625	14829.0	0.27608695652173915	1028.0	2.4585858585858587	460.0	-1.8902195608782437	186.0	-0.14296425000728277	286.0	0.12718963890501547	32.0	-3.679178722518939	-37.0	
1.9718614098769	1839.0	9.733995917116372	1263.0	1908.0	2.791757368450655	0.0	472.076416015625	15469.0	0.2717391304347826	1026.0	2.4545454545454546	458.0	-1.914171656686627	198.0	-0.7673060708176275	281.0	0.5424145982415068	7.0	-3.5968896769344094	4.0	
2.008060838813622	1833.0	9.768397391078187	1260.0	1905.0	2.864752534106146	0.0	491.607666015625	16109.0	0.2717391304347826	1026.0	2.466666666666667	464.0	-1.88622754491018	184.0	-1.5602419507158556	190.0	-0.32732349863891874	65.0	-2.204929899884476	56.0	
2.105831744721232	1832.0	9.802759948265651	1257.0	1897.0	2.8781220615081815	0.0	511.138916015625	16749.0	0.2826086956521739	1031.0	2.4545454545454546	458.0	-1.8982035928143715	190.0	-0.03075451046560353	162.0	0.2538376311492632	18.0	-1.7943692609789943	-43.0	
2.04389825363545	1827.0	9.766228126019268	1260.0	1902.0	2.937378372230281	0.0	530.670166015625	17389.0	0.27608695652173915	1028.0	2.4626262626262627	462.0	-1.9321357285429144	207.0	2.4077636227753287	146.0	-0.16549713119850318	34.0	-1.5754084347068409	-202.0	
1.9945247182462242	1825.0	9.730165390416749	1263.0	1906.0	2.9606203950625325	0.0	550.201416015625	18029.0	0.26956521739130435	1025.0	2.4525252525252523	457.0	-1.9301397205588824	206.0	2.715209312777514	135.0	-0.2835423889205363	40.0	-1.4111825113787257	-222.0	
1.9698961274578686	1823.0	9.730180957126489	1263.0	1908.0	2.984470650363915	0.0	569.732666015625	18669.0	0.2891304347826087	1034.0	2.466666666666667	464.0	-1.8982035928143715	190.0	1.8427048408604363	111.0	-0.41732688310889265	52.0	-1.037438455252711	-165.0	
2.0304828044396834	1819.0	9.740186371698075	1262.0	1903.0	3.033369342363786	0.0	589.263916015625	19309.0	0.2739130434782609	1027.0	2.4545454545454546	458.0	-1.8882235528942117	185.0	0.07919235613924404	96.0	-0.49861443818310597	65.0	-0.7916664482762213	-50.0	
2.116075197781655	1824.0	9.703084279194517	1265.0	1896.0	2.973613281516749	0.0	608.795166015625	19949.0	0.2739130434782609	1027.0	2.4727272727272727	467.0	-1.918163672654691	200.0	0.47376228062617987	135.0	-0.35242523170469253	55.0	-1.3887680410572125	-76.0	
2.0548743700438927	1823.0	9.691886689626092	1266.0	1901.0	2.9849374901147714	0.0	628.326416015625	20589.0	0.28043478260869564	1030.0	2.4505050505050505	456.0	-1.940119760479042	211.0	2.2384390445712707	103.0	-0.8695270087867842	80.0	-0.9197227934875378	-191.0	
1.957099146577166	1822.0	9.68142775512038	1267.0	1909.0	2.995903341306131	0.0	647.857666015625	21229.0	0.2826086956521739	1031.0	2.4686868686868686	465.0	-1.88622754491018	184.0	2.963121447588433	90.0	-0.73297110055829	67.0	-0.7292509863390022	-238.0	
1.956614302311083	1821.0	9.644618581100278	1270.0	1909.0	3.0075785938943533	0.0	667.388916015625	21869.0	0.27608695652173915	1028.0	2.4585858585858587	460.0	-1.9341317365269464	208.0	2.0158990929213423	71.0	-0.5886483375459215	61.0	-0.4308053787619131	-176.0	
2.017571628526024	1821.0	9.643387489329092	1270.0	1904.0	3.008175856238791	0.0	686.920166015625	22509.0	0.2739130434782609	1027.0	2.466666666666667	464.0	-1.9101796407185632	196.0	0.6175927315329158	47.0	-1.120619628922724	102.0	-0.05180330374118468	-85.0	
1.9806373774617239	1822.0	9.595603594030193	1274.0	1907.0	2.995280482004075	0.0	706.451416015625	23149.0	0.2782608695652174	1029.0	2.4565656565656564	459.0	-1.8982035928143715	190.0	0.5758869985522211	37.0	-0.838942988882989	83.0	0.100705008341474	-82.0	
2.041476191084592	1823.0	9.570230444577884	1276.0	1902.0	2.9835869458746958	0.0	725.982666015625	23789.0	0.2782608695652174	1029.0	2.4545454545454546	458.0	-1.914171656686627	198.0	0.4993283888090157	31.0	-0.9122272184995601	88.0	0.19272534729061708	-77.0	
2.0047789652044377	1822.0	9.570730664641228	1276.0	1905.0	2.9952731685876124	0.0	745.513916015625	24429.0	0.2826086956521739	1031.0	2.4606060606060605	461.0	-1.88622754491018	184.0	0.683313505170289	16.0	-1.1590456141053649	103.0	0.41902237825628197	-89.0	
2.029166213249531	1824.0	9.546334605251	1278.0	1903.0	2.971176694931992	0.0	765.045166015625	25069.0	0.2847826086956522	1032.0	2.4545454545454546	458.0	-1.9021956087824354	192.0	0.4714537551998778	19.0	-0.8126399979916195	81.0	0.37551359933013057	-75.0	
2.0656242551659805	1826.0	9.50950208116629	1281.0	1900.0	2.9470765645681416	0.0	784.576416015625	25709.0	0.2847826086956522	1032.0	2.4585858585858587	460.0	-1.9341317365269464	208.0	-0.09570336954543684	22.0	-0.6963782483116816	76.0	0.33555779415172815	-38.0	
2.0527022853545303	1823.0	9.47246225550169	1284.0	1901.0	2.982721524926634	0.0	804.107666015625	26349.0	0.2739130434782609	1027.0	2.4424242424242424	452.0	-1.9221556886227547	202.0	0.13097634384276385	40.0	-0.7761671047619247	81.0	0.05952673846271305	-53.0	
2.004179925905398	1824.0	9.485875810258252	1283.0	1905.0	2.970322244108624	0.0	823.638916015625	26989.0	0.2847826086956522	1032.0	2.4585858585858587	460.0	-1.88622754491018	184.0	0.3563078051023276	58.0	-0.990794656597148	95.0	-0.2164908347050157	-68.0	
1.9921112908135992	1825.0	9.486360463611858	1283.0	1906.0	2.9581582115201575	0.0	843.170166015625	27629.0	0.28043478260869564	1030.0	2.4525252525252523	457.0	-1.8922155688622757	187.0	0.14914385376284708	98.0	-1.146943993549101	108.0	-0.8227842142030277	-55.0	
2.004300597277029	1824.0	9.498066056598496	1282.0	1905.0	2.9704453532857427	0.0	862.701416015625	28269.0	0.27608695652173915	1028.0	2.4565656565656564	459.0	-1.918163672654691	200.0	-0.4061776804547272	125.0	-1.0169052405136205	103.0	-1.2278773866935517	-19.0	
1.9919906194419679	1825.0	9.474170217271613	1284.0	1906.0	2.9580351023430387	0.0	882.232666015625	28909.0	0.2739130434782609	1027.0	2.4626262626262627	462.0	-1.88622754491018	184.0	-0.0936426366265396	175.0	-1.2331269848353807	118.0	-1.9914590108960923	-40.0	
1.9070166944150602	1827.0	9.488560862090257	1283.0	1913.0	2.9332328839987873	0.0	901.763916015625	29549.0	0.28043478260869564	1030.0	2.470707070707071	466.0	-1.8922155688622757	187.0	0.1606238417380237	208.0	-1.3956654273315634	129.0	-2.495902816364149	-57.0	
1.9428627443551212	1825.0	9.438584351667831	1287.0	1910.0	2.957187964936132	0.0	921.295166015625	30189.0	0.2739130434782609	1027.0	2.4585858585858587	460.0	-1.940119760479042	211.0	0.25173020353473174	242.0	-0.976524418266826	102.0	-3.0139241461418114	-63.0	
1.9944169995519423	1831.0	9.646264276031244	1270.0	1906.0	2.8874911501052285	0.0	940.826416015625	30829.0	0.26956521739130435	1025.0	2.4727272727272727	467.0	-1.9101796407185632	196.0	0.6305361488802479	325.0	-0.20276982807863048	52.0	-4.280069620043935	-88.0	
1.9358795771083006	1834.0	9.85544486058469	1253.0	1911.0	2.852853003413074	0.0	960.357666015625	31469.0	0.2782608695652174	1029.0	2.4545454545454546	458.0	-1.9001996007984034	191.0	3.057406321240737	457.0	-1.0709860044679635	104.0	-6.311942884505184	-248.0	
1.8056651662414451	1848.0	10.080915786596854	1235.0	1922.0	2.6851308697693463	0.0	979.888916015625	32109.0	0.2739130434782609	1027.0	2.4484848484848483	455.0	-1.9301397205588824	206.0	5.46399200221926	588.0	-2.4481438727124045	190.0	-8.328404178577326	-407.0	
1.6747159332470107	1857.0	10.293004291271933	1218.0	1933.0	2.577508527546393	0.0	999.420166015625	32749.0	0.2782608695652174	1029.0	2.4505050505050505	456.0	-1.9001996007984034	191.0	10.106110770008728	739.0	-4.04369006215929	281.0	-10.671403313023282	-712.0	
1.3761224001575463	1875.0	10.70572970934456	1185.0	1958.0	2.361782376516707	0.0	1018.951416015625	33389.0	0.28695652173913044	1033.0	2.4505050505050505	456.0	-1.9241516966067866	203.0	15.20652578882012	886.0	-5.91344719072336	388.0	-12.958148908078318	-1047.0	
1.0295064633419402	1902.0	11.085015176807714	1155.0	1987.0	2.0368078670039056	0.0	1038.482666015625	34029.0	0.2782608695652174	1029.0	2.4323232323232324	447.0	-1.9381237524950103	210.0	28.400330879974895	1151.0	-5.471118995179635	308.0	-17.120505209940436	-1909.0	
0.39257300529870226	1922.0	11.78548724462335	1099.0	2040.0	1.796479397679943	0.0	1058.013916015625	34669.0	0.2717391304347826	1026.0	2.4383838383838383	450.0	-1.944111776447106	213.0	38.51037158404468	1034.0	-3.0525532370564035	95.0	-15.442137936372767	-2565.0	
-0.2853996892238569	1942.0	12.035658852912652	1080.0	2096.0	1.5512375313959237	0.0	1077.545166015625	35309.0	0.2847826086956522	1032.0	2.422222222222222	442.0	-1.9221556886227547	202.0	44.61867226073388	835.0	1.5886506939143321	-251.0	-12.47660497355791	-2958.0	
-0.9314007703759049	1954.0	11.917476935936966	1091.0	2149.0	1.3990173881616343	0.0	1097.076416015625	35949.0	0.28695652173913044	1033.0	2.3878787878787877	425.0	-1.9321357285429144	207.0	45.546106277896186	498.0	9.400041795152871	-790.0	-7.36040402855843	-3010.0	
-1.3209027134977906	1964.0	11.86678904156502	1096.0	2181.0	1.2741335620758525	0.0	1116.607666015625	36589.0	0.29130434782608694	1035.0	2.3838383838383836	423.0	-1.9580838323353296	220.0	43.86859669940698	162.0	19.177453281694753	-1448.0	-2.23336277307772	-2891.0	
-1.4418368834977155	1971.0	11.883110516443216	1095.0	2191.0	1.1887500857270448	0.0	1136.138916015625	37229.0	0.29782608695652174	1038.0	2.375757575757576	419.0	-1.9321357285429144	207.0	41.09452115352731	-236.0	28.85853459465517	-2097.0	3.847609921544575	-2700.0	
-1.514255170387183	1974.0	11.921873870587477	1092.0	2197.0	1.15226895808634	0.0	1155.670166015625	37869.0	0.2826086956521739	1031.0	2.3555555555555556	409.0	-1.9520958083832338	217.0	38.114944244335284	-614.0	39.78047890648056	-2827.0	9.62645512029429	-2495.0	
-1.4270789377570976	1986.0	11.959582301120962	1089.0	2190.0	1.0089394914649636	0.0	1175.201416015625	38509.0	0.30217391304347824	1040.0	2.327272727272727	395.0	-1.976047904191617	229.0	34.86494046986652	-1044.0	50.494707398414974	-3544.0	16.1988791124116	-2272.0	
-1.2455300266411014	1988.0	11.797892693382956	1102.0	2175.0	0.9850416989565749	0.0	1194.732666015625	39149.0	0.2956521739130435	1037.0	2.323232323232323	393.0	-1.9560878243512976	219.0	35.744149934101316	-1482.0	61.15655578875355	-4277.0	22.85168397594416	-2318.0	
-1.323040257714222	1980.0	11.456135625986592	1130.0	2181.0	1.0772345681405546	0.0	1214.263916015625	39789.0	0.3130434782608696	1045.0	2.309090909090909	386.0	-1.9381237524950103	210.0	47.3627096756369	-1878.0	72.05601697047052	-5074.0	28.75831206674173	-3064.0	
-1.696791701122697	1960.0	10.898002144975115	1176.0	2211.0	1.3088795743180417	0.0	1233.795166015625	40429.0	0.3130434782608696	1045.0	2.264646464646465	364.0	-1.9520958083832338	217.0	61.27196527765217	-2236.0	85.45784425069071	-6047.0	34.06408643087368	-3958.0	
-2.116873990274917	1950.0	10.465140350776709	1212.0	2245.0	1.4208320611953789	0.0	1253.326416015625	41069.0	0.30869565217391304	1043.0	2.2545454545454544	359.0	-1.9500998003992018	216.0	68.24320245950398	-2443.0	101.06860363937072	-7129.0	37.14266303243918	-4400.0	
-2.228993334657971	1958.0	10.127936898432944	1240.0	2254.0	1.319953291059436	0.0	1272.857666015625	41709.0	0.32608695652173914	1051.0	2.195959595959596	330.0	-1.9241516966067866	203.0	63.11853762707427	-2679.0	117.57855774143404	-8216.0	40.78326329293078	-4053.0	
-1.9033102901972456	1964.0	9.696060990956179	1275.0	2227.0	1.2466022058027697	0.0	1292.388916015625	42349.0	0.33043478260869563	1053.0	2.1737373737373735	319.0	-1.9241516966067866	203.0	46.55280638565152	-2923.0	133.26075274061355	-9195.0	44.659947221314596	-2961.0	
-1.332461920670578	1974.0	9.345546180773848	1303.0	2180.0	1.1283236136853696	0.0	1311.920166015625	42989.0	0.32608695652173914	1051.0	2.1636363636363636	314.0	-1.9121756487025952	197.0	20.2471824925831	-3198.0	145.98879154945993	-9933.0	49.1055129659487	-1236.0	
-0.2909173535477338	1954.0	8.868563587733018	1340.0	2094.0	1.3749330888478766	0.0	1331.451416015625	43629.0	0.33260869565217394	1054.0	2.1515151515151514	308.0	-1.8742514970059883	178.0	4.61041906933731	-3523.0	155.11027621026028	-10482.0	54.204846379648835	-208.0	
0.8876272853875733	1933.0	8.693390316302322	1352.0	1997.0	1.6379788507156936	0.0	1350.982666015625	44269.0	0.34782608695652173	1061.0	2.1292929292929292	297.0	-1.8562874251497008	169.0	1.9426130643369368	-3645.0	162.73297935370002	-10983.0	56.087037747683624	-28.0	
2.6340991567102128	1968.0	8.544623853221784	1362.0	1854.0	1.2322691578101628	0.0	1370.513916015625	44909.0	0.3391304347826087	1057.0	2.109090909090909	287.0	-1.8642714570858285	173.0	1.3458729153178175	-3750.0	168.9924932115403	-11402.0	57.68996332407877	16.0	
3.9677410927213423	1941.0	8.096633713704414	1396.0	1744.0	1.5664268805943777	0.0	1390.045166015625	45549.0	0.341304347826087	1058.0	2.125252525252525	295.0	-1.850299401197605	166.0	3.6557818597427003	-4056.0	171.25425950536476	-11576.0	62.32085663007177	-130.0	
4.267758935695242	1912.0	7.961661176464366	1406.0	1719.0	1.9174749240131619	0.0	1409.576416015625	46189.0	0.36086956521739133	1067.0	2.111111111111111	288.0	-1.790419161676647	136.0	11.345355261431601	-4010.0	167.3887291479015	-11352.0	61.544341124191774	-634.0	
4.947155940102236	1881.0	7.989242449007643	1402.0	1663.0	2.2980386826862786	0.0	1429.107666015625	46829.0	0.3739130434782609	1073.0	2.098989898989899	282.0	-1.8023952095808387	142.0	7.473460500475952	-3989.0	159.60502167217152	-10814.0	61.26366843682034	-387.0	
6.0221417648507485	1863.0	7.17067117337599	1467.0	1574.0	2.517470298056965	0.0	1448.638916015625	47469.0	0.3652173913043478	1069.0	2.1191919191919193	292.0	-1.7624750499001998	122.0	-2.235838825355766	-3836.0	148.69470833336806	-10035.0	59.033765232360025	237.0	
6.7437840586024915	1830.0	6.562897892810866	1515.0	1514.0	2.916199349634615	0.0	1468.170166015625	48109.0	0.3695652173913044	1071.0	2.117171717171717	291.0	-1.7485029940119763	115.0	-8.487079783352833	-3600.0	134.92554276157483	-9078.0	55.5069240297727	633.0	
7.0783915858703	1776.0	6.53093804258611	1516.0	1486.0	3.5698282360435987	0.0	1487.701416015625	48749.0	0.3717391304347826	1072.0	2.109090909090909	287.0	-1.7345309381237528	108.0	-8.06153296232643	-3242.0	116.9278123331607	-7865.0	50.057801641410336	590.0	
6.919842091883823	1748.0	6.868789598735746	1488.0	1499.0	3.908970654255592	0.0	1507.232666015625	49389.0	0.3739130434782609	1073.0	2.096969696969697	281.0	-1.722554890219561	102.0	-5.739831325540961	-2644.0	97.27994921809051	-6541.0	40.93952759082195	420.0	
6.8005519867160125	1734.0	7.306762560535775	1452.0	1509.0	4.080832181617095	0.0	1526.763916015625	50029.0	0.3847826086956522	1078.0	2.113131313131313	289.0	-1.6846307385229544	83.0	-4.64728370189323	-2071.0	77.11771845068252	-5178.0	32.21377321724707	330.0	
6.893567057200166	1710.0	7.140597171293869	1465.0	1501.0	4.369257304935542	0.0	1546.295166015625	50669.0	0.3760869565217391	1074.0	2.109090909090909	287.0	-1.6906187624750502	86.0	-8.63856869298835	-1633.0	59.131241131706076	-3942.0	25.592089108983117	574.0	
6.4650168450890595	1692.0	7.181493722724295	1462.0	1536.0	4.582248238208253	0.0	1565.826416015625	51309.0	0.3804347826086957	1076.0	2.139393939393939	302.0	-1.6826347305389224	82.0	-9.751139408469513	-1203.0	43.428294001183716	-2872.0	19.063290861765307	632.0	
6.16900186404006	1673.0	7.073160481175807	1471.0	1560.0	4.80712041863288	0.0	1585.357666015625	51949.0	0.3717391304347826	1072.0	2.1333333333333333	299.0	-1.6566866267465072	69.0	-6.712147360267277	-812.0	29.436659872564555	-1937.0	13.08613288044678	421.0	
5.94061999267777	1672.0	7.418927092433798	1443.0	1579.0	4.820342458802921	0.0	1604.888916015625	52589.0	0.3804347826086957	1076.0	2.1333333333333333	299.0	-1.6546906187624753	68.0	-5.207474694165389	-412.0	17.16148755916015	-1109.0	6.987435963671692	311.0	
6.017059292863116	1687.0	7.567309263381824	1431.0	1573.0	4.64186778194799	0.0	1624.420166015625	53229.0	0.3760869565217391	1074.0	2.1313131313131315	298.0	-1.6806387225548904	81.0	-2.457448356055074	-20.0	6.518909641066351	-396.0	0.9979585139788018	121.0	
6.318791162749507	1727.0	7.997596044763393	1396.0	1549.0	4.167260257617297	0.0	1643.951416015625	53869.0	0.3739130434782609	1073.0	2.1414141414141414	303.0	-1.6766467065868265	79.0	-1.2919214394043004	373.0	-4.477546368466755	348.0	-4.990883066974779	34.0	
6.146510420957606	1770.0	8.54791286402053	1352.0	1564.0	3.652968329235322	0.0	1663.482666015625	54509.0	0.3804347826086957	1076.0	2.125252525252525	295.0	-1.664670658682635	73.0	5.363869602751441	708.0	-16.7759676533771	1151.0	-10.152498011616869	-411.0	
5.9304773854624235	1786.0	8.702442710469622	1340.0	1582.0	3.4595822130075122	0.0	1683.013916015625	55149.0	0.3804347826086957	1076.0	2.1151515151515152	290.0	-1.7065868263473056	94.0	9.344362709617092	786.0	-30.39386334920852	2044.0	-11.37861472975777	-680.0	
5.6009717151415455	1798.0	8.529098130922781	1355.0	1609.0	3.3099753972558226	0.0	1702.545166015625	55789.0	0.3739130434782609	1073.0	2.1292929292929292	297.0	-1.6786427145708585	80.0	7.271030495465322	648.0	-43.3769920605967	2914.0	-9.259022092026898	-552.0	
5.634634886494452	1791.0	8.319456243080337	1372.0	1606.0	3.3925529594885178	0.0	1722.076416015625	56429.0	0.3826086956521739	1077.0	2.1191919191919193	292.0	-1.6706586826347307	76.0	-1.9838199679096795	532.0	-55.906873086413185	3788.0	-7.4022150322600675	44.0	
5.3160880623455515	1791.0	8.167384717867336	1385.0	1632.0	3.3878467759948987	0.0	1741.607666015625	57069.0	0.3760869565217391	1074.0	2.1272727272727274	296.0	-1.7085828343313376	95.0	-29.86292063753025	477.0	-79.00744400772727	5456.0	-6.286922124423177	1846.0	
5.058332558669238	1770.0	8.25287989270131	1378.0	1653.0	3.639136220899246	0.0	1761.138916015625	57709.0	0.3739130434782609	1073.0	2.1373737373737374	301.0	-1.7005988023952099	91.0	-38.90635718664254	512.0	-89.58611335559	6205.0	-6.728807150567035	2428.0	
