Device	Device	Device	Device	Device	Device	Device	Device	Device	Device	Device	Device	Device	Device	Device	Device	Device	Device	Device	Device	Device	
Low Noise Accelerometer X	Low Noise Accelerometer X	Low Noise Accelerometer Z	Low Noise Accelerometer Z	Low Noise Accelerometer Y	Low Noise Accelerometer Y	Event_Marker	Timestamp	Timestamp	Magnetometer Z	Magnetometer Z	Magnetometer X	Magnetometer X	Magnetometer Y	Magnetometer Y	Gyroscope Y	Gyroscope Y	Gyroscope Z	Gyroscope Z	Gyroscope X	Gyroscope X	
CAL	UNCAL	CAL	UNCAL	CAL	UNCAL	CAL	CAL	UNCAL	CAL	UNCAL	UNCAL	CAL	CAL	UNCAL	CAL	UNCAL	UNCAL	CAL	UNCAL	CAL	
m/(s^2)	no units	m/(s^2)	no units	m/(s^2)	no units	no units	ms	no units	local_flux	no units	no units	local_flux	local_flux	no units	deg/s	no units	no units	deg/s	no units	deg/s	
7.089975554620615	2059.0	6.616603081109104	1521.0	-0.2305031225906479	1492.0	0.0	983.001708984375	32211.0	1.3675	1068.0	-302.0	0.21862348178137653	-0.6963562753036437	151.0	16.79155834225417	-130.0	824.0	-13.507546614952961	-1237.0	0.7088711350473402	
3.9924240620894675	2051.0	6.385263351803886	1545.0	-0.16971988993338905	1752.0	0.0	1002.532958984375	32851.0	1.3675	1068.0	-302.0	0.21862348178137653	-0.6963562753036437	151.0	13.794158128154153	111.0	1415.0	-22.44068617772569	-1041.0	-3.078480822188489	
8.006530569688724	2018.0	6.605437921253281	1520.0	0.2724150279773745	1415.0	0.0	1022.064208984375	33491.0	1.3675	1068.0	-307.0	0.20850202429149797	-0.6437246963562753	125.0	-8.426364887597492	75.0	960.0	-14.559254171835077	412.0	-2.4472650904370865	
7.65506386542078	2052.0	5.982577018268418	1572.0	-0.15319541134186965	1444.0	0.0	1041.595458984375	34131.0	1.3675	1068.0	-307.0	0.20850202429149797	-0.6437246963562753	125.0	-1.896314421165316	87.0	885.0	-13.665035607950756	-15.0	-2.622456708695742	
8.108552475327047	2035.0	6.093342770799906	1562.0	0.05837406691625656	1406.0	0.0	1061.126708984375	34771.0	1.3675	1068.0	-307.0	0.20850202429149797	-0.6437246963562753	125.0	18.90197277871234	5.0	652.0	-10.925759509999958	-1375.0	-1.3368162877499923	
9.538061921187907	2040.0	6.187144499743064	1552.0	0.014304232098306627	1286.0	0.0	1080.657958984375	35411.0	1.37	1069.0	-300.0	0.22267206477732793	-0.6437246963562753	125.0	-4.893714635265331	-164.0	1227.0	-18.84386548897768	181.0	1.1772203906833398	
7.386018985950884	2015.0	6.459041452231229	1533.0	0.29942656107280813	1467.0	0.0	1100.189208984375	36051.0	1.37	1069.0	-300.0	0.22267206477732793	-0.6437246963562753	125.0	8.395779171127085	-304.0	859.0	-13.73677063823823	-688.0	3.376519051328221	
7.756060673118718	1991.0	6.558448264252668	1524.0	0.5942717406909392	1436.0	0.0	1119.720458984375	36691.0	1.37	1069.0	-300.0	0.22267206477732793	-0.6437246963562753	125.0	25.58495182749656	-343.0	789.0	-13.353602787969617	-1812.0	3.9787855924977786	
6.760160560108071	2026.0	5.777960772711881	1590.0	0.14701624274206535	1519.0	0.0	1139.251708984375	37331.0	1.37	1069.0	-300.0	0.22267206477732793	-0.6437246963562753	125.0	11.591986542284754	-287.0	544.0	-9.017073941824407	-897.0	3.162859796104236	
8.36696194451985	1974.0	6.93428969008028	1492.0	0.8127168590299365	1385.0	0.0	1158.782958984375	37971.0	1.3725	1070.0	-305.0	0.2125506072874494	-0.6437246963562753	125.0	-7.631136259366876	-193.0	761.0	-11.57141778873378	360.0	1.694934893771401	
7.288841158155552	2008.0	6.265068196507572	1549.0	0.37891266707797205	1475.0	0.0	1178.314208984375	38611.0	1.3725	1070.0	-305.0	0.2125506072874494	-0.6437246963562753	125.0	-20.584187184584803	368.0	-215.0	4.044300141356075	1207.0	-6.757163259135773	
7.952249681104862	2009.0	7.129730015248059	1477.0	0.3907917959111905	1420.0	0.0	1197.845458984375	39251.0	1.3725	1070.0	-305.0	0.2125506072874494	-0.6437246963562753	125.0	-23.138094509863897	571.0	-40.0	1.4859680145681946	1374.0	-9.897676763003007	
7.823213128721059	1995.0	6.130836681629745	1559.0	0.5381982625101669	1430.0	0.0	1217.376708984375	39891.0	1.3675	1068.0	-294.0	0.23481781376518218	-0.6396761133603239	123.0	-14.87995106285365	260.0	-93.0	1.9231364065655252	834.0	-5.121170661406189	
7.95648304292814	2018.0	6.362590007099609	1540.0	0.2670575944266953	1419.0	0.0	1236.907958984375	40531.0	1.3675	1068.0	-294.0	0.23481781376518218	-0.6396761133603239	123.0	-9.603914971708214	282.0	-240.0	3.976456003428491	489.0	-5.4382161059163066	
7.530563693436284	2023.0	6.627797915056968	1519.0	0.2078615952355022	1455.0	0.0	1256.439208984375	41171.0	1.3675	1068.0	-294.0	0.23481781376518218	-0.6396761133603239	123.0	-4.205536014681145	340.0	-597.0	9.260355107627644	136.0	-6.275357167045559	
7.743449771482323	2010.0	6.4878342910893805	1530.0	0.3638176895607072	1437.0	0.0	1275.970458984375	41811.0	1.3675	1068.0	-294.0	0.23481781376518218	-0.6396761133603239	123.0	-6.942957638782689	384.0	-827.0	12.914155408872157	315.0	-6.91397644499061	
7.81411330812148	1994.0	6.411330812148031	1536.0	0.5557653396856213	1431.0	0.0	1295.501708984375	42451.0	1.35	1061.0	-300.0	0.22267206477732793	-0.6700404858299596	138.0	-7.799357699954122	643.0	-1318.0	20.540075234441392	371.0	-10.811938514189269	
7.922177339794681	1967.0	6.503448265182357	1528.0	0.8839895338823168	1422.0	0.0	1315.032958984375	43091.0	1.35	1061.0	-300.0	0.22267206477732793	-0.6700404858299596	138.0	-13.901208135800582	1085.0	-2268.0	35.463615956119604	770.0	-17.444964883863694	
8.096741662157893	1872.0	7.293213834836883	1462.0	2.0461088017520512	1408.0	0.0	1334.564208984375	43731.0	1.35	1061.0	-300.0	0.22267206477732793	-0.6700404858299596	138.0	-30.157516439822604	1592.0	-3126.0	49.3882419009799	1833.0	-25.085371839084416	
9.990184543025661	1690.0	9.732740016851663	1257.0	4.306604838538373	1251.0	0.0	1354.095458984375	44371.0	1.3375000000000001	1056.0	-283.0	0.25708502024291496	-0.7307692307692307	168.0	-58.69398990671357	2507.0	-3515.0	56.65307119837977	3699.0	-39.05292609329471	
9.419214874601037	1644.0	7.397677936294266	1449.0	4.808410767712859	1297.0	0.0	1373.626708984375	45011.0	1.3375000000000001	1056.0	-283.0	0.25708502024291496	-0.7307692307692307	168.0	-175.653769689555	3479.0	-3192.0	56.51215847233682	11347.0	-53.969173336252545	
12.265687258913813	1735.0	3.9496782723338133	1728.0	3.6715299561081034	1055.0	0.0	1393.157958984375	45651.0	1.3375000000000001	1056.0	-283.0	0.25708502024291496	-0.7307692307692307	168.0	-210.30738645052762	4434.0	-5337.0	91.03631440398567	13613.0	-68.27791367044536	
10.945866116779989	1809.0	1.7294688208559916	1913.0	2.7223612905969676	1164.0	0.0	1412.689208984375	46291.0	1.21	1005.0	-187.0	0.451417004048583	-0.8582995951417004	231.0	-187.23046337360455	4259.0	-7511.0	123.52414492698158	12104.0	-65.26775072504353	
10.152208213908011	1965.0	0.9351071050868368	1981.0	0.8190194049637084	1230.0	0.0	1432.220458984375	46931.0	1.21	1005.0	-187.0	0.451417004048583	-0.8582995951417004	231.0	-146.52087475149108	3393.0	-8884.0	142.88077020990187	9442.0	-51.785861624278155	
9.218857610290877	2093.0	0.45718960051622376	2023.0	-0.7420411258626703	1308.0	0.0	1451.751708984375	47571.0	1.21	1005.0	-187.0	0.451417004048583	-0.8582995951417004	231.0	-102.5386144670439	1995.0	-9189.0	145.59827807605677	6566.0	-30.307098391557986	
9.578377331888015	2203.0	0.6948760459443992	2004.0	-2.0589934045574125	1278.0	0.0	1471.282958984375	48211.0	1.21	1005.0	-187.0	0.451417004048583	-0.8582995951417004	231.0	-53.72381098027222	495.0	-8929.0	139.4167521242646	3374.0	-7.352188163888551	
7.9318320468222945	2308.0	0.3260618250865669	2038.0	-3.3478953827890816	1416.0	0.0	1490.814208984375	48851.0	1.0925	958.0	-175.0	0.4757085020242915	-0.9534412955465588	278.0	-24.866187490441966	-930.0	-8406.0	129.99981381963002	1487.0	14.419531665893095	
6.800733698784563	2403.0	0.31146511655148434	2042.0	-4.504076613693172	1511.0	0.0	1510.345458984375	49491.0	1.0925	958.0	-175.0	0.4757085020242915	-0.9534412955465588	278.0	-6.65239333231381	-2586.0	-7540.0	115.6975600950733	296.0	39.68697406650237	
5.730520907931754	2424.0	0.43304317412779436	2034.0	-4.765359228642946	1601.0	0.0	1529.876708984375	50131.0	1.0925	958.0	-175.0	0.4757085020242915	-0.9534412955465588	278.0	-3.9302645664474696	-4142.0	-6775.0	103.58370576728898	118.0	63.44185209526688	
5.400094431575867	2454.0	0.7237288718723729	2011.0	-5.124295562584144	1629.0	0.0	1549.407958984375	50771.0	1.1275	972.0	-218.0	0.38866396761133604	-0.9068825910931174	255.0	-8.701636335831168	-5786.0	-5621.0	85.77296318793854	430.0	88.49007580343071	
5.9149547393109065	2463.0	1.0192834549001786	1986.0	-5.221669602785996	1586.0	0.0	1568.939208984375	51411.0	1.1275	972.0	-218.0	0.38866396761133604	-0.9068825910931174	255.0	-18.794922771065913	-7320.0	-4523.0	69.05327295955905	1090.0	111.86131683271053	
6.15595790393497	2488.0	1.3100761077826975	1962.0	-5.5146485373592125	1566.0	0.0	1588.470458984375	52051.0	1.1275	972.0	-218.0	0.38866396761133604	-0.9068825910931174	255.0	-18.749044196360302	-8853.0	-3116.0	47.17557047144534	1087.0	135.16563325573486	
6.472147035018556	2507.0	1.976608263760301	1907.0	-5.727071665579428	1540.0	0.0	1608.001708984375	52691.0	1.1275	972.0	-218.0	0.38866396761133604	-0.9068825910931174	255.0	-7.2488148034867725	-10336.0	-1653.0	23.986091432540988	335.0	157.68960773034507	
6.3118310983767945	2489.0	2.6116812662509217	1855.0	-5.499105895016514	1554.0	0.0	1627.532958984375	53331.0	1.2325	1014.0	-219.0	0.3866396761133603	-0.6943319838056681	150.0	-1.2693072335219453	-11549.0	-543.0	6.488236066392434	-56.0	176.1274878539891	
6.710817897416277	2482.0	3.2246468844848004	1804.0	-5.3985193652638515	1521.0	0.0	1647.064208984375	53971.0	1.2325	1014.0	-219.0	0.3866396761133603	-0.6943319838056681	150.0	-13.56476525462609	-12415.0	406.0	-7.7491592933696065	748.0	189.27343674832767	
7.334219007144173	2455.0	3.6599959525125936	1767.0	-5.0582771679867395	1469.0	0.0	1666.595458984375	54611.0	1.2325	1014.0	-219.0	0.3866396761133603	-0.6943319838056681	150.0	-45.71035326502524	-13019.0	929.0	-14.600247512170412	2850.0	198.47299399564707	
7.107360628040564	2470.0	3.5932056611991845	1773.0	-5.24260444917031	1488.0	0.0	1686.126708984375	55251.0	1.3225	1050.0	-178.0	0.46963562753036436	-0.354251012145749	-18.0	-84.73772748126626	-13038.0	1254.0	-18.040954812241566	5402.0	198.73013211215073	
7.342470328732379	2460.0	3.2946519208569707	1797.0	-5.125742499259392	1468.0	0.0	1705.657958984375	55891.0	1.3225	1050.0	-178.0	0.46963562753036436	-0.354251012145749	-18.0	-116.07279400519958	-12833.0	1598.0	-22.04718895273774	7451.0	195.54445062083016	
8.744982691435718	2446.0	3.069697715000341	1813.0	-4.94754176095431	1350.0	0.0	1725.189208984375	56531.0	1.3225	1050.0	-178.0	0.46963562753036436	-0.354251012145749	-18.0	-125.49319467808535	-12394.0	1843.0	-25.37132920531069	8067.0	188.77498089238762	
9.861927559232115	2405.0	2.8594225898782204	1828.0	-4.446601911164332	1256.0	0.0	1744.720458984375	57171.0	1.27	1029.0	-68.0	0.6923076923076923	-0.018218623481781375	-184.0	-123.4898302492736	-12062.0	1781.0	-24.44691310747118	7936.0	183.68985647886853	
11.91287322539801	2371.0	3.192084444562985	1797.0	-4.0098006631921095	1084.0	0.0	1764.251708984375	57811.0	1.27	1029.0	-68.0	0.6923076923076923	-0.018218623481781375	-184.0	-102.79859305704237	-11584.0	1396.0	-19.279566877254634	6583.0	176.40686675258698	
12.350423440487505	2343.0	2.899486905893468	1820.0	-3.6739277142242432	1047.0	0.0	1783.782958984375	58451.0	1.27	1029.0	-68.0	0.6923076923076923	-0.018218623481781375	-184.0	-73.31396237956875	-11309.0	769.0	-10.772935386681372	4655.0	172.27220006150839	
12.541212615569796	2331.0	2.9307853665033203	1817.0	-3.5268155400082115	1031.0	0.0	1803.314208984375	59091.0	1.27	1029.0	-68.0	0.6923076923076923	-0.018218623481781375	-184.0	-30.46337360452669	-10999.0	-153.0	1.7417909607959576	1853.0	167.64055739096443	
12.268887212036715	2303.0	3.079197394147537	1805.0	-3.1892211559002965	1054.0	0.0	1822.845458984375	59731.0	1.17	989.0	-1.0	0.8279352226720648	0.26720647773279355	-325.0	8.48753632053831	-10824.0	-1341.0	18.483044959922065	-694.0	165.1226852907838	
11.652632575391799	2292.0	3.3584956344180554	1783.0	-3.057267616979408	1106.0	0.0	1842.376708984375	60371.0	1.17	989.0	-1.0	0.8279352226720648	0.26720647773279355	-325.0	39.08854564918184	-10495.0	-2564.0	36.12021460714128	-2695.0	160.25072186373293	
10.283613811267205	2290.0	3.3613811267206386	1785.0	-3.046803709232433	1221.0	0.0	1861.907958984375	61011.0	1.17	989.0	-1.0	0.8279352226720648	0.26720647773279355	-325.0	47.912524850894634	-10122.0	-3605.0	51.83583988965255	-3272.0	154.68438571207744	
10.008240849317245	2262.0	3.2050373126768847	1798.0	-2.7153349175424464	1244.0	0.0	1881.439208984375	61651.0	1.1025	962.0	-7.0	0.8157894736842105	0.4534412955465587	-417.0	32.89493806392415	-9881.0	-4594.0	67.68498279951076	-2290.0	151.14485657956791	
9.98305303182844	2227.0	3.0672079447487013	1809.0	-2.296656636087946	1246.0	0.0	1900.970458984375	62291.0	1.1025	962.0	-7.0	0.8157894736842105	0.4534412955465587	-417.0	11.851965132283224	-9498.0	-5012.0	75.01451816949096	-914.0	145.34121469220588	
9.85062077760569	2191.0	2.919220617711761	1821.0	-1.8672057654118768	1257.0	0.0	1920.501708984375	62931.0	1.1025	962.0	-7.0	0.8157894736842105	0.4534412955465587	-417.0	3.5326502523321612	-8959.0	-5153.0	77.59863621255695	-370.0	137.09637918090723	
9.472492087324676	2144.0	3.201589684848621	1798.0	-1.2990746107309854	1289.0	0.0	1940.032958984375	63571.0	1.1025	962.0	-7.0	0.8157894736842105	0.4534412955465587	-417.0	-0.13763572411683744	-8400.0	-4960.0	74.86272287183402	-130.0	128.49145368260818	
9.023557484350082	2096.0	3.5462246254843093	1770.0	-0.7183580049359697	1327.0	0.0	1959.564208984375	64211.0	0.985	915.0	26.0	0.8825910931174089	0.5384615384615384	-459.0	-4.878421777030128	-7640.0	-4557.0	68.97051530993934	180.0	116.7707240268143	
9.551146983049177	2083.0	3.924222114441449	1738.0	-0.5488956541457395	1283.0	0.0	1979.095458984375	64851.0	0.985	915.0	26.0	0.8825910931174089	0.5384615384615384	-459.0	-13.396543814038845	-6661.0	-3905.0	59.43319014606803	737.0	101.65310127387131	
9.970884942003627	2071.0	4.231351343219886	1712.0	-0.3939773767276142	1248.0	0.0	1998.626708984375	65491.0	0.985	915.0	26.0	0.8825910931174089	0.5384615384615384	-459.0	-10.261507875821993	-5787.0	-3085.0	46.82971575762491	532.0	88.1159878127857	
9.511985158709344	2012.0	4.769944442362992	1668.0	0.323048860916281	1287.0	0.0	2018.157958984375	595.0	0.8675	868.0	48.0	0.9271255060728745	0.5708502024291499	-475.0	-2.0492430035173577	-5046.0	-2289.0	34.37190345557922	-5.0	76.62114729909469	
8.609810567847184	1985.0	5.028675832337523	1648.0	0.644502947626427	1363.0	0.0	2037.689208984375	1235.0	0.8675	868.0	48.0	0.9271255060728745	0.5708502024291499	-475.0	9.542743538767397	-4081.0	-1776.0	26.166025171121472	-763.0	61.731661786159584	
7.03043847646807	2010.0	4.2343238372831	1716.0	0.3116173675344391	1495.0	0.0	2057.220458984375	1875.0	0.8675	868.0	48.0	0.9271255060728745	0.5708502024291499	-475.0	19.804251414589388	-3255.0	-1672.0	24.282744735130457	-1434.0	49.038285480188506	
6.304677453827603	2043.0	4.277269192284069	1714.0	-0.09237169703772932	1556.0	0.0	2076.751708984375	2515.0	0.8175	848.0	53.0	0.937246963562753	0.5870445344129555	-483.0	18.15262272518734	-2929.0	-1734.0	25.35242536222611	-1326.0	44.04668061391074	
5.847019311923984	2104.0	4.940026430493686	1661.0	-0.8186328927287178	1595.0	0.0	2096.282958984375	3155.0	0.8175	848.0	53.0	0.937246963562753	0.5870445344129555	-483.0	10.84263648875975	-2964.0	-1659.0	24.485872231356932	-848.0	44.575072010636426	
5.362683764725504	2209.0	5.315995520169444	1632.0	-2.0810171073710424	1636.0	0.0	2115.814208984375	3795.0	0.8175	848.0	53.0	0.937246963562753	0.5870445344129555	-483.0	5.979507569964827	-3408.0	-1364.0	20.074945552322408	-530.0	51.34391348805354	
5.4326023752783765	2283.0	5.164999432599594	1645.0	-2.974904108077152	1630.0	0.0	2135.345458984375	4435.0	0.8175	848.0	53.0	0.937246963562753	0.5870445344129555	-483.0	-1.0857929346994954	-4574.0	-842.0	12.149899479803706	-68.0	69.156330972702	
6.484625661079849	2305.0	4.4149470603659	1705.0	-3.2444451636276663	1541.0	0.0	2154.876708984375	5075.0	0.7475	820.0	61.0	0.9534412955465588	0.6052631578947368	-492.0	2.64566447469032	-5928.0	-121.0	0.7034200767060177	-312.0	89.81829705177213	
10.139284944352863	2360.0	3.2142087210006665	1798.0	-3.8945639399918797	1233.0	0.0	2174.407958984375	5715.0	0.7475	820.0	61.0	0.9534412955465588	0.6052631578947368	-492.0	15.889279706377124	-7122.0	702.0	-12.667791378473613	-1178.0	108.00589842502147	
13.50175978366389	2323.0	2.5569307473414087	1846.0	-3.428301618541834	950.0	0.0	2193.939208984375	6355.0	0.7475	820.0	61.0	0.9534412955465588	0.6052631578947368	-492.0	38.09450986389356	-8790.0	763.0	-14.75005552774887	-2630.0	133.57967452528104	
16.399496009396316	2302.0	3.0448390348696317	1801.0	-3.136554042341174	707.0	0.0	2213.470458984375	6995.0	0.6575	784.0	42.0	0.9149797570850202	0.7408906882591093	-559.0	107.43232910230923	-10189.0	492.0	-13.569766204817693	-7164.0	155.0584100562271	
16.978168734732822	2238.0	3.7692544256631058	1740.0	-2.345194669922542	659.0	0.0	2233.001708984375	7635.0	0.6575	784.0	42.0	0.9149797570850202	0.7408906882591093	-559.0	150.711117907937	-11199.0	-1061.0	8.430535445919201	-9994.0	170.77634156744065	
19.45113528428964	2201.0	3.4468617622975564	1762.0	-1.8811297251641645	451.0	0.0	2252.532958984375	8275.0	0.6575	784.0	42.0	0.9149797570850202	0.7408906882591093	-559.0	164.9487689249121	-11688.0	-3471.0	44.85357238879424	-10925.0	178.64402444569245	
19.26011752239369	2161.0	2.202228429845331	1864.0	-1.426004858588795	466.0	0.0	2272.064208984375	8915.0	0.6575	784.0	42.0	0.9149797570850202	0.7408906882591093	-559.0	182.79553448539534	-12053.0	-7255.0	102.28438110018546	-12092.0	184.81906906802197	
16.894423875130222	2158.0	1.3471494177843626	1938.0	-1.430618796989396	664.0	0.0	2291.595458984375	9555.0	0.6125	766.0	2.0	0.8340080971659919	0.7793522267206477	-578.0	199.66355711882554	-11957.0	-11504.0	166.97709713901594	-13195.0	183.99292579723027	
16.23278410892684	2172.0	1.849839464112517	1898.0	-1.5958560925200473	720.0	0.0	2311.126708984375	10195.0	0.6125	766.0	2.0	0.8340080971659919	0.7793522267206477	-578.0	173.28337666309835	-11593.0	-15421.0	228.33429144004097	-11470.0	179.0211056886831	
16.702132831787893	2101.0	2.3561403216464725	1855.0	-0.7256149013937698	681.0	0.0	2330.657958984375	10835.0	0.6125	766.0	2.0	0.8340080971659919	0.7793522267206477	-578.0	164.9487689249121	-11384.0	-17921.0	267.151486212904	-10925.0	176.20228055186362	
15.388748892559706	1981.0	3.1606035416849183	1790.0	0.7231236561448376	792.0	0.0	2350.189208984375	11475.0	0.5875	756.0	37.0	0.9048582995951417	0.6153846153846154	-497.0	185.9611561400826	-11233.0	-19524.0	290.9895220533504	-12299.0	174.12364387789123	
13.742791468399183	1829.0	4.041051601823055	1719.0	2.5555983443108143	931.0	0.0	2369.720458984375	12115.0	0.5875	756.0	37.0	0.9048582995951417	0.6153846153846154	-497.0	208.88515063465363	-10522.0	-20705.0	308.34636180133543	-13798.0	163.38728439444424	
11.993983674794006	1616.0	4.160272241305188	1710.0	5.106759739405368	1078.0	0.0	2389.251708984375	12755.0	0.5875	756.0	37.0	0.9048582995951417	0.6153846153846154	-497.0	221.3335372381098	-9891.0	-21496.0	320.11143238988757	-14612.0	153.82256591205297	
9.171998631126478	1493.0	4.104625017409495	1718.0	6.559354655334153	1315.0	0.0	2408.782958984375	13395.0	0.655	783.0	48.0	0.9271255060728745	0.4291497975708502	-405.0	212.75424376816028	-8580.0	-21695.0	323.7164773330219	-14051.0	133.74199828568254	
7.295333739551281	1399.0	4.533373955128037	1685.0	7.6816931056547	1473.0	0.0	2428.314208984375	14035.0	0.655	783.0	48.0	0.9271255060728745	0.4291497975708502	-405.0	191.61951368710814	-7775.0	-21053.0	314.81087640577135	-12669.0	121.30063293161948	
5.757047615921465	1400.0	5.466666354051167	1611.0	7.67292789962578	1603.0	0.0	2447.845458984375	14675.0	0.655	783.0	48.0	0.9271255060728745	0.4291497975708502	-405.0	169.36840495488607	-6642.0	-19704.0	295.126088488121	-11214.0	103.71848506778747	
4.673417074735609	1442.0	6.627421759275227	1518.0	7.17928260593286	1695.0	0.0	2467.376708984375	15315.0	0.655	783.0	48.0	0.9271255060728745	0.4291497975708502	-405.0	142.2541673038691	-5663.0	-17894.0	268.52167044951415	-9441.0	88.43019138609712	
4.1392877045071135	1454.0	6.785913307854269	1506.0	7.032532829949145	1740.0	0.0	2486.907958984375	15955.0	0.74	817.0	32.0	0.8947368421052632	0.23076923076923078	-307.0	120.69123719223124	-4998.0	-15874.0	238.4170961804635	-8031.0	77.92506401075354	
3.233617688980536	1460.0	6.695102231386936	1515.0	6.949370751638026	1816.0	0.0	2506.439208984375	16595.0	0.74	817.0	32.0	0.8947368421052632	0.23076923076923078	-307.0	98.44012846000919	-4123.0	-13805.0	207.618611667588	-6576.0	64.1906559647655	
2.8205470241167347	1441.0	7.0547024116735	1486.0	7.1813477112457225	1851.0	0.0	2525.970458984375	17235.0	0.74	817.0	32.0	0.8947368421052632	0.23076923076923078	-307.0	73.482183820156	-3745.0	-11753.0	177.11360739025477	-4944.0	58.085391099220956	
2.4587405007075938	1420.0	7.778811975521279	1427.0	7.445223885481357	1882.0	0.0	2545.501708984375	17875.0	0.785	835.0	9.0	0.8481781376518218	0.10323886639676114	-244.0	46.6738033338431	-3270.0	-9973.0	150.88104914798683	-3191.0	50.53443577918894	
2.7723468003305736	1420.0	8.187060985438338	1393.0	7.456524928675927	1856.0	0.0	2565.032958984375	18515.0	0.785	835.0	9.0	0.8481781376518218	0.10323886639676114	-244.0	34.944181067441505	-2778.0	-8384.0	126.9857249527339	-2424.0	42.74599657743896	
2.2879838177628273	1401.0	8.560286538187478	1363.0	7.688061472555836	1897.0	0.0	2584.564208984375	19155.0	0.785	835.0	9.0	0.8481781376518218	0.10323886639676114	-244.0	35.632359688025694	-2258.0	-7201.0	108.84260300442466	-2469.0	34.58543385573091	
1.6333739411082193	1418.0	8.575489348917174	1363.0	7.4770001528954495	1952.0	0.0	2604.095458984375	19795.0	0.785	835.0	9.0	0.8481781376518218	0.10323886639676114	-244.0	33.49135953509711	-1693.0	-6303.0	95.2030438005919	-2329.0	25.77940499685202	
1.0979578403115176	1475.0	8.605307840675573	1362.0	6.785495373770843	1997.0	0.0	2623.626708984375	20435.0	0.8025	842.0	-6.0	0.8178137651821863	0.02834008097165992	-207.0	25.82963755925983	-1084.0	-5657.0	85.66698141176988	-1828.0	16.33925382516573	
0.6911323958110471	1516.0	8.398953866818998	1380.0	6.283324136234249	2031.0	0.0	2643.157958984375	21075.0	0.8025	842.0	-6.0	0.8178137651821863	0.02834008097165992	-207.0	12.173115155222511	-715.0	-5214.0	79.45614827998241	-935.0	10.615031023999764	
0.13169785873591067	1598.0	8.407881111686304	1381.0	5.289956528531928	2078.0	0.0	2662.689208984375	21715.0	0.8025	842.0	-6.0	0.8178137651821863	0.02834008097165992	-207.0	8.762807768771985	-427.0	-4853.0	74.08429802599315	-712.0	6.142101227919898	
-0.6631467875122892	1643.0	8.685321248771075	1360.0	4.745388210112346	2145.0	0.0	2682.220458984375	22355.0	0.8025	842.0	-11.0	0.8076923076923077	-0.058704453441295545	-164.0	13.014222358158742	-387.0	-4290.0	65.26105543800466	-990.0	5.440089455715018	
-1.3140935723849503	1665.0	9.066833237695453	1330.0	4.481448741078252	2200.0	0.0	2701.751708984375	22995.0	0.8025	842.0	-11.0	0.8076923076923077	-0.058704453441295545	-164.0	17.036244074017436	-637.0	-3466.0	52.38812757194716	-1253.0	9.14748109158567	
-2.2277145010184864	1713.0	9.371407041008492	1307.0	3.900090754846129	2277.0	0.0	2721.282958984375	23635.0	0.8025	842.0	-11.0	0.8076923076923077	-0.058704453441295545	-164.0	25.860223275730238	-885.0	-2302.0	34.09400579469221	-1830.0	12.769971821028093	
-2.6452546049037697	1728.0	9.284063319146867	1315.0	3.713445587803779	2312.0	0.0	2740.814208984375	24275.0	0.8300000000000001	853.0	-28.0	0.7732793522267206	-0.058704453441295545	-164.0	27.81770912983637	-1070.0	-1034.0	14.484588421587885	-1958.0	15.41260712405016	
-3.715992339529764	1718.0	9.353146999404567	1311.0	3.8246018117735163	2402.0	0.0	2760.345458984375	24915.0	0.8300000000000001	853.0	-28.0	0.7732793522267206	-0.058704453441295545	-164.0	36.13702400978743	-1435.0	310.0	-6.575827998473974	-2502.0	20.80273949506513	
-4.952588484122313	1744.0	9.5030563496735	1301.0	3.5019810252847767	2506.0	0.0	2779.876708984375	25555.0	0.8300000000000001	853.0	-28.0	0.7732793522267206	-0.058704453441295545	-164.0	44.94571035326503	-1673.0	1717.0	-28.60531655535897	-3078.0	24.234431720130008	
-4.926060945266419	1778.0	9.774857854310568	1279.0	3.09804377654921	2504.0	0.0	2799.407958984375	26195.0	0.8300000000000001	853.0	-28.0	0.7732793522267206	-0.058704453441295545	-164.0	36.56522404037315	-1691.0	2958.0	-47.360354472130695	-2530.0	24.32308204680854	
-5.327088068405362	1775.0	10.148336016606654	1249.0	3.137647646876995	2538.0	0.0	2818.939208984375	26835.0	0.8625	866.0	-54.0	0.7206477732793523	0.01417004048582996	-200.0	39.22618137329867	-2031.0	4206.0	-66.71407524602206	-2704.0	29.346669282832092	
-5.051048726597615	1749.0	10.371317816429043	1230.0	3.458120688339713	2515.0	0.0	2838.470458984375	27475.0	0.8625	866.0	-54.0	0.7206477732793523	0.01417004048582996	-200.0	27.802416271601164	-2189.0	5442.0	-85.29197075817947	-1957.0	31.58531874569426	
-4.622290433241908	1672.0	10.390004294856832	1227.0	4.39049284421532	2479.0	0.0	2858.001708984375	28115.0	0.8625	866.0	-54.0	0.7206477732793523	0.01417004048582996	-200.0	6.331243309374523	-2378.0	6919.0	-107.1795177619342	-553.0	34.26655068704231	
-3.350520552756602	1608.0	10.186039962434995	1241.0	5.170215593721133	2372.0	0.0	2877.532958984375	28755.0	0.8625	866.0	-73.0	0.6821862348178138	0.13157894736842105	-258.0	-19.192537085181222	-2380.0	8183.0	-125.60019395857618	1116.0	34.11303289239215	
-2.5884429084124494	1575.0	10.20332820637409	1238.0	5.57577249648914	2308.0	0.0	2897.064208984375	29395.0	0.8625	866.0	-73.0	0.6821862348178138	0.13157894736842105	-258.0	-19.95717999694143	-2333.0	9264.0	-142.18894850378666	1166.0	33.22595461500817	
-2.2026741140200623	1589.0	10.684969550374735	1198.0	5.420588312517896	2276.0	0.0	2916.595458984375	30035.0	0.8625	866.0	-73.0	0.6821862348178138	0.13157894736842105	-258.0	-15.537543966967428	-2190.0	10242.0	-157.38611102642386	877.0	30.879721826669936	
-2.192010036761456	1573.0	10.560901085759191	1208.0	5.610984668335521	2275.0	0.0	2936.126708984375	30675.0	0.8625	866.0	-73.0	0.6821862348178138	0.13157894736842105	-258.0	-7.875821991130143	-2149.0	11081.0	-170.59067502509393	376.0	30.118552356700114	
-2.240517393589777	1536.0	10.472070164831788	1215.0	6.054506108878809	2279.0	0.0	2955.657958984375	31315.0	0.8425	858.0	-91.0	0.645748987854251	0.26720647773279355	-325.0	-3.5785288270377738	-2108.0	11747.0	-180.99981235689273	95.0	29.385337153399004	
-1.1235484390666146	1515.0	10.264203712386141	1230.0	6.3145305175679	2185.0	0.0	2975.189208984375	31955.0	0.8425	858.0	-91.0	0.645748987854251	0.26720647773279355	-325.0	-24.00978742927053	-1979.0	12158.0	-186.48432346942062	1431.0	27.35105365037561	
0.4557591196073526	1473.0	9.861626246449541	1260.0	6.8282961402214495	2052.0	0.0	2994.720458984375	32595.0	0.8425	858.0	-91.0	0.645748987854251	0.26720647773279355	-325.0	-53.448539532038545	-1576.0	12263.0	-186.8600336780494	3356.0	21.16346963406499	
0.7772245384090716	1456.0	9.865310983764298	1259.0	7.036403766264196	2025.0	0.0	3014.251708984375	33235.0	0.8150000000000001	847.0	-117.0	0.5931174089068826	0.4251012145748988	-403.0	-49.59473925676709	-1141.0	12281.0	-187.22428124031737	3104.0	14.484976767157974	
0.6918681257193348	1483.0	9.66300304812395	1276.0	6.706202838605214	2032.0	0.0	3033.782958984375	33875.0	0.8150000000000001	847.0	-117.0	0.5931174089068826	0.4251012145748988	-403.0	-43.370545955039	-112.0	11562.0	-176.2566140541012	2697.0	-1.1948202451903902	
0.6703968922684748	1534.0	8.706355893514148	1355.0	6.072397351853208	2033.0	0.0	3053.314208984375	34515.0	0.8150000000000001	847.0	-117.0	0.5931174089068826	0.4251012145748988	-403.0	-42.544731610337976	209.0	11270.0	-171.74922489990428	2643.0	-6.075325607906516	
0.2503498301118954	1593.0	8.368316344522865	1384.0	5.350592716757841	2068.0	0.0	3072.845458984375	35155.0	0.7825	834.0	-141.0	0.5445344129554656	0.5242914979757085	-452.0	-45.985624713258915	298.0	11050.0	-168.21419133403515	2868.0	-7.405634317820941	
0.5746647674379967	1614.0	8.656952934275857	1360.0	5.10659654973339	2041.0	0.0	3092.376708984375	35795.0	0.7825	834.0	-141.0	0.5445344129554656	0.5242914979757085	-452.0	-41.73421012387215	206.0	10818.0	-164.8300215182871	2590.0	-5.96010012311597	
0.8050956487316728	1630.0	9.080993444595848	1325.0	4.924610584415378	2022.0	0.0	3111.907958984375	36435.0	0.7825	834.0	-141.0	0.5445344129554656	0.5242914979757085	-452.0	-34.02660957332926	164.0	10587.0	-161.5917945537559	2086.0	-5.283249539829412	
0.9089497024291386	1650.0	8.752113100056727	1352.0	4.678107662639883	2013.0	0.0	3131.439208984375	37075.0	0.7825	834.0	-141.0	0.5445344129554656	0.5242914979757085	-452.0	-37.32986695213336	238.0	10271.0	-156.58801907065236	2302.0	-6.3687035756996195	
0.8743021146459063	1720.0	8.858782893162063	1344.0	3.8365210886482544	2016.0	0.0	3150.970458984375	37715.0	0.7625000000000001	826.0	-181.0	0.46356275303643724	0.5890688259109311	-484.0	-40.54136718152623	132.0	10044.0	-152.9844140778069	2512.0	-4.706152258009925	
0.8658045797116739	1713.0	9.199505590215	1316.0	3.9275879166375613	2017.0	0.0	3170.501708984375	38355.0	0.7625000000000001	826.0	-181.0	0.46356275303643724	0.5890688259109311	-484.0	-34.08778100627008	-23.0	9897.0	-151.00534879495186	2090.0	-2.3079666381720134	
0.5711300381871247	1679.0	9.493956199664854	1292.0	4.34016873762818	2042.0	0.0	3190.032958984375	38995.0	0.7625000000000001	826.0	-181.0	0.46356275303643724	0.5890688259109311	-484.0	-31.151552225110876	194.0	9526.0	-145.38324829045456	1898.0	-5.581498586940145	
0.3749506648916862	1669.0	8.923637917740052	1339.0	4.447282505967573	2058.0	0.0	3209.564208984375	39635.0	0.755	823.0	-224.0	0.3765182186234818	0.576923076923077	-478.0	-39.13442422388745	575.0	9006.0	-137.00753907859803	2420.0	-11.34398976856717	
0.9551686145964112	1710.0	8.612099554879215	1364.0	3.9528780145929456	2009.0	0.0	3229.095458984375	40275.0	0.755	823.0	-224.0	0.3765182186234818	0.576923076923077	-478.0	-39.14971708212265	782.0	8679.0	-131.9456750841704	2421.0	-14.469679245854747	
0.8966163268835649	1697.0	8.709251735975538	1356.0	4.11086204136184	2014.0	0.0	3248.626708984375	40915.0	0.755	823.0	-224.0	0.3765182186234818	0.576923076923077	-478.0	-29.316409236886376	828.0	8507.0	-129.68642805201696	1778.0	-15.152933023806959	
0.25339953283493827	1696.0	8.67328661682716	1360.0	4.11575876380947	2068.0	0.0	3268.157958984375	41555.0	0.755	823.0	-224.0	0.3765182186234818	0.576923076923077	-478.0	-16.76097262578376	862.0	8409.0	-128.6760690372097	957.0	-15.664541878035132	
-0.2603492018339662	1699.0	8.488889340412905	1376.0	4.070788752621244	2111.0	0.0	3287.689208984375	42195.0	0.7575000000000001	824.0	-250.0	0.32388663967611336	0.6578947368421053	-518.0	-9.58862211347301	770.0	8379.0	-128.51562856017165	488.0	-14.251244976717262	
-0.4623177632573418	1704.0	8.530128436170576	1373.0	4.0093528850667415	2128.0	0.0	3307.220458984375	42835.0	0.7575000000000001	824.0	-250.0	0.32388663967611336	0.6578947368421053	-518.0	-5.153693225263802	494.0	8463.0	-130.02733422635194	198.0	-10.031284543736593	
-1.0894863035159037	1704.0	8.908512505552483	1343.0	4.010648881051794	2181.0	0.0	3326.751708984375	43475.0	0.7575000000000001	824.0	-250.0	0.32388663967611336	0.6578947368421053	-518.0	-6.010093286435235	271.0	8598.0	-132.10369238609297	254.0	-6.630228269572147	
-1.4474131287484109	1702.0	8.830115696587491	1350.0	4.0295980621623375	2211.0	0.0	3346.282958984375	44115.0	0.76	825.0	-304.0	0.2145748987854251	0.6497975708502024	-514.0	-8.502829178773514	37.0	8848.0	-135.88507312528228	417.0	-3.0774329009628123	
-1.5811586089388086	1689.0	8.550805772785788	1373.0	4.179300914908496	2222.0	0.0	3365.814208984375	44755.0	0.76	825.0	-304.0	0.2145748987854251	0.6497975708502024	-514.0	-9.558036397002601	-110.0	9256.0	-142.14075320451573	486.0	-0.8843506040107855	
-1.5204325528835592	1685.0	8.671030425929802	1363.0	4.230505439616267	2217.0	0.0	3385.345458984375	45395.0	0.76	825.0	-304.0	0.2145748987854251	0.6497975708502024	-514.0	-12.463679461691392	-277.0	9708.0	-149.00224311656973	676.0	1.6095632677755336	
-1.7354295094158994	1666.0	8.599906201267212	1369.0	4.455848648208294	2235.0	0.0	3404.876708984375	46035.0	0.76	825.0	-357.0	0.10728744939271255	0.6720647773279352	-525.0	-17.097415506958253	-417.0	10218.0	-156.68255485194825	979.0	3.680987862559235	
-1.356253075894678	1672.0	8.422311458151249	1383.0	4.383799361054681	2203.0	0.0	3424.407958984375	46675.0	0.76	825.0	-357.0	0.10728744939271255	0.6720647773279352	-525.0	-27.16011622572259	-603.0	10684.0	-163.47603619497818	1637.0	6.467127009540169	
-0.7002998648639667	1657.0	8.541442085031907	1372.0	4.573464397268866	2148.0	0.0	3443.939208984375	47315.0	0.76	825.0	-357.0	0.10728744939271255	0.6720647773279352	-525.0	-29.14818779629913	-961.0	11136.0	-170.4035303301614	1767.0	11.891177217797052	
-0.3407013326718158	1630.0	8.787009589961276	1351.0	4.907272937508652	2118.0	0.0	3463.470458984375	47955.0	0.76	825.0	-357.0	0.10728744939271255	0.6720647773279352	-525.0	-27.60360911454351	-1192.0	11534.0	-176.62227241661847	1666.0	15.373565521959335	
0.1923405512173087	1626.0	8.519769407445155	1372.0	4.955451323781558	2073.0	0.0	3483.001708984375	48595.0	0.7525000000000001	822.0	-415.0	-0.010121457489878543	0.7368421052631579	-557.0	-20.935922923994497	-1386.0	11855.0	-181.85592668912656	1230.0	18.298058808910486	
0.1903684357764174	1608.0	8.322557863356028	1388.0	5.168354841624885	2073.0	0.0	3502.532958984375	49235.0	0.7525000000000001	822.0	-415.0	-0.010121457489878543	0.7368421052631579	-557.0	-15.522251108732224	-1560.0	12180.0	-187.0978796555613	876.0	20.91557943575987	
0.38444054359456886	1589.0	8.682149597552122	1358.0	5.40640306003759	2057.0	0.0	3522.064208984375	49875.0	0.7525000000000001	822.0	-415.0	-0.010121457489878543	0.7368421052631579	-557.0	-16.592751185196516	-1674.0	12350.0	-189.68727573467888	946.0	22.63895661199493	
0.5629592329873856	1575.0	8.676875679690948	1358.0	5.576757467369475	2042.0	0.0	3541.595458984375	50515.0	0.7375	816.0	-494.0	-0.1700404858299595	0.7348178137651822	-556.0	-23.214558801039917	-1650.0	12389.0	-190.01859532851446	1379.0	22.267375808261583	
0.4538645831492249	1556.0	8.481696410160582	1374.0	5.800678598131089	2051.0	0.0	3561.126708984375	51155.0	0.7375	816.0	-494.0	-0.1700404858299595	0.7348178137651822	-556.0	-42.28475302033951	-1590.0	12254.0	-187.17026210342388	2626.0	21.375190121024993	
0.9970236581031682	1588.0	8.035699143650156	1410.0	5.411648074875722	2005.0	0.0	3580.657958984375	51795.0	0.7375	816.0	-494.0	-0.1700404858299595	0.7348178137651822	-556.0	-69.56721211194373	-1367.0	12006.0	-182.2304417998053	4410.0	18.002768468299323	
1.7105394861172656	1574.0	7.9587105164884555	1415.0	5.585918159407809	1945.0	0.0	3600.189208984375	52435.0	0.7375	816.0	-494.0	-0.1700404858299595	0.7348178137651822	-556.0	-86.20584187184586	-1386.0	11781.0	-178.1072183845687	5498.0	18.335545891956063	
2.6881390307669446	1591.0	8.09961736240875	1402.0	5.3936930146642785	1863.0	0.0	3619.720458984375	53075.0	0.7375	816.0	-550.0	-0.2834008097165992	0.7064777327935223	-542.0	-85.44119896008564	-1313.0	11571.0	-174.89665141886	5448.0	17.247504254570032	
3.5226868043797817	1625.0	8.221061390359125	1391.0	4.994828818742547	1793.0	0.0	3639.251708984375	53715.0	0.7375	816.0	-550.0	-0.2834008097165992	0.7064777327935223	-542.0	-75.39379109955651	-1599.0	11348.0	-171.91248987139065	4791.0	21.66586819626845	
4.040087791803589	1618.0	8.770683942263647	1345.0	5.095332629052465	1750.0	0.0	3658.782958984375	54355.0	0.7375	816.0	-550.0	-0.2834008097165992	0.7064777327935223	-542.0	-54.16730386909314	-1981.0	11060.0	-168.3904298153702	3403.0	27.56268155423237	
4.971777263121611	1629.0	9.082488216922968	1318.0	4.978355488776904	1672.0	0.0	3678.314208984375	54995.0	0.7525000000000001	822.0	-607.0	-0.39878542510121456	0.7186234817813765	-548.0	-36.656981189784375	-2151.0	10577.0	-161.68797237915288	2258.0	30.238268350475774	
5.633625142420908	1650.0	9.791085670662184	1259.0	4.74613386845191	1617.0	0.0	3697.845458984375	55635.0	0.7525000000000001	822.0	-607.0	-0.39878542510121456	0.7186234817813765	-548.0	-22.08288729163481	-2190.0	9705.0	-148.8648817652327	1305.0	30.96493411928185	
5.852536221426575	1680.0	10.253622142657438	1221.0	4.396127925549342	1599.0	0.0	3717.376708984375	56275.0	0.7525000000000001	822.0	-607.0	-0.39878542510121456	0.7186234817813765	-548.0	-10.200336442881175	-2056.0	8561.0	-131.72404355070614	528.0	29.080181691238376	
5.293037854525511	1709.0	10.25616640493209	1222.0	4.0411862367643785	1646.0	0.0	3736.907958984375	56915.0	0.7475	820.0	-676.0	-0.5384615384615384	0.7044534412955465	-541.0	-8.900443492888822	-1666.0	7172.0	-110.35238924690044	443.0	23.309549607607718	
4.9697824394364885	1758.0	10.073482038886908	1238.0	3.4439385495094523	1673.0	0.0	3756.439208984375	57555.0	0.7475	820.0	-676.0	-0.5384615384615384	0.7044534412955465	-541.0	-15.76693684049549	-1307.0	5810.0	-89.07414765974238	892.0	18.01366239021246	
5.0205734235805055	1768.0	10.390675691383928	1212.0	3.3303084046899896	1669.0	0.0	3775.970458984375	58195.0	0.7475	820.0	-676.0	-0.5384615384615384	0.7044534412955465	-541.0	-10.185043584645971	-1079.0	4712.0	-72.37439866663907	527.0	14.682117606091015	
4.317833940470985	1758.0	10.354822618527017	1216.0	3.4430458761125995	1728.0	0.0	3795.501708984375	58835.0	0.7475	820.0	-676.0	-0.5384615384615384	0.7044534412955465	-541.0	-6.713564765254627	-782.0	3825.0	-58.82498488352238	300.0	10.260300097459085	
4.13706654951628	1828.0	10.135226380199457	1235.0	2.5934727834605975	1743.0	0.0	3815.032958984375	59475.0	0.7575000000000001	824.0	-721.0	-0.6295546558704453	0.6680161943319838	-523.0	-12.295458021104146	-428.0	3142.0	-48.04239195212229	665.0	4.936178811796869	
3.6016519174224304	1785.0	10.16519174224301	1233.0	3.106790233537157	1788.0	0.0	3834.564208984375	60115.0	0.7575000000000001	824.0	-721.0	-0.6295546558704453	0.6680161943319838	-523.0	-10.169750726410767	-514.0	2593.0	-39.69659644165901	526.0	6.339262361500244	
2.8719948373537107	1822.0	9.818531354418672	1263.0	2.646777322449862	1849.0	0.0	3854.095458984375	60755.0	0.7575000000000001	824.0	-721.0	-0.6295546558704453	0.6680161943319838	-523.0	-14.283529591680686	-192.0	2138.0	-32.484434023332824	795.0	1.4704602477672857	
2.8494512724787606	1857.0	9.94512724787604	1253.0	2.2273970576823086	1851.0	0.0	3873.626708984375	61395.0	0.7675000000000001	828.0	-751.0	-0.6902834008097166	0.6255060728744939	-502.0	-18.657287046949076	-180.0	1726.0	-25.970807209232298	1081.0	1.351462712010792	
2.518207874222807	1816.0	10.154120755614025	1236.0	2.7222403974689664	1879.0	0.0	3893.157958984375	62035.0	0.7675000000000001	828.0	-751.0	-0.6902834008097166	0.6255060728744939	-502.0	-15.751643982260285	-349.0	1486.0	-22.421580299544182	891.0	3.980172719330782	
2.0847438275568106	1832.0	9.664858946157278	1277.0	2.515349436475822	1915.0	0.0	3912.689208984375	62675.0	0.7675000000000001	828.0	-751.0	-0.6902834008097166	0.6255060728744939	-502.0	-17.31151552225111	-200.0	1304.0	-19.537041314161254	993.0	1.7226900441240005	
2.202429010593762	1834.0	9.528615345090454	1288.0	2.489705030742686	1905.0	0.0	3932.220458984375	63315.0	0.7675000000000001	828.0	-751.0	-0.6902834008097166	0.6255060728744939	-502.0	-22.404037314574097	-248.0	1089.0	-16.03387260126633	1326.0	2.4942569468429454	
