Device	Device	Device	Device	Device	Device	Device	Device	Device	Device	Device	Device	Device	Device	Device	Device	Device	Device	Device	Device	Device	
Low Noise Accelerometer X	Low Noise Accelerometer X	Low Noise Accelerometer Z	Low Noise Accelerometer Z	Low Noise Accelerometer Y	Low Noise Accelerometer Y	Event_Marker	Timestamp	Timestamp	Magnetometer Z	Magnetometer Z	Magnetometer X	Magnetometer X	Magnetometer Y	Magnetometer Y	Gyroscope Y	Gyroscope Y	Gyroscope Z	Gyroscope Z	Gyroscope X	Gyroscope X	
CAL	UNCAL	UNCAL	CAL	CAL	UNCAL	CAL	CAL	UNCAL	CAL	UNCAL	UNCAL	CAL	UNCAL	CAL	UNCAL	CAL	CAL	UNCAL	CAL	UNCAL	
m/(s^2)	no units	no units	m/(s^2)	m/(s^2)	no units	no units	ms	no units	local_flux	no units	no units	local_flux	no units	local_flux	no units	deg/s	deg/s	no units	deg/s	no units	
9.732363041743547	2127.0	2107.0	-0.5732196351691081	-1.1671528104787177	1264.0	0.0	1052.886962890625	34501.0	-0.4975	322.0	7.0	0.8441295546558705	-283.0	0.18218623481781376	-731.0	-0.41290717235051233	2.038402979899331	-148.0	10.086365309528933	-112.0	
9.756410382094101	2126.0	2105.0	-0.5494379810662466	-1.1543885112220706	1262.0	0.0	1072.418212890625	35141.0	-0.4975	322.0	7.0	0.8441295546558705	-283.0	0.18218623481781376	-639.0	-0.04587857470561248	1.899412420051912	-139.0	8.673282907382966	-136.0	
9.709167813413382	2127.0	2102.0	-0.5117900872331614	-1.1661561718033004	1266.0	0.0	1091.949462890625	35781.0	-0.5	321.0	8.0	0.8461538461538461	-285.0	0.1862348178137652	-558.0	0.36702859764489987	1.7415184654685616	-129.0	7.428800791529015	-163.0	
9.637641325726793	2135.0	2103.0	-0.5215817130350333	-1.2634528113648786	1272.0	0.0	1111.480712890625	36421.0	-0.5	321.0	8.0	0.8461538461538461	-285.0	0.1862348178137652	-475.0	0.030585716470408322	1.2909074478251537	-98.0	6.150702537728215	-141.0	
9.708225111801113	2154.0	2110.0	-0.6060602484600728	-1.4933522068632386	1266.0	0.0	1131.011962890625	37061.0	-0.5	321.0	8.0	0.8461538461538461	-285.0	0.1862348178137652	-432.0	-0.45878574705612485	0.5634229874306873	-49.0	5.483614895824898	-109.0	
9.84014446561406	2169.0	2102.0	-0.5093629624035056	-1.6708219591702427	1255.0	0.0	1150.543212890625	37701.0	-0.5025000000000001	320.0	10.0	0.8502024291497976	-291.0	0.19838056680161945	-470.0	0.7799357699954123	-0.4147938884410919	11.0	6.056923106074927	-190.0	
9.959556755082215	2188.0	2099.0	-0.47289592035006156	-1.897814158085095	1245.0	0.0	1170.074462890625	38341.0	-0.5025000000000001	320.0	10.0	0.8502024291497976	-291.0	0.19838056680161945	-520.0	2.9056430646887907	-0.707434393509613	24.0	6.821220883930486	-329.0	
10.006522737641935	2261.0	2105.0	-0.538202426282751	-2.778168700667308	1241.0	0.0	1189.605712890625	38981.0	-0.5025000000000001	320.0	10.0	0.8502024291497976	-291.0	0.19838056680161945	-625.0	2.752714482336749	-0.19448379103405355	-10.0	8.437521174058357	-319.0	
10.439002870893647	2339.0	2073.0	-0.14733195825424594	-3.705785526118799	1205.0	0.0	1209.136962890625	39621.0	-0.5025000000000001	320.0	10.0	0.8502024291497976	-291.0	0.19838056680161945	-908.0	2.4009787429270535	-0.7160190609963455	22.0	12.774794696608081	-296.0	
11.320671310850525	2372.0	2066.0	-0.07572605780447475	-4.093127085156017	1131.0	0.0	1228.668212890625	40261.0	-0.505	319.0	13.0	0.8562753036437247	-287.0	0.1902834008097166	-1174.0	4.9090074935005354	-1.1801373523012928	43.0	16.85178616675626	-460.0	
11.70006264497298	2354.0	2078.0	-0.2318307407971668	-3.8755877955951292	1099.0	0.0	1248.199462890625	40901.0	-0.505	319.0	13.0	0.8562753036437247	-287.0	0.1902834008097166	-1287.0	8.992200642300046	2.6689599532966684	-219.0	18.624203793180353	-727.0	
11.415757529540969	2363.0	2067.0	-0.09091371256981665	-3.9840462411246613	1123.0	0.0	1267.730712890625	41541.0	-0.505	319.0	13.0	0.8562753036437247	-287.0	0.1902834008097166	-1251.0	12.540143752867412	9.530803301234169	-674.0	18.140420814967232	-959.0	
10.774639570615262	2384.0	2054.0	0.08300468057374272	-4.239991101043818	1177.0	0.0	1287.261962890625	42181.0	-0.5075000000000001	318.0	18.0	0.8663967611336032	-283.0	0.18218623481781376	-1077.0	5.872457562318398	16.11489153547571	-1083.0	15.536321540795914	-523.0	
10.26062414888258	2368.0	2072.0	-0.12806130221819673	-4.056581490579634	1220.0	0.0	1306.793212890625	42821.0	-0.5075000000000001	318.0	18.0	0.8663967611336032	-283.0	0.18218623481781376	-990.0	-5.8112861293775815	19.25640588955885	-1256.0	14.232766606079878	241.0	
9.963276186305544	2341.0	2070.0	-0.10095279801699229	-3.733711595302103	1245.0	0.0	1326.324462890625	43461.0	-0.5075000000000001	318.0	18.0	0.8663967611336032	-283.0	0.18218623481781376	-907.0	-13.258908089922008	19.78234557983486	-1270.0	12.96443385935827	728.0	
9.866373475928357	2360.0	2084.0	-0.26741431192619614	-3.9669255153346623	1253.0	0.0	1345.855712890625	44101.0	-0.5075000000000001	318.0	18.0	0.8663967611336032	-283.0	0.18218623481781376	-735.0	-6.927664780547485	16.217896796231447	-1053.0	10.289538182324753	314.0	
9.161491537221226	2393.0	2106.0	-0.5175129445440307	-4.376566668819874	1312.0	0.0	1365.386962890625	44741.0	-0.515	315.0	5.0	0.840080971659919	-264.0	0.1437246963562753	-487.0	0.8258143447010247	10.254976155386567	-683.0	6.424477028701327	-193.0	
8.350854749586208	2346.0	2116.0	-0.6288107556649474	-3.8206339326776777	1380.0	0.0	1384.918212890625	45381.0	-0.515	315.0	5.0	0.840080971659919	-264.0	0.1437246963562753	-269.0	-3.9608502829178778	2.0050995670072607	-132.0	2.996880825346304	120.0	
7.625339000321943	2279.0	2111.0	-0.5613380630437889	-3.0193107206552465	1441.0	0.0	1404.449462890625	46021.0	-0.515	315.0	5.0	0.840080971659919	-264.0	0.1437246963562753	43.0	-18.77962991283071	-7.859364000735592	551.0	-1.8892427116660948	1089.0	
7.387285578504849	2274.0	2111.0	-0.5571564352293823	-2.9613666584617078	1461.0	0.0	1423.980712890625	46661.0	-0.5325	308.0	18.0	0.8663967611336032	-261.0	0.13765182186234817	541.0	-38.69093133506653	-17.860746238549293	1258.0	-9.630809395790434	2391.0	
7.158437018915274	2256.0	2133.0	-0.8229647751392744	-2.7521038409762832	1480.0	0.0	1443.511962890625	47301.0	-0.5325	308.0	18.0	0.8663967611336032	-261.0	0.13765182186234817	1218.0	-64.44410460315034	-27.170353185536076	1937.0	-20.11212090181086	4075.0	
8.08359176336017	2141.0	2256.0	-2.355109378268738	-1.3879530169197247	1401.0	0.0	1463.043212890625	47941.0	-0.5325	308.0	18.0	0.8663967611336032	-261.0	0.13765182186234817	1427.0	-68.26731916195138	-38.76699761364255	2703.0	-23.435084430640035	4325.0	
9.469187163910833	2012.0	2312.0	-3.0812836089166677	0.16559631994270269	1284.0	0.0	1482.574462890625	48581.0	-0.5775	290.0	1.0	0.8319838056680162	-275.0	0.1659919028340081	1534.0	-42.74353876739563	-46.64660752241949	3150.0	-25.155740281147168	2656.0	
10.542749390364621	1938.0	2292.0	-2.8679181063951056	1.0721655173179128	1194.0	0.0	1502.105712890625	49221.0	-0.5775	290.0	1.0	0.8319838056680162	-275.0	0.1659919028340081	1614.0	-7.46291481877963	-49.52196525060435	3246.0	-26.412052551079007	349.0	
10.188298720415121	1887.0	2270.0	-2.5986993870594115	1.688463216330433	1224.0	0.0	1521.636962890625	49861.0	-0.5775	290.0	1.0	0.8319838056680162	-275.0	0.1659919028340081	1461.0	25.049701789264414	-51.091905963008394	3262.0	-24.08004595850994	-1777.0	
9.738366016356698	1820.0	2250.0	-2.353874554806524	2.4960893015975567	1262.0	0.0	1541.168212890625	50501.0	-0.5775	290.0	1.0	0.8319838056680162	-275.0	0.1659919028340081	906.0	35.09710964979355	-46.79551439771994	2951.0	-15.520893612597733	-2434.0	
9.397828370617681	1819.0	2212.0	-1.8838296048985208	2.514133016909411	1291.0	0.0	1560.699462890625	51141.0	-0.55	301.0	-5.0	0.819838056680162	-298.0	0.2125506072874494	234.0	29.36228781159199	-36.933259135830525	2318.0	-5.1107780417189	-2059.0	
9.672690840830516	1828.0	2203.0	-1.778534964567492	2.410553799478401	1268.0	0.0	1580.230712890625	51781.0	-0.55	301.0	-5.0	0.819838056680162	-298.0	0.2125506072874494	-326.0	14.58938675638477	-25.83101294510859	1629.0	3.5931552687382653	-1093.0	
9.649897449600523	1858.0	2195.0	-1.6769217066142783	2.0509123475926354	1270.0	0.0	1599.761962890625	52421.0	-0.55	301.0	-5.0	0.819838056680162	-298.0	0.2125506072874494	-622.0	-0.22939287352806242	-14.732568541016688	943.0	8.246106875584156	-124.0	
9.662836459453944	1909.0	2187.0	-1.573496911748296	1.4386524022631877	1269.0	0.0	1619.293212890625	53061.0	-0.555	299.0	-10.0	0.8097165991902834	-313.0	0.24291497975708504	-825.0	-6.163021868787277	-5.11339828256854	331.0	11.457228760767995	264.0	
9.6639769365922	1945.0	2178.0	-1.459449197922974	1.0072098215520406	1269.0	0.0	1638.824462890625	53701.0	-0.555	299.0	-10.0	0.8097165991902834	-313.0	0.24291497975708504	-1028.0	-2.676250191160728	1.683460607419896	-122.0	14.640127532267234	36.0	
9.585444646083596	1970.0	2139.0	-0.9793449154499138	0.7148217650193075	1276.0	0.0	1658.355712890625	54341.0	-0.555	299.0	-10.0	0.8097165991902834	-313.0	0.24291497975708504	-1170.0	2.9056430646887907	4.729892328563672	-336.0	16.849508528932407	-329.0	
9.230101856648034	1988.0	2125.0	-0.7993381447205364	0.49800100266002145	1306.0	0.0	1677.886962890625	54981.0	-0.555	299.0	-10.0	0.8097165991902834	-313.0	0.24291497975708504	-1195.0	3.762043125860224	5.491600976346427	-388.0	17.24073770686336	-385.0	
9.075396337623125	2009.0	2125.0	-0.793699571020948	0.243554670750993	1319.0	0.0	1697.418212890625	55621.0	-0.56	297.0	-10.0	0.8097165991902834	-303.0	0.22267206477732793	-1179.0	2.1410001529285827	6.358688045950954	-440.0	17.003896839029405	-279.0	
9.125587444774473	2027.0	2104.0	-0.5364936177909312	0.03233323100758875	1315.0	0.0	1716.949462890625	56261.0	-0.56	297.0	-10.0	0.8097165991902834	-303.0	0.22267206477732793	-1137.0	0.09175714941122497	6.4624743194854934	-441.0	16.360466388123506	-145.0	
9.294318255655835	2048.0	2087.0	-0.3300791963212811	-0.2148632206469757	1301.0	0.0	1736.480712890625	56901.0	-0.56	297.0	-10.0	0.8097165991902834	-303.0	0.22267206477732793	-1052.0	-0.6881786205841872	5.537725356549432	-378.0	15.046937787553528	-94.0	
9.355303772756832	2057.0	2075.0	-0.18390843860252315	-0.3197636852613496	1296.0	0.0	1756.011962890625	57541.0	-0.5750000000000001	291.0	-9.0	0.8117408906882592	-311.0	0.2388663967611336	-938.0	-0.6728857623489831	4.170340692425873	-288.0	13.283992803886052	-95.0	
9.355686340475595	2071.0	2072.0	-0.1456516667264351	-0.487669422941821	1296.0	0.0	1775.543212890625	58181.0	-0.5750000000000001	291.0	-9.0	0.8117408906882592	-311.0	0.2388663967611336	-753.0	-0.5811286129377581	2.2417049564226113	-161.0	10.425976969772911	-101.0	
9.606732027311503	2070.0	2063.0	-0.04108298313529041	-0.47101939963055456	1275.0	0.0	1795.074462890625	58821.0	-0.5750000000000001	291.0	-9.0	0.8117408906882592	-311.0	0.2388663967611336	-557.0	-3.150328796452057	0.6672759684205564	-50.0	7.40271388290041	67.0	
9.967933354925506	2058.0	2029.0	0.3647640639791786	-0.31471213215911314	1245.0	0.0	1814.605712890625	59461.0	-0.5650000000000001	295.0	-10.0	0.8097165991902834	-300.0	0.2165991902834008	-360.0	-5.444257531732681	-0.641156552394818	43.0	4.366766277041649	217.0	
10.400920631271845	2051.0	1992.0	0.806348841470265	-0.21721321444823766	1209.0	0.0	1834.136962890625	60101.0	-0.5650000000000001	295.0	-10.0	0.8097165991902834	-300.0	0.2165991902834008	-128.0	-6.912371922312281	-0.7160300250701731	54.0	0.8060973336299183	313.0	
10.617579660073122	2033.0	1972.0	1.0436802930266431	0.00656747475042074	1191.0	0.0	1853.668212890625	60741.0	-0.5650000000000001	295.0	-10.0	0.8097165991902834	-300.0	0.2165991902834008	144.0	-9.359229239944947	0.6232627469214167	-24.0	-3.35420929366014	473.0	
11.097180724035393	2009.0	1943.0	1.384739070205871	0.3073412874396521	1151.0	0.0	1873.199462890625	61381.0	-0.5650000000000001	295.0	-10.0	0.8097165991902834	-300.0	0.2165991902834008	363.0	-6.530050466432177	2.3893932683144943	-144.0	-6.696989909575564	288.0	
11.254803468786136	1981.0	1919.0	1.670823069089969	0.6519885924552029	1138.0	0.0	1892.730712890625	62021.0	-0.5775	290.0	-5.0	0.819838056680162	-309.0	0.23481781376518218	661.0	-0.8716929194066372	5.238803617002846	-341.0	-11.241151936209903	-82.0	
11.150588525423998	1965.0	1895.0	1.9636144471618286	0.8495733549203681	1147.0	0.0	1912.261962890625	62661.0	-0.5775	290.0	-5.0	0.819838056680162	-309.0	0.23481781376518218	984.0	5.337207524086252	8.962111416319617	-596.0	-16.16018707979108	-488.0	
11.129081864762213	1950.0	1876.0	2.1939007619356836	1.0346869061754924	1149.0	0.0	1931.793212890625	63301.0	-0.5775	290.0	-5.0	0.819838056680162	-309.0	0.23481781376518218	1340.0	10.39914359993883	11.93655941392043	-799.0	-21.59307878210754	-819.0	
11.023649102369662	1935.0	1862.0	2.3649102369661783	1.217775659618442	1158.0	0.0	1951.324462890625	63941.0	-0.5525	300.0	-2.0	0.8259109311740891	-312.0	0.2408906882591093	1734.0	15.491665392261815	13.962010355501326	-940.0	-27.618550833992945	-1152.0	
10.857981506277575	1927.0	1854.0	2.4648172944242073	1.3145026669753563	1172.0	0.0	1970.855712890625	64581.0	-0.5525	300.0	-2.0	0.8259109311740891	-312.0	0.2408906882591093	2206.0	20.003058571647042	15.745818823174293	-1063.0	-34.843309035951165	-1447.0	
10.535876467384025	1919.0	1860.0	2.397170547926263	1.4063142238251365	1199.0	0.0	1990.386962890625	65221.0	-0.5525	300.0	-2.0	0.8259109311740891	-312.0	0.2408906882591093	2770.0	20.32420859458633	17.28067586843878	-1158.0	-43.482249248680965	-1468.0	
10.523363381357541	1918.0	1865.0	2.3363381357540214	1.4170206374925112	1200.0	0.0	2009.918212890625	325.0	-0.5525	300.0	-2.0	0.8259109311740891	-312.0	0.2408906882591093	3366.0	20.217158586939902	17.991629851340253	-1198.0	-52.6204519690944	-1461.0	
10.568877639270717	1899.0	1882.0	2.1258591651668466	1.6421818633105019	1196.0	0.0	2029.449462890625	965.0	-0.525	311.0	2.0	0.8340080971659919	-304.0	0.22469635627530365	3972.0	19.345465667533265	18.05794951157958	-1194.0	-61.9185458693157	-1404.0	
10.61464533654795	1888.0	1897.0	1.9407241309852985	1.771466960081571	1192.0	0.0	2048.980712890625	1605.0	-0.525	311.0	2.0	0.8340080971659919	-304.0	0.22469635627530365	4576.0	21.593515828108277	18.183753597121395	-1202.0	-71.18535595796773	-1551.0	
10.566410688465096	1875.0	1902.0	1.8791640846047015	1.9263799186972268	1196.0	0.0	2068.511962890625	2245.0	-0.525	311.0	2.0	0.8340080971659919	-304.0	0.22469635627530365	5196.0	24.51445175103227	17.962104888253467	-1189.0	-80.70115231309384	-1742.0	
10.529223889695947	1861.0	1914.0	1.7319127791184727	2.0917377233949916	1199.0	0.0	2088.043212890625	2885.0	-0.47250000000000003	332.0	9.0	0.8481781376518218	-320.0	0.25708502024291496	5755.0	29.010552072182293	17.66809670437254	-1176.0	-89.28165875982448	-2036.0	
10.313251714470205	1842.0	1928.0	1.5632666851157313	2.3151207424132814	1217.0	0.0	2107.574462890625	3525.0	-0.47250000000000003	332.0	9.0	0.8481781376518218	-320.0	0.25708502024291496	6239.0	32.98669521333537	17.814037418832104	-1191.0	-96.70692944321235	-2296.0	
10.457887011547488	1824.0	1913.0	1.7410821071295728	2.536990873703849	1205.0	0.0	2127.105712890625	4165.0	-0.47250000000000003	332.0	9.0	0.8481781376518218	-320.0	0.25708502024291496	6697.0	34.62303104450222	18.29566327358256	-1222.0	-103.72988670008603	-2403.0	
10.360687505698067	1799.0	1929.0	1.5449410459970894	2.833300876699814	1213.0	0.0	2146.636962890625	4805.0	-0.4	361.0	6.0	0.8421052631578947	-332.0	0.2813765182186235	7204.0	32.55849518274966	19.455771406897178	-1287.0	-111.49793883342223	-2268.0	
10.250489713148138	1775.0	1954.0	1.2394475052899363	3.1152456544661957	1222.0	0.0	2166.168212890625	5445.0	-0.4	361.0	6.0	0.8421052631578947	-332.0	0.2813765182186235	7716.0	33.10903807921701	21.757891572530415	-1433.0	-119.33129326472583	-2304.0	
10.260295656704665	1755.0	1971.0	1.0295656704664662	3.3521099326269788	1221.0	0.0	2185.699462890625	6085.0	-0.4	361.0	6.0	0.8421052631578947	-332.0	0.2813765182186235	8228.0	35.341795381556814	24.23882126313285	-1595.0	-127.16285960077977	-2450.0	
10.069458308168846	1727.0	1974.0	0.9934498645036666	3.6868286406127253	1237.0	0.0	2205.230712890625	6725.0	-0.4	361.0	6.0	0.8421052631578947	-332.0	0.2813765182186235	8725.0	36.58051689860835	25.449846547831793	-1672.0	-134.77695772602084	-2531.0	
10.043437648041063	1709.0	1992.0	0.7723362326778538	3.899013631254449	1239.0	0.0	2224.761962890625	7365.0	-0.3275	390.0	13.0	0.8562753036437247	-324.0	0.2651821862348178	9205.0	35.2959168068512	26.543856351822257	-1735.0	-142.13136978388093	-2447.0	
9.81313709943843	1700.0	2026.0	0.3613289914621488	3.9969242158838685	1258.0	0.0	2244.293212890625	8005.0	-0.3275	390.0	13.0	0.8562753036437247	-324.0	0.2651821862348178	9676.0	35.479431105673655	27.17786810546088	-1772.0	-149.35228146932133	-2459.0	
9.585291458278038	1705.0	2040.0	0.1958124944703521	3.9310944656770066	1277.0	0.0	2263.824462890625	8645.0	-0.3275	390.0	13.0	0.8562753036437247	-324.0	0.2651821862348178	10126.0	34.85242391803028	27.087420627558526	-1760.0	-156.25820359025658	-2418.0	
9.46456353416956	1707.0	2054.0	0.02778198838449819	3.9024301907720362	1287.0	0.0	2283.355712890625	9285.0	-0.2525	420.0	10.0	0.8502024291497976	-312.0	0.2408906882591093	10520.0	32.16088086863435	25.517502482980905	-1647.0	-162.31962933300358	-2242.0	
9.136246293450927	1703.0	2111.0	-0.6610849406216116	3.9335624508690645	1314.0	0.0	2302.886962890625	9925.0	-0.2525	420.0	10.0	0.8502024291497976	-312.0	0.2408906882591093	10987.0	28.245909160422087	22.91568647679266	-1463.0	-169.5115213614098	-1986.0	
9.229038045798628	1712.0	2131.0	-0.9057192296609852	3.821163947671995	1306.0	0.0	2322.418212890625	10565.0	-0.2525	420.0	10.0	0.8502024291497976	-312.0	0.2408906882591093	11429.0	24.51445175103227	20.687212665637155	-1304.0	-176.31606787641255	-1742.0	
9.141212273630593	1713.0	2168.0	-1.3549631131311248	3.799252619509828	1313.0	0.0	2341.949462890625	11205.0	-0.2525	420.0	10.0	0.8502024291497976	-312.0	0.2408906882591093	11897.0	18.978437069888365	17.25830409714134	-1062.0	-183.53157531409997	-1380.0	
8.942626166346447	1729.0	2235.0	-2.165954793926888	3.588275840483722	1329.0	0.0	2361.480712890625	11845.0	-0.185	447.0	0.0	0.8299595141700405	-294.0	0.20445344129554657	12343.0	13.258908089922008	14.264019820538484	-848.0	-190.4051578683897	-1006.0	
8.897441986810263	1755.0	2313.0	-3.1129441761164127	3.255631198996377	1332.0	0.0	2381.011962890625	12485.0	-0.185	447.0	0.0	0.8299595141700405	-294.0	0.20445344129554657	12707.0	7.01942192995871	12.170031760231858	-692.0	-196.01148980055024	-598.0	
9.048296008851436	1775.0	2345.0	-3.5037324481898335	3.0083601183536333	1319.0	0.0	2400.543212890625	13125.0	-0.185	447.0	0.0	0.8299595141700405	-294.0	0.20445344129554657	12944.0	3.410307386450528	8.736277655727456	-457.0	-199.68246996857087	-362.0	
9.197810309525517	1796.0	2388.0	-4.028492856972138	2.7463480049919564	1306.0	0.0	2420.074462890625	13765.0	-0.1675	454.0	-12.0	0.805668016194332	-294.0	0.20445344129554657	13025.0	1.0246215017586788	6.183260367538887	-284.0	-200.95090331776086	-206.0	
9.361801381312604	1829.0	2410.0	-4.296052344929838	2.3450463645048907	1292.0	0.0	2439.605712890625	14405.0	-0.1675	454.0	-12.0	0.805668016194332	-294.0	0.20445344129554657	12935.0	11.148493653463834	2.5038266259776907	-72.0	-199.60669412594524	-868.0	
9.345882255877246	1834.0	2443.0	-4.697488697989664	2.276617482333919	1293.0	0.0	2459.136962890625	15045.0	-0.1675	454.0	-12.0	0.805668016194332	-294.0	0.20445344129554657	12674.0	26.869551919253713	-2.502358374011533	210.0	-195.65184574117453	-1896.0	
8.853258818487705	1839.0	2481.0	-5.150308627420037	2.2023938855159946	1334.0	0.0	2478.668212890625	15685.0	-0.135	467.0	-8.0	0.8137651821862348	-332.0	0.2813765182186235	12540.0	34.27129530509252	-7.78692765040552	533.0	-193.64853062374976	-2380.0	
8.458312861603579	1861.0	2499.0	-5.359190030118438	1.9292065569293295	1367.0	0.0	2498.199462890625	16325.0	-0.135	467.0	-8.0	0.8137651821862348	-332.0	0.2813765182186235	12463.0	30.004587857470565	-12.703725057156417	863.0	-192.51617335614165	-2101.0	
8.634545515008021	1872.0	2518.0	-5.593067546816879	1.7937612126474776	1352.0	0.0	2517.730712890625	16965.0	-0.135	467.0	-8.0	0.8137651821862348	-332.0	0.2813765182186235	12260.0	20.87475149105368	-16.69169404405218	1144.0	-189.44112286341124	-1504.0	
8.930062533862253	1897.0	2535.0	-5.803270423298514	1.4913075060292786	1327.0	0.0	2537.261962890625	17605.0	-0.135	467.0	-8.0	0.8137651821862348	-332.0	0.2813765182186235	12071.0	15.216393944028141	-20.201131853737703	1385.0	-186.57610983012248	-1134.0	
9.093305330920556	1916.0	2563.0	-6.145657384134858	1.2571765321325326	1313.0	0.0	2556.793212890625	18245.0	-0.0275	510.0	-7.0	0.8157894736842105	-390.0	0.39878542510121456	11731.0	11.362593668756691	-22.57545572522802	1546.0	-181.38272862507492	-882.0	
9.111403543500789	1935.0	2610.0	-6.716788507063946	1.0170192291491507	1311.0	0.0	2576.324462890625	18885.0	-0.0275	510.0	-7.0	0.8157894736842105	-390.0	0.39878542510121456	11185.0	10.888515063465363	-23.516967497045403	1603.0	-173.0140556654569	-851.0	
9.332358559614933	1978.0	2653.0	-7.240334514697186	0.4906855700010007	1292.0	0.0	2595.855712890625	19525.0	-0.0275	510.0	-7.0	0.8157894736842105	-390.0	0.39878542510121456	10645.0	8.19697201406943	-23.18455425045236	1583.0	-164.72471035760353	-675.0	
9.666493892533621	1991.0	2646.0	-7.160134556161782	0.33900441647679935	1264.0	0.0	2615.386962890625	20165.0	0.115	567.0	-13.0	0.8036437246963563	-394.0	0.4068825910931174	9735.0	4.266707447621961	-23.4592137319462	1602.0	-150.76397682352476	-418.0	
10.07255032422104	2020.0	2635.0	-7.03068186361018	-0.0037435557167401767	1230.0	0.0	2634.918212890625	20805.0	0.115	567.0	-13.0	0.8036437246963563	-394.0	0.4068825910931174	8824.0	-2.0645358617525615	-22.638250893280407	1556.0	-136.77694258258634	-4.0	
10.14532594368284	2037.0	2624.0	-6.895977060287528	-0.2051409805641029	1224.0	0.0	2654.449462890625	21445.0	0.115	567.0	-13.0	0.8036437246963563	-394.0	0.4068825910931174	7762.0	-6.637100474078606	-19.680592954036264	1365.0	-120.45152435826525	295.0	
10.14790636647077	2054.0	2603.0	-6.6379347814946295	-0.40477360786879935	1224.0	0.0	2673.980712890625	22085.0	0.115	567.0	-13.0	0.8036437246963563	-394.0	0.4068825910931174	6669.0	-9.863893561706684	-14.27446094490078	1011.0	-103.62594239984337	506.0	
10.155832427027333	2056.0	2538.0	-5.845328725838257	-0.41293861169227497	1224.0	0.0	2693.511962890625	22725.0	0.2225	610.0	-9.0	0.8117408906882592	-385.0	0.38866396761133604	5665.0	-12.264872304633737	-7.872576067988441	591.0	-88.15606195831684	663.0	
9.745695848598103	2044.0	2485.0	-5.192319902094475	-0.25940148774867955	1259.0	0.0	2713.043212890625	23365.0	0.2225	610.0	-9.0	0.8117408906882592	-385.0	0.38866396761133604	4992.0	-18.93255849518275	0.7656183206930821	40.0	-77.74284251251197	1099.0	
9.32021593499942	2009.0	2460.0	-4.883168404819989	0.16421349004877517	1295.0	0.0	2732.574462890625	24005.0	0.2225	610.0	-9.0	0.8117408906882592	-385.0	0.38866396761133604	4803.0	-36.167609726257844	11.30036960472705	-602.0	-74.73738758828603	2226.0	
9.703676576836637	1965.0	2536.0	-5.822818506812478	0.6793755763550084	1262.0	0.0	2752.105712890625	24645.0	0.24	617.0	5.0	0.840080971659919	-357.0	0.3319838056680162	5030.0	-65.0558189325585	24.133809012725948	-1359.0	-78.09225098460038	4115.0	
9.824197592185541	1929.0	2621.0	-6.8659550671601695	1.0934529950605796	1251.0	0.0	2771.636962890625	25285.0	0.24	617.0	5.0	0.840080971659919	-357.0	0.3319838056680162	5190.0	-99.17418565529898	39.150265721738904	-2245.0	-80.39720380281024	6346.0	
10.677325430410134	1876.0	2652.0	-7.267456958986599	1.732508452473767	1179.0	0.0	2791.168212890625	25925.0	0.24	617.0	5.0	0.840080971659919	-357.0	0.3319838056680162	4918.0	-109.57332925523781	59.64242679538033	-3553.0	-76.01858263706386	7026.0	
10.579619045832601	1835.0	2672.0	-7.514285892930337	2.220570713563575	1187.0	0.0	2810.699462890625	26565.0	0.1675	588.0	24.0	0.8785425101214575	-303.0	0.22267206477732793	3993.0	-91.58892797063773	78.59155592085173	-4841.0	-61.6354439620436	5850.0	
9.946133965000241	1817.0	2596.0	-6.577079690452213	2.4498474566843313	1241.0	0.0	2830.230712890625	27205.0	0.1675	588.0	24.0	0.8785425101214575	-303.0	0.22267206477732793	2533.0	-32.46673803333844	92.429496876808	-5909.0	-39.09411841162167	1984.0	
8.535128884708021	1828.0	2552.0	-6.010921053007351	2.3145304581483788	1360.0	0.0	2849.761962890625	27845.0	0.1675	588.0	24.0	0.8785425101214575	-303.0	0.22267206477732793	973.0	45.006881786205845	99.33506533938134	-6575.0	-15.087668220321088	-3082.0	
6.633012572856232	1885.0	2534.0	-5.746361761995863	1.6140534928982835	1520.0	0.0	2869.293212890625	28485.0	0.1675	588.0	24.0	0.8785425101214575	-303.0	0.22267206477732793	-561.0	125.66141611867259	100.78029245830218	-6894.0	8.465221982431727	-8356.0	
5.519246800504095	1934.0	2493.0	-5.218177092447664	1.0231180827825939	1614.0	0.0	2888.824462890625	29125.0	0.2225	610.0	35.0	0.9008097165991903	-245.0	0.10526315789473684	-1823.0	183.3766630983331	93.89478281415035	-6609.0	27.761105262543836	-12130.0	
4.028883813082326	1993.0	2417.0	-4.2544758346244285	0.3166451045708648	1740.0	0.0	2908.355712890625	29765.0	0.2225	610.0	35.0	0.9008097165991903	-245.0	0.10526315789473684	-3093.0	217.44915124636796	75.57218932070234	-5519.0	47.06537357342798	-14358.0	
2.708765812531861	2051.0	2409.0	-4.123418746813941	-0.39273011440132166	1851.0	0.0	2927.886962890625	30405.0	0.2225	610.0	35.0	0.9008097165991903	-245.0	0.10526315789473684	-4310.0	226.93072335219455	51.81212875814742	-4011.0	65.50200957974045	-14978.0	
1.479633410212278	2100.0	2338.0	-3.227135169248414	-0.9774572126563394	1955.0	0.0	2947.418212890625	31045.0	0.3975	680.0	-7.0	0.8157894736842105	-215.0	0.04453441295546559	-5377.0	203.670285976449	20.648388301772968	-1935.0	81.56293623839596	-13457.0	
1.7260298846013888	2113.0	2172.0	-1.2065353493849278	-1.0912077575392751	1936.0	0.0	2966.949462890625	31685.0	0.3975	680.0	-7.0	0.8157894736842105	-215.0	0.04453441295546559	-6877.0	159.64214711729625	-12.504309364160786	320.0	104.248134748924	-10578.0	
2.151383781397266	2108.0	2100.0	-0.3378123364638584	-1.0093387944574732	1901.0	0.0	2986.480712890625	32325.0	0.3975	680.0	-7.0	0.8157894736842105	-215.0	0.04453441295546559	-8501.0	112.67777947698426	-50.91108224296882	2923.0	128.78350848093078	-7507.0	
2.516079329339348	2062.0	2037.0	0.41745674345865175	-0.4363695899097226	1871.0	0.0	3006.011962890625	32965.0	0.3975	680.0	-7.0	0.8157894736842105	-215.0	0.04453441295546559	-9954.0	77.5500841107203	-93.93321085788703	5797.0	150.64882195003707	-5210.0	
3.072329890680463	1996.0	1867.0	2.47108430614156	0.40544618984891295	1826.0	0.0	3025.543212890625	33605.0	0.455	703.0	-62.0	0.7044534412955465	-259.0	0.13360323886639677	-11288.0	56.797675485548254	-137.91193381846566	8697.0	170.6785759203699	-3853.0	
4.343083542092459	1926.0	1694.0	4.546449447341156	1.3030345231629283	1721.0	0.0	3045.074462890625	34245.0	0.455	703.0	-62.0	0.7044534412955465	-259.0	0.13360323886639677	-12357.0	55.63541825967274	-180.44946473088717	11455.0	186.65645364178124	-3777.0	
5.689976060668477	1840.0	1775.0	3.521415590657201	2.3321473495282623	1607.0	0.0	3064.605712890625	34885.0	0.455	703.0	-62.0	0.7044534412955465	-259.0	0.13360323886639677	-13077.0	69.78131212723659	-220.88485059651595	14040.0	197.30012801697487	-4702.0	
6.7109876794659105	1712.0	1795.0	3.2416250894482364	3.8789303303908524	1521.0	0.0	3084.136962890625	35525.0	0.435	695.0	-114.0	0.5991902834008097	-375.0	0.3684210526315789	-13602.0	85.51766325126167	-258.2008839231424	16420.0	204.98282160422417	-5731.0	
7.078432347503594	1556.0	1806.0	3.0813299884545717	5.758916947340513	1490.0	0.0	3103.668212890625	36165.0	0.435	695.0	-114.0	0.5991902834008097	-375.0	0.3684210526315789	-14226.0	110.23092215935159	-284.463279042377	18057.0	214.29515545570177	-7347.0	
7.261852247280325	1397.0	1862.0	2.375700918508732	7.662301215541772	1474.0	0.0	3123.199462890625	36805.0	0.435	695.0	-114.0	0.5991902834008097	-375.0	0.3684210526315789	-14510.0	132.61966661569048	-302.8594200243546	19192.0	218.46902740478947	-8811.0	
7.315255321543898	1082.0	1909.0	1.7636273924850059	11.4457744986555	1469.0	0.0	3142.730712890625	37445.0	0.3675	668.0	-239.0	0.34615384615384615	-492.0	0.6052631578947368	-16245.0	167.34974766783913	-320.049202453301	20202.0	244.91980872734672	-11082.0	
6.387100606752658	767.0	1904.0	1.8052987705038883	15.23250710195953	1547.0	0.0	3162.261962890625	38085.0	0.3675	668.0	-239.0	0.34615384615384615	-492.0	0.6052631578947368	-18268.0	190.88545649181833	-330.7446809780707	20816.0	275.85474438248576	-12621.0	
4.618718023370307	487.0	1762.0	3.5384690036973696	18.622980656693194	1697.0	0.0	3181.793212890625	38725.0	0.3675	668.0	-239.0	0.34615384615384615	-492.0	0.6052631578947368	-19090.0	202.04924300351738	-321.2737026702734	20163.0	288.5626197325424	-13351.0	
4.0122074076715535	368.0	1659.0	4.792169338583956	20.075724496992972	1749.0	0.0	3201.324462890625	39365.0	0.3675	668.0	-239.0	0.34615384615384615	-492.0	0.6052631578947368	-18996.0	199.98470714176483	-302.243052109048	18932.0	287.3105447742908	-13216.0	
3.420334241275911	431.0	1633.0	5.12866222282915	19.317499478435607	1799.0	0.0	3220.855712890625	40005.0	0.1875	596.0	-389.0	0.04251012145748988	-581.0	0.7854251012145749	-16189.0	146.55146046796148	-269.9904874946349	17002.0	244.56110479207837	-9722.0	
4.021445462583516	585.0	1683.0	4.525498639304066	17.456025632231192	1748.0	0.0	3240.386962890625	40645.0	0.1875	596.0	-389.0	0.04251012145748988	-581.0	0.7854251012145749	-12673.0	76.63251261660805	-228.3873426242982	14514.0	191.0259316988146	-5150.0	
5.038469641261277	790.0	1739.0	3.846964126127709	14.982745665682154	1662.0	0.0	3259.918212890625	41285.0	0.1875	596.0	-389.0	0.04251012145748988	-581.0	0.7854251012145749	-8951.0	4.587857470561248	-179.70010948985592	11573.0	134.40063585461812	-439.0	
5.334977270814794	929.0	1749.0	3.735822319574606	13.308789110665904	1637.0	0.0	3279.449462890625	41925.0	0.0425	538.0	-470.0	-0.12145748987854252	-584.0	0.791497975708502	-6140.0	-36.44288117449152	-134.39257564667213	8762.0	91.72036763006082	2244.0	
5.05181624553005	977.0	1729.0	3.991148362528749	12.732750768260093	1661.0	0.0	3298.980712890625	42565.0	0.0425	538.0	-470.0	-0.12145748987854252	-584.0	0.791497975708502	-4499.0	-45.847988989142074	-91.75990991947582	6031.0	66.96639660434982	2859.0	
4.4465513856880925	1018.0	1715.0	4.178948092618772	12.236478210649015	1712.0	0.0	3318.511962890625	43205.0	0.0425	538.0	-470.0	-0.12145748987854252	-584.0	0.791497975708502	-3252.0	-43.523474537391046	-53.71734104444712	3564.0	48.21225117141835	2707.0	
4.083564879132139	1066.0	1764.0	3.5945831513091737	11.642847793745215	1742.0	0.0	3338.043212890625	43845.0	0.0425	538.0	-470.0	-0.12145748987854252	-584.0	0.791497975708502	-1974.0	-46.322067594433406	-21.709680635509567	1503.0	28.9220776604241	2890.0	
4.186867229290464	1134.0	1796.0	3.2105324528559946	10.816922694844001	1733.0	0.0	3357.574462890625	44485.0	0.015	527.0	-485.0	-0.15182186234817813	-612.0	0.8481781376518218	642.0	-79.7369628383545	12.527595032731835	-610.0	-10.876718832548239	5075.0	
4.698962322044799	1175.0	1794.0	3.2295655378132246	10.32844840385623	1690.0	0.0	3377.105712890625	45125.0	0.015	527.0	-485.0	-0.15182186234817813	-612.0	0.8481781376518218	1536.0	-92.82764948768926	17.24884376331956	-874.0	-24.547474735606027	5931.0	
5.233523637781922	1218.0	1803.0	3.1142685400970422	9.81341578790265	1645.0	0.0	3396.636962890625	45765.0	0.015	527.0	-485.0	-0.15182186234817813	-612.0	0.8481781376518218	2555.0	-106.05597186114086	17.257517128466773	-830.0	-40.18341684958383	6796.0	
5.840604724944112	1268.0	1803.0	3.108091542030238	9.21695342025872	1594.0	0.0	3416.168212890625	46405.0	0.0525	542.0	-480.0	-0.1417004048582996	-633.0	0.8906882591093117	3311.0	-112.8460009175715	14.922698016483334	-653.0	-51.80719468624609	7240.0	
6.305552655954963	1288.0	1797.0	3.1743132145439508	8.981963477597416	1555.0	0.0	3435.699462890625	47045.0	0.0525	542.0	-480.0	-0.1417004048582996	-633.0	0.8906882591093117	3790.0	-109.29805780700414	11.916571444445953	-462.0	-59.1872636242083	7008.0	
6.21736358544958	1291.0	1837.0	2.688739497338902	8.935225534235009	1562.0	0.0	3455.230712890625	47685.0	0.0525	542.0	-480.0	-0.1417004048582996	-633.0	0.8906882591093117	4314.0	-102.50802875057349	9.864328485793944	-341.0	-67.24829549065227	6564.0	
6.187736437347748	1315.0	1885.0	2.106977068108119	8.634137387663351	1564.0	0.0	3474.761962890625	48325.0	0.135	575.0	-457.0	-0.0951417004048583	-642.0	0.9089068825910931	4638.0	-93.50053525003824	9.399968819943576	-331.0	-72.22455179254325	5975.0	
6.14874278158256	1319.0	1912.0	1.7790400630179337	8.578995939919558	1567.0	0.0	3494.293212890625	48965.0	0.135	575.0	-457.0	-0.0951417004048583	-642.0	0.9089068825910931	4594.0	-78.78880562777184	10.788919273335523	-460.0	-71.53550500705184	5013.0	
6.147742271826056	1298.0	1920.0	1.6789890873674858	8.829996963501754	1567.0	0.0	3513.824462890625	49605.0	0.135	575.0	-457.0	-0.0951417004048583	-642.0	0.9089068825910931	4444.0	-62.196054442575324	15.116372891519202	-786.0	-69.19055792215126	3928.0	
5.94269243056833	1275.0	1942.0	1.412100199690123	9.099717121070569	1584.0	0.0	3533.355712890625	50245.0	0.135	575.0	-457.0	-0.0951417004048583	-642.0	0.9089068825910931	4462.0	-49.74766783911914	22.6499799915882	-1308.0	-69.39142255699683	3114.0	
5.642311361610473	1260.0	1965.0	1.1358980658092404	9.27191215926964	1609.0	0.0	3552.886962890625	50885.0	0.2275	612.0	-450.0	-0.08097165991902834	-646.0	0.917004048582996	4403.0	-40.95427435387674	32.45587692997055	-1969.0	-68.38803905178362	2539.0	
5.473570916038405	1231.0	1982.0	0.9285201752690009	9.615474787364558	1623.0	0.0	3572.418212890625	51525.0	0.2275	612.0	-450.0	-0.08097165991902834	-646.0	0.917004048582996	4297.0	-36.519345465667534	44.53604121539602	-2767.0	-66.64072214116813	2249.0	
5.1140653821108115	1234.0	2002.0	0.6922524967953826	9.571009800142557	1653.0	0.0	3591.949462890625	52165.0	0.2275	612.0	-450.0	-0.08097165991902834	-646.0	0.917004048582996	4249.0	-34.454809603914974	56.48919998968077	-3550.0	-65.78465533783529	2114.0	
4.8745623799533355	1240.0	2014.0	0.5514760905716235	9.493510085370001	1673.0	0.0	3611.480712890625	52805.0	0.3025	642.0	-438.0	-0.05668016194331984	-612.0	0.8481781376518218	4156.0	-35.55589539684968	68.42364024439574	-4324.0	-64.23827395508252	2186.0	
4.685454546521396	1231.0	2003.0	0.6883117949967376	9.602789456063945	1689.0	0.0	3631.011962890625	53445.0	0.3025	642.0	-438.0	-0.05668016194331984	-612.0	0.8481781376518218	3852.0	-33.49135953509711	79.50696268437063	-5053.0	-59.4627176986128	2051.0	
4.636507753799903	1234.0	2014.0	0.5555372847522063	9.563499919618584	1693.0	0.0	3650.543212890625	54085.0	0.3025	642.0	-438.0	-0.05668016194331984	-612.0	0.8481781376518218	3588.0	-30.035173573940973	88.03370600352443	-5619.0	-55.326506579676284	1825.0	
