Device	Device	Device	Device	Device	Device	Device	Device	Device	Device	Device	Device	Device	Device	Device	Device	Device	Device	Device	Device	Device	
Low Noise Accelerometer X	Low Noise Accelerometer X	Low Noise Accelerometer Z	Low Noise Accelerometer Z	Low Noise Accelerometer Y	Low Noise Accelerometer Y	Event_Marker	Timestamp	Timestamp	Magnetometer Z	Magnetometer Z	Magnetometer X	Magnetometer X	Magnetometer Y	Magnetometer Y	Gyroscope Y	Gyroscope Y	Gyroscope Z	Gyroscope Z	Gyroscope X	Gyroscope X	
CAL	UNCAL	CAL	UNCAL	CAL	UNCAL	CAL	CAL	UNCAL	CAL	UNCAL	CAL	UNCAL	CAL	UNCAL	CAL	UNCAL	CAL	UNCAL	UNCAL	CAL	
m/(s^2)	no units	m/(s^2)	no units	m/(s^2)	no units	no units	ms	no units	local_flux	no units	local_flux	no units	local_flux	no units	deg/s	no units	deg/s	no units	no units	deg/s	
9.810210385892173	2104.0	0.06865763683638809	2054.0	-0.8764283578621819	1258.0	0.0	1719.207763671875	56335.0	-0.0225	512.0	0.951417004048583	60.0	0.3866396761133603	-384.0	-0.5352500382321457	-170.0	-1.9157567928650159	115.0	-104.0	1.4385683795932158	
9.797457108201353	2106.0	-0.016193941769420156	2061.0	-0.9023493077533749	1259.0	0.0	1738.739013671875	56975.0	-0.0225	512.0	0.951417004048583	60.0	0.3866396761133603	-384.0	-0.42820003058571654	-140.0	-1.853912636949879	111.0	-111.0	0.9788523114086201	
9.797331592855663	2103.0	-0.028745476338410042	2062.0	-0.8664570152849586	1259.0	0.0	1758.270263671875	57615.0	-0.02	513.0	0.9453441295546559	57.0	0.4048582995951417	-393.0	-0.6423000458785748	-139.0	-2.014383882109724	122.0	-97.0	0.9619031152988967	
9.83315940087631	2102.0	-0.017393245702243598	2061.0	-0.8538234998209444	1256.0	0.0	1777.801513671875	58255.0	-0.02	513.0	0.9453441295546559	57.0	0.4048582995951417	-393.0	-0.382321455880104	-160.0	-1.8895776079422033	113.0	-114.0	1.285385334861195	
9.845183673219758	2102.0	-0.005442201833901011	2060.0	-0.8534642362201431	1255.0	0.0	1797.332763671875	58895.0	-0.02	513.0	0.9453441295546559	57.0	0.4048582995951417	-393.0	-0.13763572411683744	-170.0	-1.947040485945107	116.0	-130.0	1.438255542662415	
9.85720914989954	2103.0	0.0066292756682652665	2059.0	-0.8651507446743862	1254.0	0.0	1816.864013671875	59535.0	-0.0225	512.0	0.9534412955465588	61.0	0.3967611336032389	-389.0	0.061171432940816645	-163.0	-1.4155930921431812	81.0	-143.0	1.33615863099356	
9.857451750236551	2102.0	0.030889309369479284	2057.0	-0.8526149252259075	1254.0	0.0	1836.395263671875	60175.0	-0.0225	512.0	0.9534412955465588	61.0	0.3967611336032389	-389.0	0.1988071570576541	-162.0	-1.1748531681070857	65.0	-152.0	1.323221546575796	
9.834132210897035	2100.0	0.07988775637025974	2053.0	-0.8277717661371183	1256.0	0.0	1855.926513671875	60815.0	-0.0225	512.0	0.9534412955465588	61.0	0.3967611336032389	-389.0	0.09175714941122497	-143.0	-0.7985193760505035	41.0	-145.0	1.0354396949919886	
9.821987240553254	2101.0	0.05586691246822201	2055.0	-0.8404218254896813	1257.0	0.0	1875.457763671875	61455.0	-0.0225	512.0	0.9534412955465588	61.0	0.3967611336032389	-389.0	-0.21410001529285827	-112.0	-0.5046772038193795	23.0	-125.0	0.5626991233124277	
9.822105529880915	2098.0	0.06769584523426977	2054.0	-0.8040394856278308	1257.0	0.0	1894.989013671875	62095.0	-0.0225	512.0	0.9635627530364372	66.0	0.41295546558704455	-397.0	-0.7799357699954123	-89.0	-0.40161360432592313	18.0	-88.0	0.21080663517048945	
9.846280794249834	2102.0	0.1042699011737685	2051.0	-0.8512590229496889	1255.0	0.0	1914.520263671875	62735.0	-0.0225	512.0	0.9635627530364372	66.0	0.41295546558704455	-397.0	-0.6728857623489831	-71.0	-0.08013851850137423	-3.0	-95.0	-0.062179319817513366	
9.834503939588751	2105.0	0.11706062554193464	2050.0	-0.8872655553221893	1256.0	0.0	1934.051513671875	63375.0	-0.0225	512.0	0.9635627530364372	66.0	0.41295546558704455	-397.0	-0.5046643217617374	-51.0	-0.19146308912968493	4.0	-106.0	-0.37018223868629463	
9.79903702123278	2102.0	0.14179736137303003	2048.0	-0.8509809114758743	1259.0	0.0	1953.582763671875	64015.0	-0.025	511.0	0.951417004048583	60.0	0.402834008097166	-392.0	0.04587857470561248	-36.0	-0.2573232930736266	7.0	-142.0	-0.6010080955976076	
9.763332319885146	2104.0	0.14275579803820612	2048.0	-0.8754151752982157	1262.0	0.0	1973.114013671875	64655.0	-0.025	511.0	0.951417004048583	60.0	0.402834008097166	-392.0	0.13763572411683744	-1.0	-0.36328815547700033	14.0	-148.0	-1.139124672256013	
9.8110637022489	2104.0	0.15398927250901995	2047.0	-0.874713191985162	1258.0	0.0	1992.645263671875	65295.0	-0.025	511.0	0.951417004048583	60.0	0.402834008097166	-392.0	0.29056430646887904	53.0	-0.4841651809714407	22.0	-158.0	-1.9689355600497023	
9.76320921321213	2103.0	0.13044513073686356	2049.0	-0.8636144269398884	1262.0	0.0	2012.176513671875	399.0	-0.025	511.0	0.951417004048583	60.0	0.402834008097166	-392.0	0.10705000764642914	89.0	-0.25597192983971356	8.0	-146.0	-2.519055039230882	
9.786648246215647	2103.0	0.09339605013595459	2052.0	-0.8641210182218714	1260.0	0.0	2031.707763671875	1039.0	-0.0325	508.0	0.9412955465587045	55.0	0.3522267206477733	-367.0	0.1988071570576541	107.0	-0.16459585305665664	2.0	-152.0	-2.794341984309299	
9.727261911527485	2106.0	0.10714353370082566	2051.0	-0.9005845102107086	1265.0	0.0	2051.239013671875	1679.0	-0.0325	508.0	0.9412955465587045	55.0	0.3522267206477733	-367.0	0.7187643370545955	122.0	-0.5060855453191154	23.0	-186.0	-3.0279241361037976	
9.726896204517459	2106.0	0.07057283269826917	2054.0	-0.9013195813008601	1265.0	0.0	2070.770263671875	2319.0	-0.0325	508.0	0.9412955465587045	55.0	0.3522267206477733	-367.0	0.8258143447010247	119.0	-0.9107258871049986	49.0	-193.0	-2.985937088547282	
9.738312169513867	2107.0	0.02169314186284127	2058.0	-0.9142312082386889	1264.0	0.0	2090.301513671875	2959.0	-0.035	507.0	0.9574898785425101	63.0	0.40890688259109315	-395.0	0.8411072029362289	171.0	-1.764679012167745	105.0	-194.0	-3.792389770020404	
9.774386190880541	2108.0	0.05766670710169272	2055.0	-0.9251991894913294	1261.0	0.0	2109.832763671875	3599.0	-0.035	507.0	0.9574898785425101	63.0	0.40890688259109315	-395.0	0.5964214711729623	210.0	-1.8104316545454557	109.0	-178.0	-4.391282159111053	
9.833170239903353	2111.0	-0.01630934299783049	2061.0	-0.9622354483163447	1256.0	0.0	2129.364013671875	4239.0	-0.035	507.0	0.9574898785425101	63.0	0.40890688259109315	-395.0	0.45878574705612485	214.0	-1.6351252391433406	98.0	-169.0	-4.450907029589531	
9.856731175243544	2111.0	-0.04116818993122065	2063.0	-0.9624970159016106	1254.0	0.0	2148.895263671875	4879.0	-0.025	511.0	0.9615384615384616	65.0	0.3967611336032389	-389.0	0.41290717235051233	217.0	-1.2329315100138247	72.0	-166.0	-4.49291854327261	
9.844582591890747	2109.0	-0.06555033473472943	2065.0	-0.93900975908904	1255.0	0.0	2168.426513671875	5519.0	-0.025	511.0	0.9615384615384616	65.0	0.3967611336032389	-389.0	0.9940357852882705	194.0	-0.9674697031424387	53.0	-204.0	-4.137340801067023	
9.808144067850385	2109.0	-0.1379741673423137	2071.0	-0.9408226209815953	1258.0	0.0	2187.957763671875	6159.0	-0.025	511.0	0.9615384615384616	65.0	0.3967611336032389	-389.0	0.9328643523474538	182.0	-0.6284886065081314	31.0	-200.0	-3.949817186203182	
9.78397362082682	2109.0	-0.17406648874651773	2074.0	-0.9417861718799151	1260.0	0.0	2207.489013671875	6799.0	-0.025	511.0	0.9615384615384616	65.0	0.3967611336032389	-389.0	0.25997858999847073	198.0	-0.41455246562551695	19.0	-156.0	-4.1931895633243546	
9.844712924581792	2116.0	-0.05251706563044484	2064.0	-1.0230851397776344	1255.0	0.0	2227.020263671875	7439.0	-0.0275	510.0	0.9635627530364372	66.0	0.38461538461538464	-383.0	0.0764642911760208	160.0	-0.5976114781788946	31.0	-144.0	-3.611929774441142	
9.881269737949811	2113.0	0.03173569974318724	2057.0	-0.9848899380232284	1252.0	0.0	2246.551513671875	8079.0	-0.0275	510.0	0.9635627530364372	66.0	0.38461538461538464	-383.0	0.9940357852882705	68.0	-0.5407612057425943	24.0	-204.0	-2.1996687751692874	
9.833534742577042	2110.0	0.02014092437090234	2058.0	-0.9494546051711487	1256.0	0.0	2266.082763671875	8719.0	-0.0275	510.0	0.9635627530364372	66.0	0.38461538461538464	-383.0	1.8351429882244994	74.0	-0.09667951758097663	-7.0	-259.0	-2.2872948602364205	
9.79891752756878	2104.0	0.12984799497315852	2049.0	-0.8753174792826803	1259.0	0.0	2285.614013671875	9359.0	-0.015	515.0	0.9615384615384616	65.0	0.3623481781376518	-372.0	0.7799357699954123	102.0	0.04210484144528094	-13.0	-190.0	-2.7155525590736556	
9.800980232601553	2096.0	0.3361184982503893	2032.0	-0.7747858999981333	1259.0	0.0	2305.145263671875	9999.0	-0.015	515.0	0.9615384615384616	65.0	0.3623481781376518	-372.0	-1.9421929958709285	165.0	0.46825937902653425	-33.0	-12.0	-3.677993484159712	
10.004892005393701	2085.0	0.48920053937007757	2019.0	-0.6371550209658903	1242.0	0.0	2324.676513671875	10639.0	-0.015	515.0	0.9615384615384616	65.0	0.3623481781376518	-372.0	-6.560636182902585	248.0	1.2501802934745037	-71.0	290.0	-4.9437664186395995	
10.197991303191127	2068.0	0.7515112714936695	1997.0	-0.42515853623701044	1226.0	0.0	2344.207763671875	11279.0	-0.015	515.0	0.9615384615384616	65.0	0.3623481781376518	-372.0	-11.83667227404802	358.0	2.4778240822765305	-136.0	635.0	-6.6193831831453185	
10.559316941814481	2058.0	1.1697894195433045	1962.0	-0.2926977891789409	1196.0	0.0	2363.739013671875	11919.0	-0.0225	512.0	0.9493927125506073	59.0	0.3582995951417004	-370.0	-15.354029668144978	486.0	4.991392039699471	-289.0	865.0	-8.558341411811076	
10.70444827859283	2047.0	1.3972088116639871	1943.0	-0.15416796748681605	1184.0	0.0	2383.270263671875	12559.0	-0.0225	512.0	0.9493927125506073	59.0	0.3582995951417004	-370.0	-13.136565224040375	692.0	7.518268223296872	-457.0	720.0	-11.694036283548833	
10.695574197621529	2031.0	1.7002769050099553	1918.0	0.04457573790773971	1185.0	0.0	2402.801513671875	13199.0	-0.0225	512.0	0.9493927125506073	59.0	0.3582995951417004	-370.0	-8.01345771524698	831.0	10.303168299986144	-650.0	385.0	-13.799070511261304	
10.616749928986046	2016.0	2.151183374795031	1881.0	0.23352851618335144	1192.0	0.0	2422.332763671875	13839.0	-0.035	507.0	0.951417004048583	60.0	0.36639676113360325	-374.0	-3.7161645511546113	1052.0	12.456927590211137	-799.0	104.0	-17.16866380680466	
10.597798400049088	1997.0	2.6369828620514872	1841.0	0.4719706532897134	1194.0	0.0	2441.864013671875	14479.0	-0.035	507.0	0.951417004048583	60.0	0.36639676113360325	-374.0	-0.9328643523474538	1270.0	14.070932533465804	-909.0	-78.0	-20.49762119484334	
10.37358815093486	1984.0	2.8350055696764294	1825.0	0.6303155109751664	1213.0	0.0	2461.395263671875	15119.0	-0.035	507.0	0.951417004048583	60.0	0.36639676113360325	-374.0	-0.6423000458785748	1623.0	15.63616210515697	-1008.0	-97.0	-25.89857163044452	
10.256619929881902	1970.0	3.04294536914248	1808.0	0.8019793235491385	1223.0	0.0	2480.926513671875	15759.0	-0.0225	512.0	0.9696356275303644	69.0	0.37044534412955465	-376.0	-0.42820003058571654	2019.0	16.53429613509172	-1063.0	-111.0	-31.96600581876264	
10.48458747337897	1965.0	3.2206520998017956	1793.0	0.8680540974527172	1204.0	0.0	2500.457763671875	16399.0	-0.0225	512.0	0.9696356275303644	69.0	0.37044534412955465	-376.0	2.584493041749503	2514.0	17.012692228779414	-1097.0	-308.0	-39.556741268597584	
10.234138050526713	1955.0	3.1757098145761846	1797.0	0.9851326852305258	1225.0	0.0	2519.989013671875	17039.0	-0.0225	512.0	0.9696356275303644	69.0	0.37044534412955465	-376.0	5.10781465055819	3166.0	16.33505421074922	-1053.0	-473.0	-49.56812099387533	
10.11485127640425	1939.0	3.1517943070917305	1799.0	1.1762325916769616	1235.0	0.0	2539.520263671875	17679.0	-0.0225	512.0	0.9696356275303644	69.0	0.37044534412955465	-376.0	6.28536473466891	3884.0	16.121266498895146	-1035.0	-550.0	-60.58759813752755	
10.19571536768208	1927.0	2.904870101541236	1819.0	1.316681061731742	1228.0	0.0	2559.051513671875	18319.0	0.0	521.0	0.9777327935222672	73.0	0.3481781376518219	-365.0	8.502829178773514	4662.0	15.936614984755572	-1021.0	-695.0	-72.52745293869013	
10.263208239231343	1910.0	2.5113001136105733	1851.0	1.5143038677970548	1222.0	0.0	2578.582763671875	18959.0	0.0	521.0	0.9777327935222672	73.0	0.3481781376518219	-365.0	7.417036244074018	5439.0	15.637835751546895	-991.0	-624.0	-84.45310453338526	
10.177699815796476	1912.0	2.293791103457115	1869.0	1.4850022178174687	1229.0	0.0	2598.114013671875	19599.0	0.0	521.0	0.9777327935222672	73.0	0.3481781376518219	-365.0	4.572564612326044	6234.0	15.642869025299728	-976.0	-438.0	-96.65191870885702	
10.222627444416702	1912.0	2.0246492035749957	1891.0	1.4800686561060283	1225.0	0.0	2617.645263671875	20239.0	0.035	535.0	0.9919028340080972	80.0	0.29959514170040485	-341.0	3.6549931182137945	6928.0	14.15569293747297	-870.0	-378.0	-107.31586212847398	
10.146696816237407	1907.0	1.574443528502738	1928.0	1.530546200178212	1231.0	0.0	2637.176513671875	20879.0	0.035	535.0	0.9919028340080972	80.0	0.29959514170040485	-341.0	7.784064841718918	7488.0	13.24590871566195	-816.0	-648.0	-115.91787081924205	
10.021928049973578	1894.0	1.0023288068814074	1975.0	1.6744827241072433	1241.0	0.0	2656.707763671875	21519.0	0.035	535.0	0.9919028340080972	80.0	0.29959514170040485	-341.0	10.888515063465363	7957.0	12.901468050404272	-797.0	-851.0	-123.1178780615552	
10.112023498878363	1891.0	0.48806417355073517	2017.0	1.701242964242931	1233.0	0.0	2676.239013671875	22159.0	0.035	535.0	0.9919028340080972	80.0	0.29959514170040485	-341.0	12.631900902278637	8398.0	12.28417356384125	-757.0	-965.0	-129.89096829965393	
10.06111181673401	1882.0	0.15880072102001838	2044.0	1.8025823133106318	1237.0	0.0	2695.770263671875	22799.0	0.105	563.0	1.0101214574898785	89.0	0.3076923076923077	-345.0	12.066065147576083	8746.0	12.08334540004984	-739.0	-928.0	-135.2328568943193	
9.985301886555053	1876.0	-0.2793351540185444	2080.0	1.8653506531345772	1243.0	0.0	2715.301513671875	23439.0	0.105	563.0	1.0101214574898785	89.0	0.3076923076923077	-345.0	13.48830096345007	8951.0	12.165579677679782	-746.0	-1021.0	-138.3776537014586	
10.05341270014206	1866.0	-0.6111109381748473	2107.0	1.9798781732981645	1237.0	0.0	2734.832763671875	24079.0	0.105	563.0	1.0101214574898785	89.0	0.3076923076923077	-345.0	12.616608044043433	9063.0	13.27889705746547	-815.0	-964.0	-140.08510269737073	
10.145335479760638	1862.0	-0.9426425001265606	2134.0	2.0223595409396533	1229.0	0.0	2754.364013671875	24719.0	0.1675	588.0	1.0263157894736843	97.0	0.2732793522267207	-328.0	10.674415048172504	9121.0	14.734359182355568	-904.0	-837.0	-140.96052812829308	
10.17946628975854	1869.0	-1.1009900717650685	2147.0	1.935196548209272	1226.0	0.0	2773.895263671875	25359.0	0.1675	588.0	1.0263157894736843	97.0	0.2732793522267207	-328.0	11.714329408166387	9135.0	16.4175543912432	-1016.0	-905.0	-141.15851894741795	
10.272121687733506	1866.0	-1.359259798077845	2168.0	1.967102285976019	1218.0	0.0	2793.426513671875	25999.0	0.1675	588.0	1.0263157894736843	97.0	0.2732793522267207	-328.0	11.729622266401591	9171.0	18.729572821905695	-1166.0	-906.0	-141.68780017480384	
10.078992281527626	1858.0	-1.624581371047029	2190.0	2.056250102623251	1234.0	0.0	2812.957763671875	26639.0	0.225	611.0	1.0323886639676114	100.0	0.2165991902834008	-300.0	17.52561553754397	9239.0	20.307732643485437	-1283.0	-1285.0	-142.7154434653405	
9.731016184578747	1855.0	-1.898381542125322	2213.0	2.08343891654545	1263.0	0.0	2832.489013671875	27279.0	0.225	611.0	1.0323886639676114	100.0	0.2165991902834008	-300.0	18.687872763419485	9352.0	22.031985568557303	-1397.0	-1361.0	-144.4321275894579	
9.599728020503264	1858.0	-1.9319598544354688	2216.0	2.045309890345239	1274.0	0.0	2852.020263671875	27919.0	0.225	611.0	1.0323886639676114	100.0	0.2165991902834008	-300.0	18.305551307539382	9431.0	22.72076839264586	-1440.0	-1336.0	-145.6374539702089	
9.43272672472578	1856.0	-1.9654227655172054	2219.0	2.0670670047079978	1288.0	0.0	2871.551513671875	28559.0	0.225	611.0	1.0323886639676114	100.0	0.2165991902834008	-300.0	15.751643982260285	9534.0	22.561864914246566	-1422.0	-1169.0	-147.21952482177977	
9.170039333265185	1871.0	-2.0436857211006045	2226.0	1.882151980115459	1310.0	0.0	2891.082763671875	29199.0	0.2975	640.0	1.0587044534412955	113.0	0.12550607287449392	-255.0	12.066065147576083	9678.0	23.115884944218312	-1447.0	-928.0	-149.42359026825002	
9.382104612035628	1885.0	-2.265729272627585	2244.0	1.7111570630774433	1292.0	0.0	2910.614013671875	29839.0	0.2975	640.0	1.0587044534412955	113.0	0.12550607287449392	-255.0	9.802722128765867	9917.0	22.76627722625704	-1416.0	-780.0	-153.09441793972147	
9.453404155757603	1891.0	-2.2786320432872187	2245.0	1.6393228464749643	1286.0	0.0	2930.145263671875	30479.0	0.2975	640.0	1.0587044534412955	113.0	0.12550607287449392	-255.0	14.87995106285365	10142.0	20.659760449318846	-1290.0	-1112.0	-156.56799193056895	
9.321854121963698	1879.0	-2.3383973274397585	2250.0	1.7813903537069864	1297.0	0.0	2949.676513671875	31119.0	0.3525	662.0	1.0769230769230769	122.0	0.022267206477732795	-204.0	21.547637253402662	10344.0	17.34793026474736	-1090.0	-1548.0	-159.70069593135588	
9.009445167653382	1861.0	-2.626911806090454	2274.0	1.9893634444703876	1323.0	0.0	2969.207763671875	31759.0	0.3525	662.0	1.0769230769230769	122.0	0.022267206477732795	-204.0	21.3182443798746	10541.0	15.018701207143563	-936.0	-1533.0	-162.74685150258256	
9.307606703487982	1855.0	-2.5726629845352087	2269.0	2.0657191928863443	1298.0	0.0	2988.739013671875	32399.0	0.3525	662.0	1.0769230769230769	122.0	0.022267206477732795	-204.0	13.580058112861295	10629.0	13.72672486817451	-831.0	-1027.0	-164.11008582788725	
9.558030835277133	1844.0	-2.5302498056198943	2265.0	2.2016018182644697	1277.0	0.0	3008.270263671875	33039.0	0.3525	662.0	1.0769230769230769	122.0	0.022267206477732795	-204.0	10.521486465820463	10591.0	12.228250544795765	-726.0	-827.0	-163.54198019211228	
9.701581054687722	1836.0	-2.460942150275486	2259.0	2.300809015734138	1265.0	0.0	3027.801513671875	33679.0	0.3925	678.0	1.0809716599190284	124.0	-0.11538461538461539	-136.0	16.5315797522557	10479.0	10.986321255943775	-662.0	-1220.0	-161.83581731529083	
9.39015213641616	1822.0	-2.6514530250507367	2275.0	2.4625592078510987	1291.0	0.0	3047.332763671875	34319.0	0.3925	678.0	1.0809716599190284	124.0	-0.11538461538461539	-136.0	24.132130295152166	10448.0	9.247167213412965	-569.0	-1717.0	-161.37752986231425	
9.055780224842152	1815.0	-2.755310849118237	2284.0	2.541475681651599	1319.0	0.0	3066.864013671875	34959.0	0.3925	678.0	1.0809716599190284	124.0	-0.11538461538461539	-136.0	21.13473008105215	10554.0	9.244888362576578	-560.0	-1521.0	-163.00406791858384	
9.223511730303349	1816.0	-2.6488269696652114	2275.0	2.5332344815241874	1305.0	0.0	3086.395263671875	35599.0	0.41500000000000004	687.0	1.082995951417004	125.0	-0.22672064777327935	-81.0	16.562165468726107	10662.0	8.583023238384744	-504.0	-1222.0	-164.66789080490327	
9.271112779976061	1809.0	-2.650626764298682	2275.0	2.618011845525835	1301.0	0.0	3105.926513671875	36239.0	0.41500000000000004	687.0	1.082995951417004	125.0	-0.22672064777327935	-81.0	14.222358158739869	10710.0	7.961077379940951	-457.0	-1069.0	-165.4106454790777	
9.210606441867398	1793.0	-2.74887962278413	2283.0	2.808212809312389	1306.0	0.0	3125.457763671875	36879.0	0.41500000000000004	687.0	1.082995951417004	125.0	-0.22672064777327935	-81.0	17.862058418718462	10766.0	6.024552813326945	-340.0	-1307.0	-166.28930180959884	
9.080048487475628	1795.0	-2.709436966722988	2280.0	2.783599697347525	1317.0	0.0	3144.989013671875	37519.0	0.405	683.0	1.0769230769230769	122.0	-0.3319838056680162	-29.0	21.92995870928277	10807.0	4.099361937341303	-225.0	-1573.0	-166.9376775483418	
8.733897312567864	1789.0	-2.8007449336899692	2288.0	2.8506011828856144	1346.0	0.0	3164.520263671875	38159.0	0.405	683.0	1.0769230769230769	122.0	-0.3319838056680162	-29.0	21.410001529285825	10895.0	2.257213221087947	-103.0	-1539.0	-168.30641359741932	
8.889598524003922	1785.0	-2.706814266274405	2280.0	2.9022295794326234	1333.0	0.0	3184.051513671875	38799.0	0.405	683.0	1.0769230769230769	122.0	-0.3319838056680162	-29.0	14.543508181679158	11102.0	1.3485292426642057	-24.0	-1090.0	-171.49180855443544	
8.494390697401371	1792.0	-2.9418826408151997	2300.0	2.8092387842781914	1366.0	0.0	3203.582763671875	39439.0	0.405	683.0	1.0769230769230769	122.0	-0.3319838056680162	-29.0	-1.4069429576387829	11483.0	4.136716800549617	-160.0	-47.0	-177.31017495260215	
8.03598865960161	1778.0	-3.543991182695976	2350.0	2.9612872918577593	1404.0	0.0	3223.114013671875	40079.0	0.3575	664.0	1.0991902834008098	133.0	-0.42105263157894735	15.0	-16.852729775194984	12055.0	9.779456337839223	-481.0	963.0	-186.03079220967672	
7.516266710435622	1781.0	-4.32570990881865	2415.0	2.904311119530393	1447.0	0.0	3242.645263671875	40719.0	0.3575	664.0	1.0991902834008098	133.0	-0.42105263157894735	15.0	-29.54580211041444	12645.0	15.114910795899513	-789.0	1793.0	-195.03068302338983	
7.25440543705309	1810.0	-5.511837247071909	2513.0	2.5285723696700564	1468.0	0.0	3262.176513671875	41359.0	0.3575	664.0	1.0991902834008098	133.0	-0.42105263157894735	15.0	-45.9244532803181	13353.0	18.67790878422758	-971.0	2864.0	-205.85894747345895	
6.907486015155905	1810.0	-6.870446103457084	2625.0	2.4979309983233806	1496.0	0.0	3281.707763671875	41999.0	0.195	599.0	1.1093117408906883	138.0	-0.5425101214574899	75.0	-59.97858999847072	13810.0	20.217597258626306	-1030.0	3783.0	-212.85597962047805	
6.844659216762176	1827.0	-8.39122118092523	2750.0	2.2620679516816473	1500.0	0.0	3301.239013671875	42639.0	0.195	599.0	1.1093117408906883	138.0	-0.5425101214574899	75.0	-70.24009787429272	14069.0	20.544709084072885	-1022.0	4454.0	-216.82692976967792	
6.833477923205529	1855.0	-9.509350536589901	2842.0	1.9022441540424262	1500.0	0.0	3320.770263671875	43279.0	0.195	599.0	1.1093117408906883	138.0	-0.5425101214574899	75.0	-87.85747056124791	14074.0	23.341877347238707	-1158.0	5606.0	-216.87568050533693	
7.518833545624029	1905.0	-11.211883532835234	2981.0	1.2726374117874872	1441.0	0.0	3340.301513671875	43919.0	0.195	599.0	1.1093117408906883	138.0	-0.5425101214574899	75.0	-95.12157822296989	13684.0	25.6182096358887	-1291.0	6081.0	-210.8685685557817	
8.101917436049163	1933.0	-12.427304014131348	3080.0	0.9168104434754549	1391.0	0.0	3359.832763671875	44559.0	-0.065	495.0	1.125506072874494	146.0	-0.6234817813765182	115.0	-81.15919865422849	12736.0	29.697720200172338	-1602.0	5168.0	-196.28120294223646	
8.680157248631305	1951.0	-12.93665608925043	3121.0	0.6955383302193767	1342.0	0.0	3379.364013671875	45199.0	-0.065	495.0	1.125506072874494	146.0	-0.6234817813765182	115.0	-57.088239792017134	11354.0	34.98283710144899	-2022.0	3594.0	-175.02227535769507	
9.640124247626852	2032.0	-12.178051427791125	3058.0	-0.255593521019313	1262.0	0.0	3398.895263671875	45839.0	-0.065	495.0	1.125506072874494	146.0	-0.6234817813765182	115.0	-21.471172962226643	9053.0	42.2644942867049	-2611.0	1265.0	-139.64180188849707	
9.882729003336427	2071.0	-11.727099666357327	3021.0	-0.7140279563058305	1242.0	0.0	3418.426513671875	46479.0	-0.20750000000000002	438.0	1.105263157894737	136.0	-0.6558704453441295	131.0	47.59137482795535	4480.0	49.244138165794006	-3290.0	-3251.0	-69.40168168110101	
9.86717799358377	2078.0	-12.091724451146952	3051.0	-0.8058133114967398	1243.0	0.0	3437.957763671875	47119.0	-0.20750000000000002	438.0	1.105263157894737	136.0	-0.6558704453441295	131.0	112.02018657287049	-701.0	56.11587858089655	-3956.0	-7464.0	10.166805555795158	
9.382308633745026	2080.0	-12.95961281597361	3123.0	-0.8521161579338291	1283.0	0.0	3457.489013671875	47759.0	-0.20750000000000002	438.0	1.105263157894737	136.0	-0.6558704453441295	131.0	129.53050925217926	-4615.0	57.62968274884441	-4139.0	-8609.0	70.24025263537551	
9.819613074001204	2115.0	-12.08631164749877	3051.0	-1.2519638371497224	1247.0	0.0	3477.020263671875	48399.0	-0.02	513.0	1.0546558704453441	111.0	-0.7267206477732794	166.0	116.30218687872764	-7236.0	60.74048193083349	-4333.0	-7744.0	110.48925229514079	
8.857778673881786	2131.0	-10.650704040392954	2935.0	-1.4256411133461497	1329.0	0.0	3496.551513671875	49039.0	-0.02	513.0	1.0546558704453441	111.0	-0.7267206477732794	166.0	112.73895090992508	-8515.0	60.59447653082946	-4327.0	-7511.0	130.11338683988248	
7.683443172107765	2176.0	-9.036635170175815	2805.0	-1.947271765658342	1429.0	0.0	3516.082763671875	49679.0	-0.02	513.0	1.0546558704453441	111.0	-0.7267206477732794	166.0	112.60131518580823	-9253.0	57.16451690724554	-4111.0	-7502.0	141.4033161833428	
6.522693790663543	2202.0	-7.25443045745524	2661.0	-2.2364881772665655	1528.0	0.0	3535.614013671875	50319.0	-0.02	513.0	1.0546558704453441	111.0	-0.7267206477732794	166.0	104.17495029821075	-9549.0	53.94932060502019	-3883.0	-6951.0	145.91313138312557	
5.0862165792863765	2209.0	-5.664056357076561	2533.0	-2.303382816770354	1650.0	0.0	3555.145263671875	50959.0	0.215	607.0	0.9757085020242915	72.0	-0.7530364372469636	179.0	90.54901361064384	-9747.0	41.636411715856376	-3049.0	-6060.0	148.82821005854268	
4.906927171287055	2255.0	-4.545378109389637	2442.0	-2.8370190133664885	1666.0	0.0	3574.676513671875	51599.0	0.215	607.0	0.9757085020242915	72.0	-0.7530364372469636	179.0	65.72870469490748	-9910.0	26.57741512583408	-2007.0	-4437.0	151.1787709289168	
4.518871839449179	2229.0	-4.065197007463002	2403.0	-2.5180429325981417	1699.0	0.0	3594.207763671875	52239.0	0.215	607.0	0.9757085020242915	72.0	-0.7530364372469636	179.0	47.08671050619361	-9871.0	7.041846519835912	-688.0	-3218.0	150.38498038018994	
4.696507104076814	2190.0	-4.1588134018424014	2410.0	-2.048259389767164	1684.0	0.0	3613.739013671875	52879.0	0.39	677.0	0.9493927125506073	59.0	-0.7165991902834008	161.0	32.390273742162414	-9807.0	-15.154748727791146	794.0	-2257.0	149.18096747359365	
4.878790313870502	2164.0	-3.7876352796163766	2379.0	-1.7257599831765138	1669.0	0.0	3633.270263671875	53519.0	0.39	677.0	0.9493927125506073	59.0	-0.7165991902834008	161.0	26.028444716317484	-9822.0	-39.173364117960865	2372.0	-1841.0	149.17094857456385	
4.930981500565035	2122.0	-3.3304213720679607	2341.0	-1.2100696967730584	1665.0	0.0	3652.801513671875	54159.0	0.39	677.0	0.9493927125506073	59.0	-0.7165991902834008	161.0	26.823673344548098	-9791.0	-61.81005866433826	3842.0	-1893.0	148.46890263569819	
4.765855973321383	2058.0	-3.1763074297664633	2328.0	-0.4375543358500672	1679.0	0.0	3672.332763671875	54799.0	0.39	677.0	0.9493927125506073	59.0	-0.7165991902834008	161.0	25.340266095733295	-9774.0	-84.00400855346159	5289.0	-1796.0	147.98610691461883	
5.17941330756206	1975.0	-3.48724067236545	2352.0	0.5603625726403598	1644.0	0.0	3691.864013671875	55439.0	0.5175	728.0	0.9716599190283401	70.0	-0.5445344129554656	76.0	14.834072488148037	-9762.0	-105.14571823662222	6691.0	-1109.0	147.59055601388974	
5.648656550282465	1853.0	-4.181964019372525	2407.0	2.0210400561997113	1604.0	0.0	3711.395263671875	56079.0	0.5175	728.0	0.9716599190283401	70.0	-0.5445344129554656	76.0	-1.5598715399908245	-9771.0	-126.90110256572757	8148.0	-37.0	147.5111025235218	
6.440108669188024	1724.0	-4.7986568907214915	2455.0	3.5708375874316673	1537.0	0.0	3730.926513671875	56719.0	0.5175	728.0	0.9716599190283401	70.0	-0.5445344129554656	76.0	0.16822144058724578	-10033.0	-148.86640796687712	9569.0	-150.0	151.31170418793903	
6.655674454334752	1608.0	-4.670649804619985	2443.0	4.973143748450948	1519.0	0.0	3750.457763671875	57359.0	0.5875	756.0	1.0242914979757085	96.0	-0.2631578947368421	-63.0	20.278330019880716	-10394.0	-167.12170385515992	10700.0	-1465.0	156.6685098296393	
6.720696260612264	1527.0	-4.120850129249718	2397.0	5.9606935744789595	1514.0	0.0	3769.989013671875	57999.0	0.5875	756.0	1.0242914979757085	96.0	-0.2631578947368421	-63.0	52.79094662792476	-11001.0	-182.37323062780226	11601.0	-3591.0	165.8300961423947	
