Device	Device	Device	Device	Device	Device	Device	Device	Device	Device	Device	Device	Device	Device	Device	Device	Device	Device	Device	Device	Device	
Low Noise Accelerometer X	Low Noise Accelerometer X	Low Noise Accelerometer Z	Low Noise Accelerometer Z	Low Noise Accelerometer Y	Low Noise Accelerometer Y	Event_Marker	Timestamp	Timestamp	Magnetometer Z	Magnetometer Z	Magnetometer X	Magnetometer X	Magnetometer Y	Magnetometer Y	Gyroscope Y	Gyroscope Y	Gyroscope Z	Gyroscope Z	Gyroscope X	Gyroscope X	
CAL	UNCAL	UNCAL	CAL	CAL	UNCAL	CAL	UNCAL	CAL	CAL	UNCAL	UNCAL	CAL	CAL	UNCAL	CAL	UNCAL	CAL	UNCAL	UNCAL	CAL	
m/(s^2)	no units	no units	m/(s^2)	m/(s^2)	no units	no units	no units	ms	local_flux	no units	no units	local_flux	local_flux	no units	deg/s	no units	deg/s	no units	no units	deg/s	
5.331215824199175	2285.0	2672.0	-7.354608056272957	-3.2504065089075636	1628.0	0.0	61960.0	1890.869140625	-1.22	33.0	-359.0	0.10323886639676114	-0.2125506072874494	-88.0	0.3058571647040832	150.0	-0.7006048354588233	37.0	-159.0	-3.4595148714326918	
5.377127101867171	2292.0	2686.0	-7.5253850513781595	-3.337700285430578	1624.0	0.0	62600.0	1910.400390625	-1.22	33.0	-359.0	0.10323886639676114	-0.2125506072874494	-88.0	0.3058571647040832	196.0	-0.06293793538982759	-4.0	-159.0	-4.158984450705747	
5.329754200495411	2286.0	2684.0	-7.500770426649359	-3.2653925653232134	1628.0	0.0	63240.0	1929.931640625	-1.2325	28.0	-363.0	0.0951417004048583	-0.20850202429149797	-90.0	1.5751643982260286	140.0	0.13917488418016588	-21.0	-242.0	-3.2976722376550534	
5.317855443497655	2289.0	2684.0	-7.500169935948712	-3.301644121392431	1629.0	0.0	63880.0	1949.462890625	-1.2325	28.0	-363.0	0.0951417004048583	-0.20850202429149797	-90.0	1.9269001376357242	122.0	0.07620299807956478	-18.0	-265.0	-3.022101250669811	
5.329390902158061	2288.0	2687.0	-7.5371002603842685	-3.290219180523454	1628.0	0.0	64520.0	1968.994140625	-1.2325	28.0	-363.0	0.0951417004048583	-0.20850202429149797	-90.0	2.27863587704542	80.0	-0.6672024716712474	29.0	-288.0	-2.3850669917260725	
5.353927056191653	2288.0	2681.0	-7.464437237977507	-3.288520558534983	1626.0	0.0	65160.0	1988.525390625	-1.2175	34.0	-354.0	0.11336032388663968	-0.1700404858299595	-109.0	2.003364428811745	65.0	-0.5508291814261349	22.0	-270.0	-2.1537360039517486	
5.377856107214545	2290.0	2680.0	-7.452484516640694	-3.312138599140186	1624.0	0.0	264.0	2008.056640625	-1.2175	34.0	-354.0	0.11336032388663968	-0.1700404858299595	-109.0	1.4528215323443954	96.0	0.045032946890863464	-15.0	-234.0	-2.6234563760704503	
5.329515213167413	2290.0	2686.0	-7.524669159449101	-3.3140657009368257	1628.0	0.0	904.0	2027.587890625	-1.2175	34.0	-354.0	0.11336032388663968	-0.1700404858299595	-109.0	0.45878574705612485	162.0	0.986997976331456	-73.0	-169.0	-3.626772647212288	
5.388657743182224	2287.0	2689.0	-7.562797110349011	-3.2780922563414228	1623.0	0.0	1544.0	2047.119140625	-1.2175	34.0	-354.0	0.11336032388663968	-0.1700404858299595	-109.0	0.7340571952897997	157.0	0.9906017827233505	-74.0	-187.0	-3.5500141908577447	
5.38951105953895	2287.0	2682.0	-7.477465474676379	-3.2763770904644027	1623.0	0.0	2184.0	2066.650390625	-1.2275	30.0	-351.0	0.1194331983805668	-0.18016194331983806	-104.0	1.6975072641076618	110.0	0.7602879174204042	-62.0	-250.0	-2.8311265975789035	
5.341048263155143	2287.0	2689.0	-7.561840351152306	-3.2785492159577596	1627.0	0.0	2824.0	2086.181640625	-1.2275	30.0	-351.0	0.1194331983805668	-0.18016194331983806	-104.0	2.293928735280624	77.0	-0.02228455914060018	-13.0	-289.0	-2.332584361626392	
5.3415298508201525	2282.0	2685.0	-7.513681584651349	-3.2173402608956687	1627.0	0.0	3464.0	2105.712890625	-1.2275	30.0	-351.0	0.1194331983805668	-0.18016194331983806	-104.0	1.7280929805780703	39.0	0.0714198412413111	-18.0	-252.0	-1.748556938613826	
5.449383799237474	2283.0	2679.0	-7.4425724572049985	-3.226887731633653	1618.0	0.0	4104.0	2125.244140625	-1.23	29.0	-350.0	0.12145748987854252	-0.16396761133603238	-112.0	1.513992965285212	54.0	0.6359900172364751	-54.0	-238.0	-1.9730784917257482	
5.400801509189668	2285.0	2687.0	-7.538896700080797	-3.2533964249338156	1622.0	0.0	4744.0	2144.775390625	-1.23	29.0	-350.0	0.12145748987854252	-0.16396761133603238	-112.0	2.6150787582199118	62.0	0.9007926416450353	-74.0	-310.0	-2.0931863347466617	
5.353797927836949	2282.0	2682.0	-7.477350073447968	-3.216490949901433	1626.0	0.0	5384.0	2164.306640625	-1.23	29.0	-350.0	0.12145748987854252	-0.16396761133603238	-112.0	2.8903502064535864	23.0	0.9299412668808568	-77.0	-328.0	-1.4944599858274321	
5.259066577129489	2282.0	2678.0	-7.426675620384483	-3.216424774347238	1634.0	0.0	6024.0	2183.837890625	-1.23	29.0	-350.0	0.12145748987854252	-0.16396761133603238	-112.0	2.6915430493959325	29.0	0.6311991187017294	-57.0	-315.0	-1.5895143092579729	
5.294533495485463	2285.0	2680.0	-7.451412356215579	-3.2527094181935534	1631.0	0.0	6664.0	2203.369140625	-1.215	35.0	-351.0	0.1194331983805668	-0.17408906882591094	-107.0	1.9269001376357242	53.0	0.09637778464637581	-20.0	-265.0	-1.963130130393524	
5.330121111841774	2287.0	2681.0	-7.464079292012979	-3.2767032662881066	1628.0	0.0	7304.0	2222.900390625	-1.215	35.0	-351.0	0.1194331983805668	-0.17408906882591094	-107.0	2.385685884691849	53.0	-0.3526317130601333	8.0	-295.0	-1.9676202253705892	
5.354663287557058	2292.0	2675.0	-7.390814101437099	-3.3352335045748585	1626.0	0.0	7944.0	2242.431640625	-1.215	35.0	-351.0	0.1194331983805668	-0.17408906882591094	-107.0	3.700871692919407	49.0	-1.4517359384785316	76.0	-381.0	-1.9172333329922735	
5.377602667850489	2282.0	2682.0	-7.477828453046321	-3.2162624700932643	1624.0	0.0	8584.0	2261.962890625	-1.225	31.0	-345.0	0.13157894736842105	-0.19230769230769232	-98.0	4.312586022327573	65.0	-1.7044578553496756	91.0	-421.0	-2.1652722906909836	
5.435040973824524	2281.0	2699.0	-7.686378808023846	-3.2078109013619907	1619.0	0.0	9224.0	2281.494140625	-1.225	31.0	-345.0	0.13157894736842105	-0.19230769230769232	-98.0	2.003364428811745	86.0	-0.9936477756573272	51.0	-270.0	-2.4803983467146833	
5.471975537565953	2288.0	2689.0	-7.564351005309421	-3.289338349067878	1616.0	0.0	9864.0	2301.025390625	-1.225	31.0	-345.0	0.13157894736842105	-0.19230769230769232	-98.0	-1.7739715552836828	51.0	0.30561383462413966	-24.0	-23.0	-1.9303488025774966	
5.554319317592618	2290.0	2697.0	-7.663306335976158	-3.314590403423115	1609.0	0.0	10504.0	2320.556640625	-1.22	33.0	-353.0	0.11538461538461539	-0.19230769230769232	-98.0	-1.0093286435234747	-21.0	0.925354817867396	-67.0	-73.0	-0.8193485693600709	
5.435913559562662	2297.0	2692.0	-7.5991202342100355	-3.3988280883656823	1619.0	0.0	11144.0	2340.087890625	-1.22	33.0	-353.0	0.11538461538461539	-0.19230769230769232	-98.0	1.7280929805780703	-82.0	1.344834580863122	-102.0	-252.0	0.12085973141550556	
5.353815992882023	2297.0	2682.0	-7.475543568940613	-3.3971775307271	1626.0	0.0	11784.0	2359.619140625	-1.22	33.0	-353.0	0.11538461538461539	-0.19230769230769232	-98.0	2.82917877351277	-156.0	1.397106746215695	-109.0	-324.0	1.2568742437702742	
5.378352146915614	2297.0	2676.0	-7.402880546533853	-3.395478908738629	1624.0	0.0	12424.0	2379.150390625	-1.22	33.0	-353.0	0.11538461538461539	-0.19230769230769232	-98.0	1.6363358311668452	-150.0	1.1381220537025316	-89.0	-246.0	1.1622174948963933	
5.307423127549018	2295.0	2672.0	-7.352925340336368	-3.3710927092661764	1630.0	0.0	13064.0	2398.681640625	-1.22	33.0	-354.0	0.11336032388663968	-0.19635627530364372	-96.0	1.2693072335219453	-67.0	0.8733028721517743	-70.0	-222.0	-0.11402284054348151	
5.342148997194235	2290.0	2680.0	-7.451766947243165	-3.3124813188524387	1627.0	0.0	13704.0	2418.212890625	-1.22	33.0	-354.0	0.11336032388663968	-0.19635627530364372	-96.0	0.24468573176326658	22.0	0.9279388590791599	-70.0	-155.0	-1.479135526247324	
5.329996800832423	2285.0	2682.0	-7.4765103929481445	-3.252856745874735	1628.0	0.0	14344.0	2437.744140625	-1.22	33.0	-354.0	0.11336032388663968	-0.19635627530364372	-96.0	-0.8564000611714331	57.0	1.0542514732394104	-75.0	-83.0	-2.0149293281400937	
5.305581344799168	2284.0	2687.0	-7.537103615321211	-3.2422645721114445	1630.0	0.0	14984.0	2457.275390625	-1.22	33.0	-353.0	0.11538461538461539	-0.1700404858299595	-109.0	-0.8105214864658206	63.0	0.7303421636211092	-54.0	-86.0	-2.1102353231850257	
5.340193742462079	2286.0	2696.0	-7.647292420458761	-3.268218609779735	1627.0	0.0	15624.0	2476.806640625	-1.22	33.0	-353.0	0.11538461538461539	-0.1700404858299595	-109.0	-0.09175714941122497	-3.0	0.5222802993783306	-43.0	-133.0	-1.09958002039121	
5.30546185113517	2286.0	2688.0	-7.549052981721082	-3.2666011399182504	1630.0	0.0	16264.0	2496.337890625	-1.22	33.0	-353.0	0.11538461538461539	-0.1700404858299595	-109.0	-0.5811286129377581	-93.0	0.22043032992828543	-23.0	-101.0	0.2784050091455312	
5.340923952145792	2285.0	2690.0	-7.574271452087472	-3.254702695544388	1627.0	0.0	16904.0	2515.869140625	-1.22	33.0	-353.0	0.11538461538461539	-0.1700404858299595	-109.0	0.5352500382321457	-111.0	-0.3653069604154823	12.0	-174.0	0.5487483420883418	
5.340676534463427	2282.0	2692.0	-7.599013220323981	-3.2190554267726883	1627.0	0.0	17544.0	2535.400390625	-1.2125000000000001	36.0	-353.0	0.11538461538461539	-0.15991902834008098	-114.0	0.6423000458785748	-159.0	-0.3923338590721607	13.0	-181.0	1.2850132886917707	
5.342512295531583	2288.0	2677.0	-7.415437113508256	-3.2876547036521986	1627.0	0.0	18184.0	2554.931640625	-1.2125000000000001	36.0	-353.0	0.11538461538461539	-0.15991902834008098	-114.0	-1.804557271754091	-151.0	0.13741798591533194	-15.0	-21.0	1.1675549378766463	
5.413677893553501	2284.0	2679.0	-7.4417344541736465	-3.23927622340095	1621.0	0.0	18824.0	2574.462890625	-1.2125000000000001	36.0	-353.0	0.11538461538461539	-0.15991902834008098	-114.0	-2.584493041749503	-127.0	0.64909664035605	-46.0	30.0	0.8044041166260556	
5.3418955578301786	2282.0	2682.0	-7.477110883648792	-3.216605189805517	1627.0	0.0	19464.0	2593.994140625	-1.225	31.0	-350.0	0.12145748987854252	-0.1882591093117409	-100.0	-1.2540143752867412	-140.0	0.870741026309553	-64.0	-57.0	1.0060988480412143	
5.474653775963793	2285.0	2667.0	-7.296527165525477	-3.247810511574968	1616.0	0.0	20104.0	2613.525390625	-1.225	31.0	-350.0	0.12145748987854252	-0.1882591093117409	-100.0	-0.8105214864658206	-166.0	0.20302406354082855	-22.0	-86.0	1.3983782535247746	
5.534897040017694	2285.0	2661.0	-7.224581712516246	-3.245769169874244	1611.0	0.0	20744.0	2633.056640625	-1.225	31.0	-350.0	0.12145748987854252	-0.1882591093117409	-100.0	-0.16822144058724578	-199.0	-0.4429569751891009	18.0	-128.0	1.8982864038555973	
5.547043214697815	2285.0	2659.0	-7.2004404349803846	-3.245164882576726	1610.0	0.0	21384.0	2652.587890625	-1.2225	32.0	-347.0	0.12753036437246965	-0.15991902834008098	-114.0	-1.0705000764642914	-157.0	-0.15433402675585867	2.0	-69.0	1.2567043196986838	
5.641422106094971	2296.0	2666.0	-7.286360819074366	-3.3784696218265617	1602.0	0.0	22024.0	2672.119140625	-1.2225	32.0	-347.0	0.12753036437246965	-0.15991902834008098	-114.0	-2.6150787582199118	-22.0	1.312419897691216	-88.0	32.0	-0.8001334349037078	
5.652584631727322	2289.0	2672.0	-7.360584446315421	-3.2955051197174687	1601.0	0.0	22664.0	2691.650390625	-1.2225	32.0	-347.0	0.12753036437246965	-0.15991902834008098	-114.0	-0.7034714788193914	7.0	1.901783272484411	-131.0	-93.0	-1.2392298272413984	
5.486312341297212	2285.0	2669.0	-7.321146822659691	-3.248186319064318	1615.0	0.0	23304.0	2711.181640625	-1.2225	32.0	-347.0	0.12753036437246965	-0.15991902834008098	-114.0	1.3916500994035788	7.0	1.8641289214449572	-134.0	-230.0	-1.2396063707517928	
5.50940011932676	2297.0	2675.0	-7.393321400657272	-3.3939772460969864	1613.0	0.0	23944.0	2730.712890625	-1.23	29.0	-350.0	0.12145748987854252	-0.1659919028340081	-111.0	1.3151858082275578	31.0	2.240006554641515	-158.0	-225.0	-1.6041152022148248	
5.604244942016528	2290.0	2678.0	-7.432648655490005	-3.3094779935691525	1605.0	0.0	24584.0	2750.244140625	-1.23	29.0	-350.0	0.12145748987854252	-0.1659919028340081	-111.0	0.764642911760208	22.0	1.9684116976457255	-139.0	-189.0	-1.4687307978616586	
5.796500558147934	2281.0	2663.0	-7.2547060899684555	-3.1955628511576486	1589.0	0.0	25224.0	2769.775390625	-1.23	29.0	-350.0	0.12145748987854252	-0.1659919028340081	-111.0	-0.8869857776418414	32.0	2.7588979425481166	-186.0	-81.0	-1.6142707719938836	
6.000555911330847	2288.0	2649.0	-7.087266009772422	-3.2745108454194893	1572.0	0.0	25864.0	2789.306640625	-1.215	35.0	-348.0	0.12550607287449392	-0.1902834008097166	-99.0	-2.1257072946933784	87.0	4.139621600967983	-272.0	0.0	-2.444410136606555	
6.3709946182534996	2290.0	2637.0	-6.948157222269012	-3.292120668142363	1541.0	0.0	26504.0	2808.837890625	-1.215	35.0	-348.0	0.12550607287449392	-0.1902834008097166	-99.0	-1.6210429729316411	163.0	5.946021564086237	-390.0	-33.0	-3.592526894992865	
6.8604461862168105	2283.0	2625.0	-6.812524235461778	-3.200176143328995	1500.0	0.0	27144.0	2828.369140625	-1.215	35.0	-348.0	0.12550607287449392	-0.1902834008097166	-99.0	-3.2879645205688948	245.0	8.516948129270359	-552.0	76.0	-4.8250652893072665	
7.316285866273716	2295.0	2596.0	-6.466651467866544	-3.3332786044295335	1462.0	0.0	27784.0	2847.900390625	-1.215	35.0	-348.0	0.12550607287449392	-0.1902834008097166	-99.0	-6.025386144670439	355.0	12.842245342083913	-825.0	255.0	-6.469705519572871	
7.663513688493808	2284.0	2579.0	-6.2676787696668965	-3.193296751761412	1433.0	0.0	28424.0	2867.431640625	-1.2175	34.0	-354.0	0.11336032388663968	-0.19230769230769232	-98.0	-2.46215017586787	426.0	17.247933338941547	-1120.0	22.0	-7.515106979331163	
7.865475023899154	2273.0	2582.0	-6.30964046722751	-3.0595862518766426	1416.0	0.0	29064.0	2886.962890625	-1.2175	34.0	-354.0	0.11336032388663968	-0.19230769230769232	-98.0	3.2879645205688948	565.0	22.130293728194427	-1451.0	-354.0	-9.599166603917995	
7.865098477862085	2264.0	2585.0	-6.347295070934479	-2.951909374471394	1416.0	0.0	29704.0	2906.494140625	-1.2175	34.0	-354.0	0.11336032388663968	-0.19230769230769232	-98.0	8.028750573482185	713.0	27.500444705317513	-1811.0	-664.0	-11.81644867554925	
7.996751144611254	2260.0	2579.0	-6.2772664912556	-2.9009995051259874	1405.0	0.0	30344.0	2926.025390625	-1.2225	32.0	-365.0	0.09109311740890688	-0.1862348178137652	-101.0	9.756843554060255	815.0	33.53773918835301	-2207.0	-777.0	-13.321213063847635	
7.901517732521033	2248.0	2579.0	-6.276798176468073	-2.757364159698127	1413.0	0.0	30984.0	2945.556640625	-1.2225	32.0	-365.0	0.09109311740890688	-0.1862348178137652	-101.0	11.0261507875822	902.0	39.77565035367124	-2615.0	-860.0	-14.593804030451322	
7.901393421511681	2246.0	2580.0	-6.28922927740324	-2.7335176392847553	1413.0	0.0	31624.0	2965.087890625	-1.2225	32.0	-365.0	0.09109311740890688	-0.1862348178137652	-101.0	14.207065300504667	1026.0	46.21963455938909	-3041.0	-1068.0	-16.43208016200163	
7.793168948738983	2241.0	2589.0	-6.397390840387442	-2.6765221514167443	1422.0	0.0	32264.0	2984.619140625	-1.21	37.0	-354.0	0.11336032388663968	-0.15991902834008098	-114.0	18.81021562930112	1141.0	51.805557193091026	-3415.0	-1369.0	-18.140836556348976	
7.62567883927846	2238.0	2596.0	-6.479735119773077	-2.64369935978581	1436.0	0.0	32904.0	3004.150390625	-1.21	37.0	-354.0	0.11336032388663968	-0.15991902834008098	-114.0	20.232451445175105	1281.0	57.73786937365672	-3803.0	-1462.0	-20.229741146680805	
7.554380499892823	2233.0	2595.0	-6.466711915479618	-2.5839109152383752	1442.0	0.0	33544.0	3023.681640625	-1.21	37.0	-354.0	0.11336032388663968	-0.15991902834008098	-114.0	20.125401437528676	1412.0	63.576158897051855	-4181.0	-1455.0	-22.181485610661216	
7.531426667563332	2231.0	2588.0	-6.381142767476282	-2.5583326850594346	1444.0	0.0	34184.0	3043.212890625	-1.21	37.0	-354.0	0.11336032388663968	-0.15991902834008098	-114.0	21.50175867869705	1558.0	69.11132813291528	-4543.0	-1545.0	-24.366428532388817	
7.42321182948134	2234.0	2597.0	-6.4883408613898945	-2.5977033736317794	1453.0	0.0	34824.0	3062.744140625	-1.205	39.0	-341.0	0.1396761133603239	-0.13765182186234817	-125.0	25.844930417495032	1671.0	73.89216433829311	-4864.0	-1829.0	-26.052546823703157	
7.280997718428826	2238.0	2592.0	-6.42403768092689	-2.646032222217382	1465.0	0.0	35464.0	3082.275390625	-1.205	39.0	-341.0	0.1396761133603239	-0.13765182186234817	-125.0	31.74797369628384	1769.0	77.1932850836682	-5093.0	-2215.0	-27.523295014745646	
7.140116102725373	2235.0	2576.0	-6.226484965557945	-2.607345405753785	1477.0	0.0	36104.0	3101.806640625	-1.205	39.0	-341.0	0.1396761133603239	-0.13765182186234817	-125.0	39.07325279094663	1810.0	78.38314206542289	-5189.0	-2694.0	-28.140520274911218	
6.770183070194494	2248.0	2584.0	-6.315026313883925	-2.7694420690697092	1508.0	0.0	36744.0	3121.337890625	-1.19	45.0	-313.0	0.19635627530364372	-0.07894736842105263	-154.0	44.04343171738798	2152.0	80.31322363376542	-5324.0	-3019.0	-33.36903287030651	
6.420729693169455	2233.0	2619.0	-6.736554492578328	-2.600644274847583	1537.0	0.0	37384.0	3140.869140625	-1.19	45.0	-313.0	0.19635627530364372	-0.07894736842105263	-154.0	46.138553295610954	2498.0	81.62063559587388	-5411.0	-3156.0	-38.665150096396644	
6.192505097299315	2227.0	2636.0	-6.939966460544742	-2.5347056035391065	1556.0	0.0	38024.0	3160.400390625	-1.19	45.0	-313.0	0.19635627530364372	-0.07894736842105263	-154.0	48.55482489677321	3000.0	82.83147286684704	-5491.0	-3314.0	-46.35597252006561	
6.013122252522727	2232.0	2643.0	-7.0211080810606115	-2.598363228252611	1571.0	0.0	38664.0	3179.931640625	-1.19	45.0	-313.0	0.19635627530364372	-0.07894736842105263	-154.0	46.15384615384616	3400.0	83.40415340303224	-5518.0	-3157.0	-52.48803917795372	
6.048323688151263	2217.0	2647.0	-7.072393089635571	-2.4183140225015602	1568.0	0.0	39304.0	3199.462890625	-1.185	47.0	-287.0	0.24898785425101214	-0.06275303643724696	-162.0	46.07738186267014	3637.0	82.82834602629522	-5478.0	-3152.0	-56.1304398786967	
5.986467993984805	2194.0	2666.0	-7.305581553900492	-2.1464879149935836	1573.0	0.0	39944.0	3218.994140625	-1.185	47.0	-287.0	0.24898785425101214	-0.06275303643724696	-162.0	49.45710353265026	3810.0	81.53539924677395	-5401.0	-3373.0	-58.79796501934752	
5.949774826244049	2185.0	2674.0	-7.403469756547527	-2.0403788757841728	1576.0	0.0	40584.0	3238.525390625	-1.185	47.0	-287.0	0.24898785425101214	-0.06275303643724696	-162.0	47.48432482030892	3998.0	81.9969035984598	-5424.0	-3244.0	-61.678112903558144	
6.187935698361758	2178.0	2673.0	-7.396906354300299	-1.9535286496204607	1556.0	0.0	41224.0	3258.056640625	-1.155	59.0	-265.0	0.2935222672064777	-0.0020242914979757085	-192.0	45.2209818014987	4072.0	82.71401048182236	-5464.0	-3096.0	-62.80643362542576	
6.2838499423458245	2148.0	2667.0	-7.329291479703306	-1.5897714265561498	1548.0	0.0	41864.0	3277.587890625	-1.155	59.0	-265.0	0.2935222672064777	-0.0020242914979757085	-192.0	48.386603456185966	4046.0	82.41422129107018	-5453.0	-3303.0	-62.41047494222203	
6.140275636208472	2136.0	2673.0	-7.401007807724189	-1.448063182924929	1560.0	0.0	42504.0	3297.119140625	-1.155	59.0	-265.0	0.2935222672064777	-0.0020242914979757085	-192.0	50.7264107661722	4114.0	82.68482791124634	-5476.0	-3456.0	-63.45119376477276	
6.163218629510919	2129.0	2680.0	-7.487660858431939	-1.3652294646084693	1558.0	0.0	43144.0	3316.650390625	-1.12	73.0	-224.0	0.3765182186234818	0.05263157894736842	-219.0	50.49701789264414	4205.0	84.10760947667542	-5567.0	-3441.0	-64.83331396200784	
6.1390554085053815	2135.0	2683.0	-7.523030578033201	-1.438467647837056	1560.0	0.0	43784.0	3336.181640625	-1.12	73.0	-224.0	0.3765182186234818	0.05263157894736842	-219.0	45.9397461385533	4322.0	87.50702121958045	-5775.0	-3143.0	-66.59462443257941	
6.259418829940173	2134.0	2672.0	-7.39145033931608	-1.4225842160772815	1550.0	0.0	44424.0	3355.712890625	-1.12	73.0	-224.0	0.3765182186234818	0.05263157894736842	-219.0	43.69169597797829	4361.0	89.86388247456831	-5922.0	-2996.0	-67.16949068269639	
6.237189185612704	2126.0	2659.0	-7.233462391110572	-1.3232612113877713	1552.0	0.0	45064.0	3375.244140625	-1.12	73.0	-224.0	0.3765182186234818	0.05263157894736842	-219.0	46.93378192384157	4392.0	91.36932366433624	-6028.0	-3208.0	-67.6301152642006	
6.130048586170361	2110.0	2659.0	-7.233236621059164	-1.1315570176438168	1561.0	0.0	45704.0	3394.775390625	-1.0875000000000001	86.0	-193.0	0.4392712550607287	0.05465587044534413	-220.0	51.79691084263649	4335.0	90.35089480389165	-5975.0	-3526.0	-66.76566398429192	
6.058039306482423	2122.0	2664.0	-7.291307446995816	-1.2780168402124417	1567.0	0.0	46344.0	3414.306640625	-1.0875000000000001	86.0	-193.0	0.4392712550607287	0.05465587044534413	-220.0	52.51567517969109	4446.0	90.677553416874	-5997.0	-3573.0	-68.46563508421396	
6.118049604890019	2131.0	2660.0	-7.242658558617209	-1.3848774944005524	1562.0	0.0	46984.0	3433.837890625	-1.0875000000000001	86.0	-193.0	0.4392712550607287	0.05465587044534413	-220.0	51.21578222969874	4544.0	91.5289962776967	-6048.0	-3488.0	-69.96088005410198	
6.180376047694442	2140.0	2637.0	-6.962395230555744	-1.487082698351038	1557.0	0.0	47624.0	3453.369140625	-1.035	107.0	-164.0	0.4979757085020243	0.07489878542510121	-230.0	52.8979966355712	4618.0	92.0729159339099	-6087.0	-3598.0	-71.0909326482411	
6.181452695006769	2123.0	2628.0	-6.854730499323077	-1.2800993601448276	1557.0	0.0	48264.0	3472.900390625	-1.035	107.0	-164.0	0.4979757085020243	0.07489878542510121	-230.0	57.65407554671969	4753.0	91.38046061385167	-6053.0	-3909.0	-73.16936249528854	
5.903675407740775	2123.0	2661.0	-7.251506844970145	-1.2908126599304288	1580.0	0.0	48904.0	3492.431640625	-1.035	107.0	-164.0	0.4979757085020243	0.07489878542510121	-230.0	58.051689860835	5029.0	92.57583819366931	-6129.0	-3935.0	-77.39248620913281	
5.912752345949927	2105.0	2684.0	-7.534289214531081	-1.079510068060038	1579.0	0.0	49544.0	3511.962890625	-1.035	107.0	-164.0	0.4979757085020243	0.07489878542510121	-230.0	52.51567517969109	5405.0	94.97748422096748	-6267.0	-3573.0	-83.13799560431481	
5.827724305843731	2101.0	2698.0	-7.7037598918174055	-1.035556990922489	1586.0	0.0	50184.0	3531.494140625	-0.9775	130.0	-132.0	0.562753036437247	0.10323886639676114	-244.0	46.6890961920783	5826.0	98.88958493452627	-6502.0	-3192.0	-89.55890221724982	
5.706270989396892	2108.0	2718.0	-7.944329631739254	-1.1259202682829847	1596.0	0.0	50824.0	3551.025390625	-0.9775	130.0	-132.0	0.562753036437247	0.10323886639676114	-244.0	42.6364887597492	6076.0	102.62759388357085	-6732.0	-2927.0	-93.35764304229059	
5.358163355420634	2097.0	2742.0	-8.231283505555655	-1.0026103016171477	1625.0	0.0	51464.0	3570.556640625	-0.9775	130.0	-132.0	0.562753036437247	0.10323886639676114	-244.0	42.498853035632365	6213.0	105.14579375449556	-6894.0	-2918.0	-95.43465530474445	
5.166244542227136	2082.0	2754.0	-8.375545777286417	-0.8266918436174328	1641.0	0.0	52104.0	3590.087890625	-0.92	153.0	-105.0	0.6174089068825911	0.17206477732793524	-278.0	44.54809603914972	6262.0	105.33282235952821	-6911.0	-3052.0	-96.18466471794224	
4.867556858283011	2056.0	2763.0	-8.482409409794096	-0.5185629810588349	1666.0	0.0	52744.0	3609.619140625	-0.92	153.0	-105.0	0.6174089068825911	0.17206477732793524	-278.0	45.144517510322686	6142.0	107.04395737965524	-7025.0	-3091.0	-94.32621532876598	
4.770386256505709	2055.0	2779.0	-8.675660063714812	-0.5113515073839379	1674.0	0.0	53384.0	3629.150390625	-0.92	153.0	-105.0	0.6174089068825911	0.17206477732793524	-278.0	40.877810062700725	6166.0	105.37260562263934	-6905.0	-2812.0	-94.71119645413116	
4.808268339204761	2039.0	2761.0	-8.45888036523818	-0.3138660082500654	1671.0	0.0	54024.0	3648.681640625	-0.8675	174.0	-80.0	0.6680161943319838	0.17206477732793524	-278.0	38.64505276036091	6039.0	104.87333513879837	-6868.0	-2666.0	-92.7674397343877	
4.810562805547502	2021.0	2742.0	-8.229433730964148	-0.09238666102163927	1671.0	0.0	54664.0	3668.212890625	-0.8675	174.0	-80.0	0.6680161943319838	0.17206477732793524	-278.0	36.167609726257844	5860.0	104.08363926645363	-6812.0	-2504.0	-90.02867411830678	
4.847717087235517	2008.0	2730.0	-8.085434133591159	0.06749137976679706	1668.0	0.0	55304.0	3687.744140625	-0.8675	174.0	-80.0	0.6680161943319838	0.17206477732793524	-278.0	38.92032420859459	5627.0	101.21540681087498	-6635.0	-2684.0	-86.48209175051947	
4.679368844072914	2001.0	2744.0	-8.25359178318472	0.14678209374089016	1682.0	0.0	55944.0	3707.275390625	-0.8675	174.0	-80.0	0.6680161943319838	0.17206477732793524	-278.0	47.69842483560178	5511.0	96.92443881593009	-6380.0	-3258.0	-84.74504132612641	
4.511375468893294	1985.0	2755.0	-8.386262634480138	0.33521982730053496	1696.0	0.0	56584.0	3726.806640625	-0.8025	200.0	-47.0	0.7348178137651822	0.18421052631578946	-284.0	50.512310750879344	5511.0	93.1820468817027	-6144.0	-3442.0	-84.78246524546869	
3.9724858858527745	1992.0	2782.0	-8.703792367103452	0.23914298742007317	1741.0	0.0	57224.0	3746.337890625	-0.8025	200.0	-47.0	0.7348178137651822	0.18421052631578946	-284.0	46.627924759137485	5577.0	90.30215239084801	-5946.0	-3188.0	-85.82400011181348	
3.695820171652916	2004.0	2806.0	-8.989411406136966	0.08608563624439222	1764.0	0.0	57864.0	3765.869140625	-0.8025	200.0	-47.0	0.7348178137651822	0.18421052631578946	-284.0	36.35112402508029	5923.0	90.08951864611124	-5902.0	-2516.0	-91.13531779497207	
3.3586770234165106	2024.0	2838.0	-9.370392896444159	-0.1658692804658024	1792.0	0.0	58504.0	3785.400390625	-0.7625000000000001	216.0	-17.0	0.7955465587044535	0.17813765182186236	-281.0	27.97063771218841	5949.0	89.12133332770298	-5817.0	-1968.0	-91.54395622326739	
3.0334326321778606	2041.0	2870.0	-9.751974877452001	-0.38157264110677946	1819.0	0.0	59144.0	3804.931640625	-0.7625000000000001	216.0	-17.0	0.7955465587044535	0.17813765182186236	-281.0	24.896773206912375	5902.0	86.25320652962586	-5623.0	-1767.0	-90.8514467593163	
2.4695481898291676	2072.0	2907.0	-10.18803815994038	-0.7694267270836485	1866.0	0.0	59784.0	3824.462890625	-0.7625000000000001	216.0	-17.0	0.7955465587044535	0.17813765182186236	-281.0	24.590916042208292	5566.0	80.32307504139813	-5240.0	-1747.0	-85.7550015650686	
2.337164109059947	2076.0	2919.0	-10.331208141624373	-0.8218067386093578	1877.0	0.0	60424.0	3843.994140625	-0.7625000000000001	216.0	-17.0	0.7955465587044535	0.17813765182186236	-281.0	21.547637253402662	5163.0	73.16940856349082	-4771.0	-1548.0	-79.64271131562336	
2.1816112953600024	2102.0	2926.0	-10.410299035428299	-1.1381970966706285	1890.0	0.0	61064.0	3863.525390625	-0.72	233.0	-5.0	0.819838056680162	0.17611336032388664	-280.0	13.014222358158742	4045.0	56.220445719519255	-3658.0	-990.0	-62.65706821427941	
2.2551135114964986	2115.0	2909.0	-10.202934564635829	-1.2899412911175105	1884.0	0.0	61704.0	3883.056640625	-0.72	233.0	-5.0	0.819838056680162	0.17611336032388664	-280.0	10.047407860529134	3527.0	48.64617810286748	-3163.0	-796.0	-54.78436835553723	
2.4812525199434403	2110.0	2909.0	-10.208081338989295	-1.2275418726646885	1865.0	0.0	62344.0	3902.587890625	-0.72	233.0	-5.0	0.819838056680162	0.17611336032388664	-280.0	9.03807921700566	3060.0	41.847382880140984	-2723.0	-730.0	-47.686482439420175	
2.6136534614213964	2120.0	2897.0	-10.063225286431772	-1.3438026699096022	1854.0	0.0	62984.0	3922.119140625	-0.7075	238.0	10.0	0.8502024291497976	0.14777327935222673	-266.0	10.261507875821993	2713.0	35.91592119432896	-2344.0	-810.0	-42.421261226908946	
2.829613593283756	2129.0	2883.0	-9.895783528767266	-1.4467279683774474	1836.0	0.0	63624.0	3941.650390625	-0.7075	238.0	10.0	0.8502024291497976	0.14777327935222673	-266.0	9.84860070347148	2457.0	30.55605122703384	-1997.0	-783.0	-38.54667211010192	
2.8795572827527387	2144.0	2864.0	-9.66331934377376	-1.6223021393491524	1832.0	0.0	64264.0	3961.181640625	-0.7075	238.0	10.0	0.8502024291497976	0.14777327935222673	-266.0	5.8112861293775815	2332.0	26.637841320831804	-1733.0	-519.0	-36.66779375189833	
3.036015199271953	2161.0	2850.0	-9.493718168042783	-1.8221648137777748	1819.0	0.0	64904.0	3980.712890625	-0.6950000000000001	243.0	13.0	0.8562753036437247	0.12753036437246965	-256.0	-0.382321455880104	2309.0	24.113504027468426	-1553.0	-114.0	-36.34011400069509	
3.3935678871400667	2156.0	2846.0	-9.452735095517113	-1.7575286615931585	1789.0	0.0	8.0	4000.244140625	-0.6950000000000001	243.0	13.0	0.8562753036437247	0.12753036437246965	-256.0	-4.878421777030128	2313.0	21.863791467120446	-1395.0	180.0	-36.42398906093106	
3.7157671286345137	2141.0	2839.0	-9.375668088929595	-1.5720424374801985	1762.0	0.0	648.0	4019.775390625	-0.6950000000000001	243.0	13.0	0.8562753036437247	0.12753036437246965	-256.0	-3.6855788346842027	2257.0	17.88540921118298	-1140.0	102.0	-35.604481798635454	
4.0160022085289295	2136.0	2817.0	-9.114064861392706	-1.5035670582750948	1737.0	0.0	1288.0	4039.306640625	-0.6950000000000001	243.0	13.0	0.8562753036437247	0.12753036437246965	-256.0	-1.7280929805780703	2234.0	14.43521305962418	-921.0	-26.0	-35.28606063601416	
4.195512977323883	2136.0	2809.0	-9.020130839040199	-1.499893270140095	1722.0	0.0	1928.0	4058.837890625	-0.685	247.0	10.0	0.8502024291497976	0.12955465587044535	-257.0	-3.9608502829178778	2159.0	11.759859973905886	-742.0	120.0	-34.161977892511985	
4.399552674134399	2130.0	2795.0	-8.854256396083873	-1.4222462276863574	1705.0	0.0	2568.0	4078.369140625	-0.685	247.0	10.0	0.8502024291497976	0.12955465587044535	-257.0	-5.29132894938064	2072.0	9.984801557218635	-624.0	207.0	-32.84475839842198	
4.960647814775622	2111.0	2781.0	-8.697123284342544	-1.1845769513945164	1658.0	0.0	3208.0	4097.900390625	-0.685	247.0	10.0	0.8502024291497976	0.12955465587044535	-257.0	-1.881021562930112	1951.0	8.35328969478098	-528.0	-16.0	-31.00439099441325	
5.068504171865619	2114.0	2775.0	-8.625773289628544	-1.218215966242589	1649.0	0.0	3848.0	4117.431640625	-0.6775	250.0	8.0	0.8461538461538461	0.1417004048582996	-263.0	7.126471937605139	1824.0	7.035317075803644	-467.0	-605.0	-29.06882129602116	
5.09339639821853	2106.0	2766.0	-8.517503035289817	-1.119416096723611	1647.0	0.0	4488.0	4136.962890625	-0.6775	250.0	8.0	0.8461538461538461	0.1417004048582996	-263.0	11.851965132283224	1695.0	6.057488302735499	-417.0	-914.0	-27.099161191853728	
5.117207159913761	2111.0	2766.0	-8.51737924671905	-1.179416477190665	1645.0	0.0	5128.0	4156.494140625	-0.6775	250.0	8.0	0.8461538461538461	0.1417004048582996	-263.0	16.271601162257227	1572.0	4.862102507705396	-352.0	-1203.0	-25.223743559854668	
4.963189698800727	2096.0	2760.0	-8.442934881832002	-0.9987448729377895	1658.0	0.0	5768.0	4176.025390625	-0.6775	250.0	8.0	0.8461538461538461	0.1417004048582996	-263.0	24.132130295152166	1383.0	2.6268871769800195	-229.0	-1717.0	-22.345988301776313	
4.759478374573752	2071.0	2771.0	-8.575972066434307	-0.7022379105949967	1675.0	0.0	6408.0	4195.556640625	-0.665	255.0	12.0	0.854251012145749	0.1659919028340081	-275.0	35.75470255390733	1115.0	-1.7704081678905743	24.0	-2477.0	-18.277639634847542	
4.609334088498544	2033.0	2733.0	-8.114210197764598	-0.2366727907811499	1688.0	0.0	7048.0	4215.087890625	-0.665	255.0	12.0	0.854251012145749	0.1659919028340081	-275.0	50.359382168527304	684.0	-8.419142268698723	414.0	-3432.0	-11.73065451920379	
4.196891000363193	2029.0	2699.0	-7.691852344633084	-0.18415729351553578	1723.0	0.0	7688.0	4234.619140625	-0.665	255.0	12.0	0.854251012145749	0.1659919028340081	-275.0	72.91634806545343	431.0	-16.619843851691968	886.0	-4907.0	-7.930507169528122	
3.675323153981225	1981.0	2681.0	-7.467684601877527	0.3934236358878038	1767.0	0.0	8328.0	4254.150390625	-0.6125	276.0	40.0	0.9109311740890689	0.19433198380566802	-289.0	107.55467196819086	11.0	-31.220186401403467	1741.0	-7172.0	-1.6318274586127766	
3.14012823983396	1918.0	2677.0	-7.415747445175413	1.1481465744586865	1812.0	0.0	8968.0	4273.681640625	-0.6125	276.0	40.0	0.9109311740890689	0.19433198380566802	-289.0	156.49181832084417	-592.0	-53.94166984477742	3085.0	-10372.0	7.393681352802802	
2.916246363303274	1874.0	2658.0	-7.184887479196448	1.6806454369406698	1831.0	0.0	9608.0	4293.212890625	-0.6125	276.0	40.0	0.9109311740890689	0.19433198380566802	-289.0	207.90640770760058	-1315.0	-80.7181146082787	4685.0	-13734.0	18.219978589992095	
2.488945140672491	1845.0	2648.0	-7.057866885131801	2.0283104269571006	1867.0	0.0	10248.0	4312.744140625	-0.4375	346.0	70.0	0.9716599190283401	0.23279352226720648	-308.0	258.4493041749503	-2092.0	-109.68280269125647	6429.0	-17039.0	29.852995511525368	
2.0705845018781277	1786.0	2662.0	-7.227264097901494	2.7315822498077393	1902.0	0.0	10888.0	4332.275390625	-0.4375	346.0	70.0	0.9716599190283401	0.23279352226720648	-308.0	304.5572717540909	-3168.0	-140.73080913241716	8317.0	-20054.0	46.05317986325616	
2.2867498996510136	1763.0	2646.0	-7.0392957491843084	3.014611704494752	1884.0	0.0	11528.0	4351.806640625	-0.4375	346.0	70.0	0.9716599190283401	0.23279352226720648	-308.0	354.21318244379876	-4430.0	-176.16357175641804	10479.0	-23301.0	65.06359061356979	
2.500243080707752	1748.0	2652.0	-7.11854907208195	3.1958844614136313	1866.0	0.0	12168.0	4371.337890625	-0.4375	346.0	70.0	0.9716599190283401	0.23279352226720648	-308.0	392.2465208747515	-6164.0	-206.68196771747392	12347.0	-25788.0	91.36574131714781	
3.367246107259228	1677.0	2569.0	-6.132532131220057	4.079696517243371	1794.0	0.0	12808.0	4390.869140625	-0.0925	484.0	75.0	0.9817813765182186	0.402834008097166	-392.0	396.4826426059031	-8205.0	-228.57449469310822	13739.0	-26065.0	122.46490719362441	
4.098983957405793	1647.0	2522.0	-5.577794735611134	4.459554426789546	1733.0	0.0	13448.0	4410.400390625	-0.0925	484.0	75.0	0.9817813765182186	0.402834008097166	-392.0	397.46138553295617	-9694.0	-247.437376385398	14948.0	-26129.0	145.12421454364946	
4.543411549841818	1560.0	2488.0	-5.182654539627674	5.520094277717913	1696.0	0.0	14088.0	4429.931640625	-0.0925	484.0	75.0	0.9817813765182186	0.402834008097166	-392.0	396.4826426059031	-11571.0	-262.5132229668554	15912.0	-26065.0	173.77505190413538	
5.146790769368634	1435.0	2419.0	-4.368542110755646	7.048434414876164	1646.0	0.0	14728.0	4449.462890625	0.1875	596.0	-29.0	0.771255060728745	0.6336032388663968	-506.0	388.2092063006576	-13482.0	-269.67369502822646	16380.0	-25524.0	203.02675545419834	
6.775254201105741	1288.0	2240.0	-2.236484651330649	8.878444535731433	1511.0	0.0	15368.0	4468.994140625	0.1875	596.0	-29.0	0.771255060728745	0.6336032388663968	-506.0	364.8264260590305	-15232.0	-268.02261346210884	16316.0	-23995.0	229.8961126715781	
7.757383665960328	1220.0	2189.0	-1.6425857849196501	9.719420916141933	1429.0	0.0	16008.0	4488.525390625	0.1875	596.0	-29.0	0.771255060728745	0.6336032388663968	-506.0	345.5880103991436	-16435.0	-260.91630807750937	15892.0	-22737.0	248.42658956614838	
8.214548176835553	1154.0	2246.0	-2.3547061259684603	10.504930877321275	1390.0	0.0	16648.0	4508.056640625	0.1875	596.0	-29.0	0.771255060728745	0.6336032388663968	-506.0	329.45404496100326	-17711.0	-250.25399804296634	15228.0	-21682.0	268.1127738142612	
8.13425652718113	1034.0	2220.0	-2.0505377580775788	11.955994460712668	1397.0	0.0	17288.0	4527.587890625	0.20750000000000002	604.0	-210.0	0.4048582995951417	0.8380566801619433	-607.0	303.9455574246827	-18740.0	-227.50488802630548	13805.0	-20014.0	284.1297385986383	
8.362876701379149	927.0	2101.0	-0.617091766847143	13.276106208785281	1379.0	0.0	17928.0	4547.119140625	0.20750000000000002	604.0	-210.0	0.4048582995951417	0.8380566801619433	-607.0	291.1913136565224	-19109.0	-205.47224749897418	12402.0	-19180.0	290.0121794737597	
9.014284098741951	846.0	2029.0	0.23793368371897788	14.275624406228063	1325.0	0.0	18568.0	4566.650390625	0.20750000000000002	604.0	-210.0	0.4048582995951417	0.8380566801619433	-607.0	292.2618137329867	-18941.0	-173.32822075407208	10311.0	-19250.0	287.7557464866438	
9.41735224885958	823.0	2042.0	0.06855821929129602	14.553376012175626	1291.0	0.0	19208.0	4586.181640625	-0.0425	504.0	-318.0	0.1862348178137652	0.9412955465587045	-658.0	311.683743691696	-18390.0	-134.27672387886219	7727.0	-20520.0	279.69145095976904	
9.490916651972954	823.0	2122.0	-0.9083348027044446	14.534573795766846	1284.0	0.0	19848.0	4605.712890625	-0.0425	504.0	-318.0	0.1862348178137652	0.9412955465587045	-658.0	336.626395473314	-17627.0	-88.67675540683645	4705.0	-22151.0	268.43960961333994	
9.067490310173456	809.0	2178.0	-1.5843023159878624	14.68549488087836	1319.0	0.0	20488.0	4625.244140625	-0.0425	504.0	-318.0	0.1862348178137652	0.9412955465587045	-658.0	367.82382627313046	-16867.0	-39.943656988389904	1463.0	-24191.0	257.2651330173495	
7.583762162705613	782.0	2242.0	-2.338069443724453	14.98088346166823	1443.0	0.0	21128.0	4644.775390625	-0.3375	386.0	-321.0	0.18016194331983806	0.937246963562753	-656.0	404.48080746291487	-15870.0	8.345971956633655	-1762.0	-26588.0	242.44957909964924	
5.251351529307895	754.0	2238.0	-2.245799450162897	15.296754152795845	1639.0	0.0	21768.0	4664.306640625	-0.3375	386.0	-321.0	0.18016194331983806	0.937246963562753	-656.0	428.9035020645359	-14323.0	54.563827394470806	-4815.0	-28185.0	219.17384143490838	
2.967795393246335	711.0	2126.0	-0.8395082944141901	15.82011670370683	1832.0	0.0	22408.0	4683.837890625	-0.3375	386.0	-321.0	0.18016194331983806	0.937246963562753	-656.0	433.2619666615691	-12237.0	94.91473823344717	-7429.0	-28470.0	187.56875763244958	
0.9699334717737425	699.0	2014.0	0.5647757488028208	15.972802078609456	2001.0	0.0	23048.0	4703.369140625	-0.3375	386.0	-321.0	0.18016194331983806	0.937246963562753	-656.0	418.6419941887139	-9491.0	126.31308061571428	-9405.0	-27514.0	145.74678893106127	
-0.9451437923520707	788.0	2005.0	0.7237160028881733	14.8845409544234	2162.0	0.0	23688.0	4722.900390625	-0.4525	340.0	-179.0	0.4676113360323887	0.888663967611336	-632.0	365.162868940205	-6402.0	148.01343755618066	-10646.0	-24017.0	98.56468248051809	
-1.4753267873926201	939.0	1962.0	1.27684507026179	13.071024597386732	2207.0	0.0	24328.0	4742.431640625	-0.4525	340.0	-179.0	0.4676113360323887	0.888663967611336	-632.0	279.0029056430647	-4179.0	162.13640291382748	-11318.0	-18383.0	64.59512496208289	
-0.049315940692484884	1039.0	1884.0	2.211263073608654	11.899153788812237	2088.0	0.0	24968.0	4761.962890625	-0.4525	340.0	-179.0	0.4676113360323887	0.888663967611336	-632.0	194.66279247591376	-3430.0	169.33134011062685	-11559.0	-12868.0	53.17405607411533	
1.0461342468611021	1021.0	1685.0	4.613424686110214	12.175018992817321	1998.0	0.0	25608.0	4781.494140625	-0.41500000000000004	355.0	-44.0	0.7408906882591093	0.7368421052631579	-557.0	149.87001070500077	-3526.0	166.50931046356496	-11260.0	-9939.0	54.6189062088247	
1.1983648232387303	1034.0	1608.0	5.5507680381587585	12.038661659597972	1986.0	0.0	26248.0	4801.025390625	-0.41500000000000004	355.0	-44.0	0.7408906882591093	0.7368421052631579	-557.0	138.874445633889	-2907.0	159.86126999510458	-10793.0	-9220.0	45.05419041976078	
0.5980114840747064	1141.0	1652.0	5.0392436455658745	10.73327101184845	2036.0	0.0	26888.0	4820.556640625	-0.41500000000000004	355.0	-44.0	0.7408906882591093	0.7368421052631579	-557.0	126.15078758219913	-1975.0	152.08453218978318	-10245.0	-8388.0	30.675364272335152	
0.623111622101424	1241.0	1740.0	3.9778288768090566	9.507474440745145	2033.0	0.0	27528.0	4840.087890625	-0.41500000000000004	355.0	-44.0	0.7408906882591093	0.7368421052631579	-557.0	110.46031503287966	-1571.0	140.28493667083964	-9433.0	-7362.0	24.358196919263253	
1.3090822764278736	1259.0	1776.0	3.5272752618349825	9.288455605109414	1975.0	0.0	28168.0	4859.619140625	-0.355	379.0	52.0	0.9352226720647774	0.6133603238866396	-496.0	109.8944792781771	-1979.0	115.86654196478588	-7848.0	-7325.0	30.374562304717678	
1.3766982546501518	1243.0	1807.0	3.1460159412056625	9.474277662816398	1969.0	0.0	28808.0	4879.150390625	-0.355	379.0	52.0	0.9352226720647774	0.6133603238866396	-496.0	127.28245909160424	-2481.0	82.13320743763929	-5705.0	-8462.0	37.74015975582492	
1.0880576458967155	1296.0	1832.0	2.8533836372905763	8.826984393783091	1993.0	0.0	29448.0	4898.681640625	-0.355	379.0	52.0	0.9352226720647774	0.6133603238866396	-496.0	138.2627313044808	-2393.0	50.192465803978266	-3656.0	-9180.0	36.07043777757332	
0.8719693256494764	1383.0	1848.0	2.6731230411381075	7.773025527573232	2011.0	0.0	30088.0	4918.212890625	-0.2675	414.0	92.0	1.0161943319838056	0.4777327935222672	-429.0	130.66218076158435	-2359.0	22.431876794302667	-1831.0	-8683.0	35.27111944310032	
0.717654804697696	1425.0	1845.0	2.7178614221505497	7.266353053598422	2024.0	0.0	30728.0	4937.744140625	-0.2675	414.0	92.0	1.0161943319838056	0.4777327935222672	-429.0	114.55880103991437	-2756.0	-4.962476903011029	-12.0	-7630.0	41.08893591840277	
0.42150298309698575	1379.0	1833.0	2.8645840239842926	7.820542854888969	2049.0	0.0	31368.0	4957.275390625	-0.2675	414.0	92.0	1.0161943319838056	0.4777327935222672	-429.0	95.87092827649488	-3527.0	-32.26470171377043	1804.0	-6408.0	52.64651057070947	
0.5420222926524351	1305.0	1820.0	3.0117530747673222	8.716257694060424	2039.0	0.0	32008.0	4976.806640625	-0.185	447.0	92.0	1.0161943319838056	0.5425101214574899	-461.0	74.2621195901514	-4120.0	-56.91573445768782	3457.0	-4995.0	61.49927905253837	
0.9115486707377884	1258.0	1815.0	3.05962897854074	9.287175536157712	2008.0	0.0	32648.0	4996.337890625	-0.185	447.0	92.0	1.0161943319838056	0.5425101214574899	-461.0	53.72381098027222	-4277.0	-78.06664701997066	4884.0	-3652.0	63.696853861241145	
1.483657939275246	1210.0	1808.0	3.127698689429376	9.872571276072906	1960.0	0.0	33288.0	5015.869140625	-0.185	447.0	92.0	1.0161943319838056	0.5425101214574899	-461.0	41.963602997400216	-4373.0	-97.11375627995145	6152.0	-2883.0	64.97945319982132	
1.948269331714703	1153.0	1804.0	3.160266504803628	10.564615734256593	1921.0	0.0	33928.0	5035.400390625	-0.185	447.0	92.0	1.0161943319838056	0.5425101214574899	-461.0	38.874445633888975	-4426.0	-116.0396540913349	7390.0	-2681.0	65.6034518555881	
2.2686087254142273	1112.0	1812.0	3.0513487318989476	11.059616676349952	1894.0	0.0	34568.0	5054.931640625	-0.195	443.0	60.0	0.951417004048583	0.6153846153846154	-497.0	36.855788346842026	-4149.0	-130.72804041753724	8353.0	-2549.0	61.20614601902549	
2.40873845337988	1098.0	1834.0	2.778607242749887	11.224237842641807	1882.0	0.0	35208.0	5074.462890625	-0.195	443.0	60.0	0.951417004048583	0.6153846153846154	-497.0	29.821073558648113	-3592.0	-138.54375788699343	8885.0	-2089.0	52.58111144675535	
2.1552631501648323	1106.0	1863.0	2.4310769212451313	11.118366941010889	1903.0	0.0	35848.0	5093.994140625	-0.195	443.0	60.0	0.951417004048583	0.6153846153846154	-497.0	19.59015139929653	-2667.0	-141.1149239337888	9088.0	-1420.0	38.361752402521866	
2.343668473648838	1139.0	1880.0	2.2239902220266723	10.718518898815574	1887.0	0.0	36488.0	5113.525390625	-0.2125	436.0	4.0	0.8380566801619433	0.7105263157894737	-544.0	-3.899678849977061	-2103.0	-133.13680915154055	8636.0	116.0	29.7872447671619	
2.4464482887066543	1178.0	1916.0	1.7876860135225314	10.240941094723782	1878.0	0.0	37128.0	5133.056640625	-0.2125	436.0	4.0	0.8380566801619433	0.7105263157894737	-544.0	-29.163480654534336	-1101.0	-123.46708869186263	8083.0	1768.0	14.508769346317527	
2.455078565004606	1194.0	1943.0	1.4602374528415254	10.041707341935792	1877.0	0.0	37768.0	5152.587890625	-0.2125	436.0	4.0	0.8380566801619433	0.7105263157894737	-544.0	-54.35081816791559	-391.0	-107.63142074140862	7126.0	3415.0	3.772542628553384	
