Device	Device	Device	Device	Device	Device	Device	Device	Device	Device	Device	Device	Device	Device	Device	Device	Device	Device	Device	Device	Device	
Low Noise Accelerometer X	Low Noise Accelerometer X	Low Noise Accelerometer Z	Low Noise Accelerometer Z	Low Noise Accelerometer Y	Low Noise Accelerometer Y	Event_Marker	Timestamp	Timestamp	Magnetometer Z	Magnetometer Z	Magnetometer X	Magnetometer X	Magnetometer Y	Magnetometer Y	Gyroscope Y	Gyroscope Y	Gyroscope Z	Gyroscope Z	Gyroscope X	Gyroscope X	
UNCAL	CAL	UNCAL	CAL	UNCAL	CAL	CAL	UNCAL	CAL	CAL	UNCAL	CAL	UNCAL	UNCAL	CAL	UNCAL	CAL	CAL	UNCAL	CAL	UNCAL	
no units	m/(s^2)	no units	m/(s^2)	no units	m/(s^2)	no units	no units	ms	local_flux	no units	local_flux	no units	no units	local_flux	no units	deg/s	deg/s	no units	deg/s	no units	
1876.0	-8.536746555991611	2389.0	-3.674655599161157	2796.0	1.6122237598062583	0.0	63769.0	1946.075439453125	0.0	521.0	-0.9331983805668016	-871.0	-6.0	-0.3785425101214575	-2409.0	156.82826120201867	18.93213373648089	-1672.0	36.00334619542834	-10394.0	
1879.0	-8.611326623776772	2415.0	-3.989805234820118	2802.0	1.5690303881019743	0.0	64409.0	1965.606689453125	0.0	521.0	-0.9331983805668016	-871.0	-6.0	-0.3785425101214575	-2381.0	143.76816026915432	15.36751248799126	-1406.0	35.53805444051594	-9540.0	
1860.0	-8.542860942206783	2439.0	-4.286094220678278	2796.0	1.7927049278511134	0.0	65049.0	1985.137939453125	-0.1625	456.0	-0.9311740890688259	-870.0	-18.0	-0.354251012145749	-2095.0	128.9493806392415	15.527283203950017	-1375.0	31.151129821451807	-8571.0	
1871.0	-8.2257502861079	2474.0	-4.717885753647136	2769.0	1.6547100832707973	0.0	153.0	2004.669189453125	-0.1625	456.0	-0.9311740890688259	-870.0	-18.0	-0.354251012145749	-1663.0	112.05077228934088	15.946446564432566	-1354.0	24.526504514746673	-7466.0	
1891.0	-8.039189154046419	2506.0	-5.109391595118085	2753.0	1.4077817223403066	0.0	793.0	2024.200439453125	-0.1625	456.0	-0.9311740890688259	-870.0	-18.0	-0.354251012145749	-1554.0	104.20553601468116	15.354105803595179	-1294.0	22.84803238840269	-6953.0	
1892.0	-7.935845592086081	2537.0	-5.489321113369931	2744.0	1.3891683748237889	0.0	1433.0	2043.731689453125	-0.28	409.0	-0.9331983805668016	-871.0	-18.0	-0.354251012145749	-1463.0	97.56843554060255	13.710936509018302	-1169.0	21.43525268256755	-6519.0	
1883.0	-7.986269664883735	2560.0	-5.769823631230572	2748.0	1.4914878186783582	0.0	2073.0	2063.262939453125	-0.28	409.0	-0.9331983805668016	-871.0	-18.0	-0.354251012145749	-1391.0	87.33751338125096	12.131686993555459	-1039.0	20.314657364027934	-5850.0	
1884.0	-8.045780310581247	2560.0	-5.7685072486008675	2753.0	1.478870847102893	0.0	2713.0	2082.794189453125	-0.28	409.0	-0.9331983805668016	-871.0	-18.0	-0.354251012145749	-1170.0	73.35984095427436	11.23271695469853	-942.0	16.91453677519376	-4936.0	
1901.0	-7.8575161588153275	2578.0	-5.989711119628025	2737.0	1.271510134091575	0.0	3353.0	2102.325439453125	-0.28	409.0	-0.9331983805668016	-871.0	-18.0	-0.354251012145749	-996.0	62.31839730845696	9.470824203077417	-797.0	14.226977691163812	-4214.0	
1901.0	-7.607078779326454	2574.0	-5.94597317074065	2716.0	1.2748892668642113	0.0	3993.0	2121.856689453125	-0.3575	378.0	-0.9048582995951417	-857.0	-28.0	-0.3340080971659919	-900.0	55.176632512616614	7.2641395994629185	-634.0	12.731840413947676	-3747.0	
1878.0	-7.323156231613203	2588.0	-6.125146970844088	2692.0	1.5512534500742148	0.0	4633.0	2141.387939453125	-0.3575	378.0	-0.9048582995951417	-857.0	-28.0	-0.3340080971659919	-811.0	57.04236121731152	7.080127451867318	-626.0	11.364341246898604	-3869.0	
1871.0	-7.6220648378402505	2599.0	-6.254102831644154	2717.0	1.6300225961935335	0.0	5273.0	2160.919189453125	-0.3575	378.0	-0.9048582995951417	-857.0	-28.0	-0.3340080971659919	-740.0	52.95916806851201	6.577581064924635	-582.0	10.269857443302309	-3602.0	
1882.0	-7.718001964214743	2605.0	-6.324005945283798	2725.0	1.495135042175068	0.0	5913.0	2180.450439453125	-0.425	351.0	-0.8825910931174089	-846.0	-33.0	-0.32388663967611336	-666.0	44.88453892032421	6.8042227423979025	-575.0	9.136632069375798	-3074.0	
1881.0	-7.505223336469321	2617.0	-6.474714599313019	2707.0	1.5062968481430223	0.0	6553.0	2199.981689453125	-0.425	351.0	-0.8825910931174089	-846.0	-33.0	-0.32388663967611336	-825.0	38.61446704389051	6.999843828560643	-573.0	11.578361181879286	-2664.0	
1868.0	-7.029509899580938	2620.0	-6.522418529522334	2667.0	1.6667264099318162	0.0	7193.0	2219.512939453125	-0.425	351.0	-0.8825910931174089	-846.0	-33.0	-0.32388663967611336	-834.0	38.06392414742316	7.420380958181605	-599.0	11.720666906098621	-2628.0	
1856.0	-6.972206743643299	2638.0	-6.744483888139438	2662.0	1.8074364475718627	0.0	7833.0	2239.044189453125	-0.425	351.0	-0.8825910931174089	-846.0	-33.0	-0.32388663967611336	-840.0	41.24483866034562	8.199698461097356	-658.0	11.820526983076526	-2836.0	
1861.0	-7.067541584352445	2639.0	-6.754158435244428	2670.0	1.7460486443672496	0.0	8473.0	2258.575439453125	-0.4675	334.0	-0.868421052631579	-839.0	-34.0	-0.32186234817813764	-713.0	39.746138553295616	8.878973738604117	-697.0	9.878570311269732	-2738.0	
1863.0	-6.949124987295441	2644.0	-6.8172606343061375	2660.0	1.7218743808144166	0.0	9113.0	2278.106689453125	-0.4675	334.0	-0.868421052631579	-839.0	-34.0	-0.32186234817813764	-743.0	41.38247438446246	10.593086419627188	-813.0	10.35604594782371	-2845.0	
1857.0	-6.8084980152923835	2662.0	-7.040277719714534	2648.0	1.7911094654527853	0.0	9753.0	2297.637939453125	-0.4675	334.0	-0.868421052631579	-839.0	-34.0	-0.32186234817813764	-767.0	40.35785288270378	11.983887425380264	-901.0	10.738221565676236	-2778.0	
1849.0	-6.463948431470132	2667.0	-7.109128861298828	2619.0	1.8895634806279964	0.0	10393.0	2317.169189453125	-0.5025000000000001	320.0	-0.8441295546558705	-827.0	-27.0	-0.3360323886639676	-817.0	37.60513840036703	14.716415069378838	-1072.0	11.532771025022468	-2598.0	
1838.0	-6.143451005343784	2674.0	-7.20224339152128	2592.0	2.0234362847667393	0.0	11033.0	2336.700439453125	-0.5025000000000001	320.0	-0.8441295546558705	-827.0	-27.0	-0.3360323886639676	-815.0	41.64245297446093	16.40093079069055	-1192.0	11.518927214919337	-2862.0	
1838.0	-6.144913833383886	2686.0	-7.348526195531505	2592.0	2.0204960004061334	0.0	11673.0	2356.231689453125	-0.5025000000000001	320.0	-0.8441295546558705	-827.0	-27.0	-0.3360323886639676	-732.0	47.805474843248206	18.135900197687334	-1320.0	10.262684765364936	-3265.0	
1835.0	-5.778503925253205	2707.0	-7.612297287225336	2561.0	2.0550292559668164	0.0	12313.0	2375.762939453125	-0.5475	302.0	-0.8319838056680162	-821.0	-26.0	-0.33805668016194335	-845.0	52.423918030279864	20.840797753141572	-1509.0	12.023660394287594	-3567.0	
1840.0	-5.697985067267653	2730.0	-7.893744822003384	2554.0	1.9899645299956896	0.0	12953.0	2395.294189453125	-0.5475	302.0	-0.8319838056680162	-821.0	-26.0	-0.33805668016194335	-846.0	52.37803945557425	21.426946294061032	-1547.0	12.044866363354911	-3564.0	
1842.0	-5.675396941948188	2740.0	-8.015884671009278	2552.0	1.9636512287265973	0.0	13593.0	2414.825439453125	-0.5475	302.0	-0.8319838056680162	-821.0	-26.0	-0.33805668016194335	-977.0	47.88193913442423	23.124744142008787	-1647.0	14.071971701048753	-3270.0	
1840.0	-5.390717689151783	2748.0	-8.119387962797306	2528.0	1.9885243409609696	0.0	14233.0	2434.356689453125	-0.5475	302.0	-0.8319838056680162	-821.0	-26.0	-0.33805668016194335	-1012.0	44.42575317326809	21.76567877588697	-1550.0	14.595437975421905	-3044.0	
1833.0	-5.188629634064409	2750.0	-8.148677692155106	2511.0	2.0742967763222775	0.0	14873.0	2453.887939453125	-0.59	285.0	-0.819838056680162	-815.0	-23.0	-0.3441295546558705	-1029.0	40.96956721211195	19.732623864847476	-1409.0	14.835963648499636	-2818.0	
1833.0	-5.283117180098518	2744.0	-8.073622771756582	2519.0	2.0748529992699067	0.0	15513.0	2473.419189453125	-0.59	285.0	-0.819838056680162	-815.0	-23.0	-0.3441295546558705	-871.0	35.2653310903808	16.370545313826728	-1174.0	12.377914445005691	-2445.0	
1842.0	-5.199424044014057	2741.0	-8.037642496643846	2512.0	1.9679758011932473	0.0	16153.0	2492.950439453125	-0.59	285.0	-0.819838056680162	-815.0	-23.0	-0.3441295546558705	-647.0	28.643523474537393	12.317018180173319	-891.0	8.900214834249178	-2012.0	
1850.0	-5.211438681666797	2742.0	-8.0486300714416	2513.0	1.87125036115209	0.0	16793.0	2512.481689453125	-0.6125	276.0	-0.805668016194332	-808.0	-35.0	-0.31983805668016196	-652.0	24.866187490441966	8.914385166269835	-660.0	8.942910922400769	-1765.0	
1853.0	-5.152410827970633	2746.0	-8.098225654206086	2508.0	1.8347041497205092	0.0	17433.0	2532.012939453125	-0.6125	276.0	-0.805668016194332	-808.0	-35.0	-0.31983805668016196	-773.0	20.079522862823065	5.457419885866578	-424.0	10.76502379222985	-1452.0	
1856.0	-5.043823056860584	2734.0	-7.953734257486975	2499.0	1.8025352770527392	0.0	18073.0	2551.544189453125	-0.6125	276.0	-0.805668016194332	-808.0	-35.0	-0.31983805668016196	-755.0	15.476372534026611	3.2295176213917944	-267.0	10.466544063738853	-1151.0	
1866.0	-5.0789086118341356	2729.0	-7.890861183413614	2502.0	1.6829599552736272	0.0	18713.0	2571.075439453125	-0.6125	276.0	-0.805668016194332	-808.0	-35.0	-0.31983805668016196	-715.0	13.778865269918949	0.8887767045994781	-110.0	9.829357308245935	-1040.0	
1869.0	-4.92466179808381	2733.0	-7.94237028457151	2489.0	1.6473276630747196	0.0	19353.0	2590.606689453125	-0.6375000000000001	266.0	-0.8036437246963563	-807.0	-37.0	-0.3157894736842105	-827.0	8.548707753479126	-0.5649580736344096	-3.0	11.533402130173586	-698.0	
1873.0	-4.7939747153373355	2735.0	-7.968900105162192	2478.0	1.5999111664060335	0.0	19993.0	2610.137939453125	-0.6375000000000001	266.0	-0.8036437246963563	-807.0	-37.0	-0.3157894736842105	-829.0	3.1044502217464447	-2.6546230282608456	147.0	11.54319444794357	-342.0	
1885.0	-4.699228912593817	2739.0	-8.018129354619793	2470.0	1.4552957261913047	0.0	20633.0	2629.669189453125	-0.6375000000000001	266.0	-0.8036437246963563	-807.0	-37.0	-0.3157894736842105	-816.0	1.8504358464597035	-5.371000831855112	327.0	11.316552382352004	-260.0	
1898.0	-5.067455312411243	2733.0	-7.936007431600508	2501.0	1.2966293946294194	0.0	21273.0	2649.200439453125	-0.6375000000000001	266.0	-0.791497975708502	-801.0	-39.0	-0.3117408906882591	-791.0	4.526686037620432	-7.827453152727327	480.0	10.908375767690158	-435.0	
1902.0	-5.080571888439412	2743.0	-8.057188843941226	2502.0	1.245881829537986	0.0	21913.0	2668.731689453125	-0.6375000000000001	266.0	-0.791497975708502	-801.0	-39.0	-0.3117408906882591	-914.0	3.410307386450528	-8.70913623747398	539.0	12.786930426792056	-362.0	
1903.0	-5.091863542426468	2738.0	-7.995878052170631	2503.0	1.234946936062443	0.0	22553.0	2688.262939453125	-0.6375000000000001	266.0	-0.791497975708502	-801.0	-39.0	-0.3117408906882591	-978.0	3.257378804098486	-7.913042231112812	487.0	13.776938320975662	-352.0	
1888.0	-5.069417793161429	2749.0	-8.132255506619046	2501.0	1.4131667360323903	0.0	23193.0	2707.794189453125	-0.635	267.0	-0.7935222672064778	-802.0	-27.0	-0.3360323886639676	-1118.0	1.5751643982260286	-5.990793792899102	365.0	15.944388517495288	-242.0	
1885.0	-4.891495367752268	2754.0	-8.197155822845756	2486.0	1.4497925322752008	0.0	23833.0	2727.325439453125	-0.635	267.0	-0.7935222672064778	-802.0	-27.0	-0.3360323886639676	-1072.0	1.3457715246979662	-5.051718589908324	305.0	15.247933021251448	-227.0	
1892.0	-4.999705388488907	2763.0	-8.303872182224072	2495.0	1.3622387554826776	0.0	24473.0	2746.856689453125	-0.635	267.0	-0.7935222672064778	-802.0	-27.0	-0.3360323886639676	-1022.0	5.1384003670285985	-5.934011218979354	353.0	14.471885912054493	-475.0	
1884.0	-5.012348807206434	2769.0	-8.377737863500599	2496.0	1.4570205498386466	0.0	25113.0	2766.387939453125	-0.635	267.0	-0.7935222672064778	-802.0	-27.0	-0.3360323886639676	-1148.0	2.27863587704542	-6.607999734177092	403.0	16.398550967826253	-288.0	
1889.0	-4.869514345443502	2769.0	-8.380005972921595	2484.0	1.3981625684124344	0.0	25753.0	2785.919189453125	-0.625	271.0	-0.7813765182186235	-796.0	-36.0	-0.31781376518218624	-1097.0	1.7128001223428662	-6.562162952116765	402.0	15.616440669082486	-251.0	
1895.0	-5.00153031053002	2778.0	-8.486364386335385	2495.0	1.3224260838667872	0.0	26393.0	2805.450439453125	-0.625	271.0	-0.7813765182186235	-796.0	-36.0	-0.31781376518218624	-1046.0	3.1044502217464447	-6.287003558786072	381.0	14.836623596451423	-342.0	
1893.0	-5.073922157936719	2786.0	-8.582691984148125	2501.0	1.343871998978634	0.0	27033.0	2824.981689453125	-0.625	271.0	-0.7813765182186235	-796.0	-36.0	-0.31781376518218624	-1073.0	4.404343171738798	-5.697146819886298	339.0	15.256823222609793	-427.0	
1894.0	-5.228773666025068	2787.0	-8.59165231679253	2514.0	1.3300960844737781	0.0	27673.0	2844.512939453125	-0.6275000000000001	270.0	-0.7692307692307693	-790.0	-24.0	-0.34210526315789475	-1043.0	5.627771830555131	-4.726349274500112	273.0	14.806196688319908	-507.0	
1896.0	-5.217600301365673	2793.0	-8.664792041329171	2513.0	1.3046486380874707	0.0	28313.0	2864.044189453125	-0.6275000000000001	270.0	-0.7692307692307693	-790.0	-24.0	-0.34210526315789475	-918.0	5.352500382321456	-2.819714111570394	151.0	12.907202582683592	-489.0	
1905.0	-5.182126156991669	2795.0	-8.688806175357325	2510.0	1.1960893619108885	0.0	28953.0	2883.575439453125	-0.6275000000000001	270.0	-0.7692307692307693	-790.0	-24.0	-0.34210526315789475	-758.0	5.29132894938064	-1.023937036356783	36.0	10.470042968135742	-485.0	
1897.0	-5.087404440974915	2799.0	-8.740444097491398	2502.0	1.2923893627970493	0.0	29593.0	2903.106689453125	-0.6275000000000001	270.0	-0.7692307692307693	-790.0	-24.0	-0.34210526315789475	-743.0	3.884385991741857	0.9110832164162184	-86.0	10.259225915791598	-393.0	
1908.0	-5.063586453261653	2799.0	-8.73959770711769	2500.0	1.1601143499997284	0.0	30233.0	2922.637939453125	-0.6225	272.0	-0.7672064777327935	-789.0	-21.0	-0.3481781376518219	-519.0	3.3950145282153237	1.5956334676026258	-127.0	6.828907078883485	-361.0	
1912.0	-5.0635816359163	2799.0	-8.739115972582395	2500.0	1.1119312617795505	0.0	30873.0	2942.169189453125	-0.6225	272.0	-0.7672064777327935	-789.0	-21.0	-0.3481781376518219	-429.0	2.293928735280624	1.2843440903151682	-103.0	5.444790655879369	-289.0	
1908.0	-5.027026026884616	2792.0	-8.654983640842588	2497.0	1.1621722355890007	0.0	31513.0	2961.700439453125	-0.6225	272.0	-0.7672064777327935	-789.0	-21.0	-0.3481781376518219	-381.0	0.7187643370545955	0.8779069466860766	-72.0	4.704191068853082	-186.0	
1916.0	-5.014382608167089	2786.0	-8.581117959566061	2496.0	1.067390441233032	0.0	32153.0	2981.231689453125	-0.63	269.0	-0.7793522267206477	-795.0	4.0	-0.39878542510121456	-238.0	0.015292858235204161	1.7585417937637586	-126.0	2.5187362542119973	-140.0	
1918.0	-4.966526914793982	2784.0	-8.557453384160082	2492.0	1.044245904132714	0.0	32793.0	3000.762939453125	-0.63	269.0	-0.7793522267206477	-795.0	4.0	-0.39878542510121456	-174.0	-0.5505428964673498	2.4831244350443455	-171.0	1.5439351265048091	-103.0	
1922.0	-5.001985402795588	2782.0	-8.531873612892221	2495.0	0.9962101435937176	0.0	33433.0	3020.294189453125	-0.63	269.0	-0.7793522267206477	-795.0	4.0	-0.39878542510121456	-105.0	-0.10705000764642914	2.983536585198569	-204.0	0.49016987559573283	-132.0	
1916.0	-5.013407389473687	2778.0	-8.48359609022591	2496.0	1.069350630806769	0.0	34073.0	3039.825439453125	-0.63	269.0	-0.7732793522267206	-792.0	-24.0	-0.34210526315789475	-92.0	-0.12234286588163329	3.7551783624651547	-254.0	0.298408005812775	-131.0	
1908.0	-4.930100434117002	2778.0	-8.486233887890734	2489.0	1.166516486575714	0.0	34713.0	3059.356689453125	-0.63	269.0	-0.7732793522267206	-792.0	-24.0	-0.34210526315789475	-78.0	0.22939287352806242	4.78914668793387	-322.0	0.09392491785371343	-154.0	
1917.0	-4.941748160423378	2776.0	-8.460530328052108	2490.0	1.0584803455696639	0.0	35353.0	3078.887939453125	-0.63	269.0	-0.7732793522267206	-792.0	-24.0	-0.34210526315789475	-7.0	-0.5352500382321457	5.861130464704596	-389.0	-0.9848135841054477	-104.0	
1916.0	-4.857945165365624	2772.0	-8.41356415561009	2483.0	1.072305891740166	0.0	35993.0	3098.419189453125	-0.63	269.0	-0.7732793522267206	-792.0	-24.0	-0.34210526315789475	-11.0	-1.1622572258755162	6.470061537378643	-427.0	-0.9173463387462075	-63.0	
1917.0	-4.846041591022516	2772.0	-8.41368291177544	2482.0	1.0603743595892057	0.0	36633.0	3117.950439453125	-0.6325000000000001	268.0	-0.7672064777327935	-789.0	-21.0	-0.3481781376518219	15.0	-1.896314421165316	6.288080104697598	-413.0	-1.3181227281842656	-15.0	
1918.0	-4.619407747210844	2768.0	-8.369346149655891	2463.0	1.051479240498629	0.0	37273.0	3137.481689453125	-0.6325000000000001	268.0	-0.7672064777327935	-789.0	-21.0	-0.3481781376518219	15.0	-3.63970025997859	6.250143589708119	-406.0	-1.3185020933341605	99.0	
1931.0	-4.736952962866048	2756.0	-8.219105810414195	2473.0	0.8966820891028148	0.0	37913.0	3157.012939453125	-0.6325000000000001	268.0	-0.7672064777327935	-789.0	-21.0	-0.3481781376518219	87.0	-2.171585869398991	5.064299209282593	-332.0	-2.4351633605234086	3.0	
1927.0	-4.736348268528024	2751.0	-8.158636376611897	2473.0	0.9460902958065783	0.0	38553.0	3176.544189453125	-0.63	269.0	-0.7753036437246964	-793.0	-14.0	-0.3623481781376518	42.0	-1.5904572564612327	5.326385567294078	-351.0	-1.742040732327673	-35.0	
1934.0	-4.640389464099443	2745.0	-8.086565457563427	2465.0	0.864153952834243	0.0	39193.0	3196.075439453125	-0.63	269.0	-0.7753036437246964	-793.0	-14.0	-0.3623481781376518	35.0	-3.6244074017433863	4.914478685624279	-319.0	-1.638748415537497	98.0	
1930.0	-4.60359005039441	2736.0	-7.97805265848858	2462.0	0.9148849740371275	0.0	39833.0	3215.606689453125	-0.63	269.0	-0.7753036437246964	-793.0	-14.0	-0.3623481781376518	-21.0	-5.260743232910231	4.6637193062646	-299.0	-0.781964924476099	205.0	
1927.0	-4.603106054056724	2732.0	-7.929653024719977	2462.0	0.9520023849891296	0.0	40473.0	3235.137939453125	-0.63	269.0	-0.7753036437246964	-793.0	-14.0	-0.3623481781376518	-57.0	-5.10781465055819	3.7292366640305996	-239.0	-0.23890833920594234	195.0	
1926.0	-4.567765855382777	2735.0	-7.967061728753886	2459.0	0.9636558056662752	0.0	41113.0	3254.669189453125	-0.615	275.0	-0.7834008097165992	-797.0	-7.0	-0.3765182186234818	-77.0	-5.0007646429117605	3.122038780274802	-200.0	0.06190935511899783	188.0	
1928.0	-4.651080036757492	2735.0	-7.965146532892005	2466.0	0.938764582227597	0.0	41753.0	3274.200439453125	-0.615	275.0	-0.7834008097165992	-797.0	-7.0	-0.3765182186234818	-131.0	-4.633736045266861	2.0531855763484983	-132.0	0.8798229406184798	164.0	
1929.0	-4.6502255160644275	2728.0	-7.879694463585548	2466.0	0.9284339760495723	0.0	42393.0	3293.731689453125	-0.615	275.0	-0.7834008097165992	-797.0	-7.0	-0.3765182186234818	-186.0	-4.786664627618903	1.1434015478310324	-73.0	1.714671701530175	174.0	
1927.0	-4.6028622493833735	2730.0	-7.905272557384939	2462.0	0.9524924323825639	0.0	43033.0	3313.262939453125	-0.61	277.0	-0.8036437246963563	-807.0	-18.0	-0.354251012145749	-235.0	-3.0126930723352197	1.3879266626962437	-94.0	2.4689966519269473	58.0	
1924.0	-4.722864781153492	2738.0	-8.000763829634797	2472.0	0.9855271599331186	0.0	43673.0	3332.794189453125	-0.61	277.0	-0.8036437246963563	-807.0	-18.0	-0.354251012145749	-313.0	-0.7187643370545955	1.4841604281573653	-107.0	3.666828714915301	-92.0	
1925.0	-4.735497360843975	2744.0	-8.07354560820691	2473.0	0.9718970057936871	0.0	44313.0	3352.325439453125	-0.61	277.0	-0.8036437246963563	-807.0	-18.0	-0.354251012145749	-382.0	-0.8564000611714331	1.263748720181713	-93.0	4.723393970246163	-83.0	
1920.0	-4.735503382525666	2744.0	-8.074147776376028	2473.0	1.0321258660689097	0.0	44953.0	3371.856689453125	-0.6125	276.0	-0.791497975708502	-801.0	-7.0	-0.3765182186234818	-498.0	-0.9787429270530663	0.9586106187727421	-74.0	6.500302693574563	-75.0	
1922.0	-4.700037668506029	2746.0	-8.09900494584095	2470.0	1.007886994277639	0.0	45593.0	3391.387939453125	-0.6125	276.0	-0.791497975708502	-801.0	-7.0	-0.3765182186234818	-502.0	-1.8657287046949076	0.5012900382769578	-42.0	6.557107422402105	-17.0	
1928.0	-4.701249465854752	2756.0	-8.220184680713196	2470.0	0.9331621249802006	0.0	46233.0	3410.919189453125	-0.6125	276.0	-0.791497975708502	-801.0	-7.0	-0.3765182186234818	-480.0	-0.24468573176326658	0.05531248140049343	-17.0	6.215069006354591	-123.0	
1924.0	-4.8567165073081675	2762.0	-8.290698349864313	2483.0	0.9783899522669814	0.0	46873.0	3430.450439453125	-0.6125	276.0	-0.791497975708502	-801.0	-7.0	-0.3765182186234818	-510.0	1.5904572564612327	-0.4379679750695248	10.0	6.670470711533638	-243.0	
1916.0	-4.916603699042749	2765.0	-8.327036570941576	2488.0	1.073449858096765	0.0	47513.0	3449.981689453125	-0.61	277.0	-0.8076923076923077	-809.0	-19.0	-0.3522267206477733	-600.0	1.3916500994035788	-1.1051957033525417	53.0	8.044801963482051	-230.0	
1914.0	-4.964825099425882	2770.0	-8.387271847350112	2492.0	1.0958593241069317	0.0	48153.0	3469.512939453125	-0.61	277.0	-0.8076923076923077	-809.0	-19.0	-0.3522267206477733	-627.0	0.29056430646887904	-1.2498678016304632	65.0	8.457656301268642	-158.0	
1905.0	-5.061030117200488	2778.0	-8.483964101001266	2500.0	1.2013971637959213	0.0	48793.0	3489.044189453125	-0.61	277.0	-0.8076923076923077	-809.0	-19.0	-0.3522267206477733	-620.0	-0.3058571647040832	-1.3787464299125172	75.0	8.348956129378948	-119.0	
1898.0	-5.1696227056558905	2790.0	-8.628937232255673	2509.0	1.2817491246838697	0.0	49433.0	3508.575439453125	-0.61	277.0	-0.805668016194332	-808.0	-20.0	-0.3502024291497976	-664.0	-1.2081358005811287	-1.041795574676795	55.0	9.027482918888802	-60.0	
1888.0	-5.326072191820737	2804.0	-8.797695372549882	2522.0	1.3972913947271806	0.0	50073.0	3528.106689453125	-0.61	277.0	-0.805668016194332	-808.0	-20.0	-0.3502024291497976	-721.0	0.2752714482336749	-0.37159729367284483	7.0	9.90882047021196	-157.0	
1880.0	-5.410861244598936	2816.0	-8.943267317036463	2529.0	1.4899176074783416	0.0	50713.0	3547.637939453125	-0.61	277.0	-0.805668016194332	-808.0	-20.0	-0.3502024291497976	-735.0	0.8411072029362289	0.6495118616768933	-61.0	10.133854332979208	-194.0	
1863.0	-5.545221053818063	2844.0	-9.284010143711054	2540.0	1.6865784299610922	0.0	51353.0	3567.169189453125	-0.61	277.0	-0.805668016194332	-808.0	-20.0	-0.3502024291497976	-776.0	-0.7034714788193914	1.5509373167650609	-116.0	10.771992417513209	-93.0	
1855.0	-5.784619014347599	2855.0	-9.414282387140826	2560.0	1.777964547655876	0.0	51993.0	3586.700439453125	-0.6025	280.0	-0.7995951417004049	-805.0	-21.0	-0.3481781376518219	-756.0	1.3763572411683744	2.6397550981628437	-192.0	10.475990922164689	-229.0	
1869.0	-6.106819460178383	2862.0	-9.491469827362168	2587.0	1.6045240955979607	0.0	52633.0	3606.231689453125	-0.6025	280.0	-0.7995951417004049	-805.0	-21.0	-0.3481781376518219	-623.0	3.119743079981649	4.528402322636328	-318.0	8.454061067878813	-343.0	
1872.0	-6.121643873256343	2886.0	-9.783434944681973	2588.0	1.562391970807532	0.0	53273.0	3625.762939453125	-0.6025	280.0	-0.7995951417004049	-805.0	-21.0	-0.3481781376518219	-451.0	1.8657287046949076	6.650582293219379	-451.0	5.836031678387158	-261.0	
1850.0	-6.1725712117730955	2913.0	-10.114264034452397	2592.0	1.8203263565908114	0.0	53913.0	3645.294189453125	-0.6025	280.0	-0.7955465587044535	-803.0	-26.0	-0.33805668016194335	-324.0	1.3151858082275578	9.845133069627577	-656.0	3.919227761569377	-225.0	
1834.0	-6.255663266528548	2911.0	-10.090136176664306	2599.0	2.012749077536368	0.0	54553.0	3664.825439453125	-0.6025	280.0	-0.7955465587044535	-803.0	-26.0	-0.33805668016194335	-108.0	1.0857929346994954	13.717245630326131	-905.0	0.6435404170213832	-210.0	
1829.0	-6.648813205443679	2914.0	-10.119415782463165	2632.0	2.068472949886661	0.0	55193.0	3684.356689453125	-0.6025	280.0	-0.7955465587044535	-803.0	-26.0	-0.33805668016194335	195.0	1.529285823520416	17.006707517643513	-1117.0	-3.972943512517289	-239.0	
1845.0	-6.614671556418735	2927.0	-10.276679451397259	2629.0	1.8728980086608793	0.0	55833.0	3703.887939453125	-0.605	279.0	-0.805668016194332	-808.0	-25.0	-0.340080971659919	709.0	-2.370393026456645	21.11748095926751	-1369.0	-11.81890037837725	16.0	
1830.0	-6.558834841530213	2957.0	-10.645388914926059	2624.0	2.0468050781054536	0.0	56473.0	3723.419189453125	-0.605	279.0	-0.805668016194332	-808.0	-25.0	-0.340080971659919	919.0	-4.572564612326044	25.06757620117211	-1618.0	-15.001740994164434	160.0	
1806.0	-6.679594078383485	2971.0	-10.81655069549133	2634.0	2.33133087663164	0.0	57113.0	3742.950439453125	-0.605	279.0	-0.805668016194332	-808.0	-25.0	-0.340080971659919	1204.0	-2.355100168221441	28.960075866372524	-1874.0	-19.33599384007803	15.0	
1793.0	-6.952267123881518	2962.0	-10.702902864342315	2657.0	2.487503608823736	0.0	57753.0	3762.481689453125	-0.605	279.0	-0.805668016194332	-808.0	-25.0	-0.340080971659919	1448.0	-1.3151858082275578	32.29353449423457	-2091.0	-23.046713266381886	-53.0	
1804.0	-6.9404734085117035	2963.0	-10.714007517836949	2656.0	2.3548693324256136	0.0	58393.0	3782.012939453125	-0.6075	278.0	-0.8137651821862348	-812.0	-55.0	-0.2793522267206478	1751.0	-0.6728857623489831	35.83651697425176	-2320.0	-27.660661989993557	-95.0	
1827.0	-6.681031615360483	2983.0	-10.960304393191258	2634.0	2.0754293791151	0.0	59033.0	3801.544189453125	-0.6075	278.0	-0.8137651821862348	-812.0	-55.0	-0.2793522267206478	2115.0	-0.3058571647040832	42.122254224360034	-2726.0	-33.18319666904994	-119.0	
1825.0	-6.526668920955175	2986.0	-11.000225428850754	2621.0	2.100270970888132	0.0	59673.0	3821.075439453125	-0.6075	278.0	-0.8137651821862348	-812.0	-55.0	-0.2793522267206478	2352.0	-2.64566447469032	47.9738243711553	-3098.0	-36.761323594557595	34.0	
1823.0	-6.335380093162802	2979.0	-10.918961697232588	2605.0	2.1279055193405876	0.0	60313.0	3840.606689453125	-0.615	275.0	-0.840080971659919	-825.0	-88.0	-0.2125506072874494	2574.0	-6.667686190549015	51.81397896374594	-3335.0	-40.12939742073541	297.0	
1818.0	-6.132070606036	2971.0	-10.826108222647552	2588.0	2.192036647558978	0.0	60953.0	3860.137939453125	-0.615	275.0	-0.840080971659919	-825.0	-88.0	-0.2125506072874494	2868.0	-8.533414895243922	54.794521132242146	-3521.0	-44.61087019453918	419.0	
1802.0	-5.988530021316119	2965.0	-10.757764036373732	2576.0	2.387610021469002	0.0	61593.0	3879.669189453125	-0.615	275.0	-0.840080971659919	-825.0	-88.0	-0.2125506072874494	3155.0	-10.720293622878117	55.94114871308419	-3587.0	-49.0032707286126	562.0	
1799.0	-5.891486139220843	2950.0	-10.577185350655832	2568.0	2.4283366123175667	0.0	62233.0	3899.200439453125	-0.615	275.0	-0.840080971659919	-825.0	-88.0	-0.2125506072874494	3488.0	-13.258908089922008	56.87819141120182	-3638.0	-54.103613359787026	728.0	
1803.0	-5.76916625871756	2923.0	-10.249959205089292	2558.0	2.387911562949592	0.0	62873.0	3918.731689453125	-0.6075	278.0	-0.8724696356275303	-841.0	-103.0	-0.18218623481781376	3648.0	-14.55880103991436	56.923969227503314	-3636.0	-56.55827296692399	813.0	
1808.0	-5.420334436739279	2893.0	-9.890586531070717	2529.0	2.338346370794325	0.0	63513.0	3938.262939453125	-0.6075	278.0	-0.8724696356275303	-841.0	-103.0	-0.18218623481781376	3784.0	-17.2656369475455	57.622184548788596	-3673.0	-58.63814059121612	990.0	
1806.0	-5.084998145498913	2876.0	-9.690290740367482	2501.0	2.3698020350629623	0.0	64153.0	3957.794189453125	-0.6075	278.0	-0.8724696356275303	-841.0	-103.0	-0.18218623481781376	3883.0	-16.699801192842944	59.87570739120148	-3820.0	-60.134709244946364	953.0	
1792.0	-5.057187489083826	2843.0	-9.290177479811241	2499.0	2.546757105633419	0.0	64793.0	3977.325439453125	-0.59	285.0	-0.8643724696356275	-837.0	-168.0	-0.05060728744939271	3841.0	-14.74231533873681	60.28315449350377	-3852.0	-59.4861664602821	825.0	
1771.0	-4.889116772012046	2831.0	-9.149772439299781	2485.0	2.804257961807137	0.0	65433.0	3996.856689453125	-0.59	285.0	-0.8643724696356275	-837.0	-168.0	-0.05060728744939271	3769.0	-16.5315797522557	58.205752187055936	-3713.0	-58.40213765996158	942.0	
1775.0	-4.6469198750843335	2797.0	-8.73960655605237	2465.0	2.7666904773570247	0.0	537.0	4016.387939453125	-0.59	285.0	-0.8643724696356275	-837.0	-168.0	-0.05060728744939271	3766.0	-18.840801345771528	57.036433239629034	-3631.0	-58.36779739846147	1093.0	
1767.0	-4.608174841337848	2772.0	-8.436531752832519	2462.0	2.8695249659275617	0.0	1177.0	4035.919189453125	-0.58	289.0	-0.8785425101214575	-844.0	-213.0	0.04048582995951417	3889.0	-14.48233674873834	55.804334158620215	-3561.0	-60.267489879220925	808.0	
1747.0	-4.595565144037792	2766.0	-8.366038213303055	2461.0	3.112024789112838	0.0	1817.0	4055.450439453125	-0.58	289.0	-0.8785425101214575	-844.0	-213.0	0.04048582995951417	4023.0	-8.395779171127085	56.05825778668325	-3592.0	-62.32111145312903	410.0	
1736.0	-4.627994138667593	2739.0	-8.037509104854578	2464.0	3.250801201817437	0.0	2457.0	4074.981689453125	-0.58	289.0	-0.8785425101214575	-844.0	-213.0	0.04048582995951417	4013.0	-2.966814497629607	57.25461201335527	-3684.0	-62.155703074281064	55.0	
1730.0	-4.752832317926336	2689.0	-7.42608893549064	2475.0	3.3340703800386344	0.0	3097.0	4094.512939453125	-0.58	289.0	-0.8785425101214575	-844.0	-213.0	0.04048582995951417	3993.0	-10.108579293469951	57.55256616192718	-3685.0	-61.84583385963285	522.0	
1707.0	-4.249303407277513	2659.0	-7.073197870608422	2433.0	3.623271924177707	0.0	3737.0	4114.044189453125	-0.5325	308.0	-0.8744939271255061	-842.0	-254.0	0.12348178137651822	4014.0	-9.129836366416884	56.60918044078296	-3626.0	-62.17750187366491	458.0	
1710.0	-4.0113742964697705	2660.0	-7.089810599357994	2413.0	3.5891743823975397	0.0	4377.0	4133.575439453125	-0.5325	308.0	-0.8744939271255061	-842.0	-254.0	0.12348178137651822	3852.0	-5.8112861293775815	55.32880423680617	-3553.0	-59.70449928308844	241.0	
1698.0	-4.007487873732224	2628.0	-6.701168325603276	2413.0	3.7415644053530217	0.0	5017.0	4153.106689453125	-0.5325	308.0	-0.8744939271255061	-842.0	-254.0	0.12348178137651822	3681.0	-2.660957332925524	53.56159260615313	-3448.0	-57.09826469385562	35.0	
1677.0	-4.27797631186081	2601.0	-6.369059757509511	2436.0	3.998513740526382	0.0	5657.0	4172.637939453125	-0.51	317.0	-0.8724696356275303	-841.0	-302.0	0.22064777327935223	3526.0	-5.841871845847989	51.204121162578375	-3288.0	-54.743444441282	243.0	
1670.0	-3.9275742115418097	2558.0	-5.852659249419078	2407.0	4.096683121088971	0.0	6297.0	4192.169189453125	-0.51	317.0	-0.8724696356275303	-841.0	-302.0	0.22064777327935223	3420.0	-8.518122037008718	51.217993385900925	-3283.0	-53.116790451287535	418.0	
1665.0	-3.9134836211565776	2540.0	-5.634076401372034	2406.0	4.161436647809187	0.0	6937.0	4211.700439453125	-0.51	317.0	-0.8724696356275303	-841.0	-302.0	0.22064777327935223	3169.0	-1.6975072641076618	50.306837550079884	-3244.0	-49.274436611456395	-28.0	
1659.0	-3.4359332188636986	2528.0	-5.4980837911317995	2366.0	4.241221160663425	0.0	7577.0	4231.231689453125	-0.51	317.0	-0.8724696356275303	-841.0	-302.0	0.22064777327935223	2912.0	1.7280929805780703	49.89968519925435	-3229.0	-45.33497583482655	-252.0	
1641.0	-3.3974440331539473	2505.0	-5.2205937915852205	2363.0	4.464023322390973	0.0	8217.0	4250.762939453125	-0.47000000000000003	333.0	-0.8582995951417004	-834.0	-340.0	0.2975708502024291	2576.0	3.440893102920936	49.010592194330485	-3179.0	-40.188120255745815	-364.0	
1619.0	-2.955985717272817	2496.0	-5.122381251091194	2326.0	4.73546239732352	0.0	8857.0	4270.294189453125	-0.47000000000000003	333.0	-0.8582995951417004	-834.0	-340.0	0.2975708502024291	2347.0	1.0705000764642914	48.50117678061589	-3142.0	-36.67932765217236	-209.0	
1618.0	-2.834159467797924	2473.0	-4.844518208363846	2316.0	4.7542861134439	0.0	9497.0	4289.825439453125	-0.47000000000000003	333.0	-0.8582995951417004	-834.0	-340.0	0.2975708502024291	2178.0	0.061171432940816645	46.11622541808409	-2986.0	-34.109959427574566	-143.0	
1589.0	-2.5804656509726294	2442.0	-4.47513652583435	2295.0	5.1136082756241885	0.0	10137.0	4309.356689453125	-0.4525	340.0	-0.8238866396761134	-817.0	-397.0	0.41295546558704455	2089.0	3.0738645052760365	43.090500886848126	-2798.0	-32.77455762731381	-340.0	
1607.0	-2.2103733816785898	2433.0	-4.370671501192318	2264.0	4.9025310289304525	0.0	10777.0	4328.887939453125	-0.4525	340.0	-0.8238866396761134	-817.0	-397.0	0.41295546558704455	1990.0	11.714329408166387	40.71485421267129	-2667.0	-31.27921021190122	-905.0	
1566.0	-2.2817150771724033	2432.0	-4.361983907716513	2270.0	5.395967267459487	0.0	11417.0	4348.419189453125	-0.4525	340.0	-0.8238866396761134	-817.0	-397.0	0.41295546558704455	1808.0	14.757608196972015	38.68876434590395	-2545.0	-28.50677508479016	-1104.0	
1551.0	-2.114002841092618	2423.0	-4.257426966404666	2256.0	5.5804584202127865	0.0	12057.0	4367.950439453125	-0.4375	346.0	-0.7955465587044535	-803.0	-417.0	0.4534412955465587	1688.0	9.420400672885764	36.45366745237067	-2387.0	-26.687788014750502	-755.0	
1526.0	-2.0305944571170076	2422.0	-4.249921902176973	2249.0	5.8826474246142055	0.0	12697.0	4387.481689453125	-0.4375	346.0	-0.7955465587044535	-803.0	-417.0	0.4534412955465587	1552.0	2.171585869398991	34.12338451349998	-2218.0	-24.62424106663422	-281.0	
1511.0	-1.9448578853811866	2402.0	-4.009598061928185	2242.0	6.069034158702804	0.0	13337.0	4407.012939453125	-0.4375	346.0	-0.7955465587044535	-803.0	-417.0	0.4534412955465587	1568.0	-1.6669215476372536	30.880227239756188	-1997.0	-24.90218437790166	-30.0	
1520.0	-1.968773688704358	2403.0	-4.020226013292938	2244.0	5.960148706702518	0.0	13977.0	4426.544189453125	-0.4375	346.0	-0.7955465587044535	-803.0	-417.0	0.4534412955465587	1640.0	-2.2480501605750116	27.792232688350936	-1794.0	-26.037867146800703	8.0	
1508.0	-1.8263254076692006	2406.0	-4.061112195491494	2232.0	6.105333779121911	0.0	14617.0	4446.075439453125	-0.40750000000000003	358.0	-0.7692307692307693	-790.0	-445.0	0.5101214574898786	1725.0	1.7586786970484785	25.81471647948664	-1675.0	-27.36192341982996	-254.0	
1469.0	-1.8485923864231548	2393.0	-3.9068576899345198	2234.0	6.578075717517801	0.0	15257.0	4465.606689453125	-0.40750000000000003	358.0	-0.7692307692307693	-790.0	-445.0	0.5101214574898786	1809.0	2.9056430646887907	25.01269502895956	-1625.0	-28.65888026161773	-329.0	
1459.0	-1.8212645220094164	2364.0	-3.555023629513063	2232.0	6.70586760508121	0.0	15897.0	4485.137939453125	-0.40750000000000003	358.0	-0.7692307692307693	-790.0	-445.0	0.5101214574898786	1924.0	-1.5598715399908245	24.47066802558415	-1577.0	-30.428916152335844	-37.0	
1442.0	-1.5104824498477156	2353.0	-3.4291973657239403	2206.0	6.916311228187043	0.0	16537.0	4504.669189453125	-0.39	365.0	-0.7591093117408907	-785.0	-437.0	0.4939271255060729	1966.0	-8.059336289952594	23.875744853488175	-1521.0	-31.07933369769805	388.0	
1426.0	-1.2709914910536222	2341.0	-3.2896252958384182	2186.0	7.114268663510044	0.0	17177.0	4524.200439453125	-0.39	365.0	-0.7591093117408907	-785.0	-437.0	0.4939271255060729	1852.0	-10.03211500229393	22.306801803129183	-1415.0	-29.3457519911754	517.0	
1430.0	-0.8762580260980517	2325.0	-3.1019930859956384	2153.0	7.073775871272118	0.0	17817.0	4543.731689453125	-0.39	365.0	-0.7591093117408907	-785.0	-437.0	0.4939271255060729	1679.0	-9.986236427588317	20.07898189487869	-1272.0	-26.713434517402295	514.0	
1428.0	-0.9210661610542793	2302.0	-2.8209018197136473	2157.0	7.103046000790365	0.0	18457.0	4563.262939453125	-0.39	365.0	-0.7591093117408907	-785.0	-437.0	0.4939271255060729	1586.0	-7.875821991130143	16.51964488224251	-1047.0	-25.321990907323045	376.0	
1397.0	-0.6689594832784382	2284.0	-2.6102340421295436	2136.0	7.4832743990234185	0.0	19097.0	4582.794189453125	-0.3575	378.0	-0.7246963562753036	-768.0	-479.0	0.5789473684210527	1555.0	-2.370393026456645	13.480023349958765	-864.0	-24.876708129244008	16.0	
1344.0	-1.0503867626677101	2288.0	-2.657723885818634	2168.0	8.117064546223215	0.0	19737.0	4602.325439453125	-0.3575	378.0	-0.7246963562753036	-768.0	-479.0	0.5789473684210527	1339.0	0.3058571647040832	9.340858464054769	-604.0	-21.60369130794807	-159.0	
1356.0	-1.1211770189888963	2283.0	-2.593892375080098	2174.0	7.973054960621761	0.0	20377.0	4621.856689453125	-0.3575	378.0	-0.7246963562753036	-768.0	-479.0	0.5789473684210527	1124.0	-5.123107508793394	7.064094265983593	-444.0	-18.327394963431928	196.0	
1354.0	-0.9427657798966957	2284.0	-2.6099113230029083	2159.0	7.998615079596397	0.0	21017.0	4641.387939453125	-0.34	385.0	-0.742914979757085	-777.0	-454.0	0.52834008097166	840.0	-3.976143141153082	5.5288594859969304	-350.0	-13.98491395232432	121.0	
1340.0	-0.9063441165650695	2278.0	-2.5391735612688553	2156.0	8.169068750259575	0.0	21657.0	4660.919189453125	-0.34	385.0	-0.742914979757085	-777.0	-454.0	0.52834008097166	648.0	-0.42820003058571654	4.357751286259458	-285.0	-11.050484171961712	-111.0	
1334.0	-1.2767876408330756	2290.0	-2.6787640833075597	2187.0	8.234861661202627	0.0	22297.0	4680.450439453125	-0.34	385.0	-0.742914979757085	-777.0	-454.0	0.52834008097166	505.0	4.480807462914819	2.985916891968726	-210.0	-8.86994135279276	-432.0	
1326.0	-1.2893091572139277	2295.0	-2.740439530916567	2188.0	8.329888479255311	0.0	22937.0	4699.981689453125	-0.33	389.0	-0.7165991902834008	-764.0	-487.0	0.5951417004048583	441.0	4.144364581740327	1.836000462958385	-135.0	-7.899393562962867	-410.0	
1327.0	-1.5386482113363864	2290.0	-2.674344943162448	2209.0	8.316668787698086	0.0	23577.0	4719.512939453125	-0.33	389.0	-0.7165991902834008	-764.0	-487.0	0.5951417004048583	347.0	-1.7586786970484785	0.9041229008684872	-60.0	-6.466330874720025	-24.0	
1320.0	-1.4215833790098555	2306.0	-2.872623615271278	2199.0	8.398211211976765	0.0	24217.0	4739.044189453125	-0.33	389.0	-0.7165991902834008	-764.0	-487.0	0.5951417004048583	191.0	-6.300657592904114	-0.09170442143075397	15.0	-4.082549697275533	273.0	
1325.0	-1.4821863283920917	2315.0	-2.9805376011139475	2204.0	8.335205938910667	0.0	24857.0	4758.575439453125	-0.33	389.0	-0.7165991902834008	-764.0	-487.0	0.5951417004048583	-122.0	-6.193607585257685	-1.682080506456735	115.0	0.7043699268673032	266.0	
1327.0	-1.6490609044875477	2317.0	-3.0013285439928703	2218.0	8.309024988749965	0.0	25497.0	4778.106689453125	-0.3225	392.0	-0.7145748987854251	-763.0	-479.0	0.5789473684210527	-295.0	-3.0126930723352197	-3.681532964630807	235.0	3.338971075141171	58.0	
1318.0	-1.6877045096151069	2341.0	-3.294260485320207	2221.0	8.411213648811902	0.0	26137.0	4797.637939453125	-0.3225	392.0	-0.7145748987854251	-763.0	-479.0	0.5789473684210527	-442.0	-1.3457715246979662	-4.9704527385497315	313.0	5.581720975146343	-51.0	
1332.0	-1.9751730641189826	2356.0	-3.4696873642792285	2245.0	8.236155726892502	0.0	26777.0	4817.169189453125	-0.3225	392.0	-0.7145748987854251	-763.0	-479.0	0.5789473684210527	-537.0	-2.997400214100016	-5.672624828594424	362.0	7.032425201767762	57.0	
1331.0	-2.0961484059098257	2372.0	-3.662459638601591	2255.0	8.243138720759232	0.0	27417.0	4836.700439453125	-0.3275	390.0	-0.742914979757085	-777.0	-465.0	0.5506072874493927	-579.0	-4.664321761737269	-6.273769237430303	405.0	7.67088207132065	166.0	
1326.0	-2.085714885624849	2384.0	-3.8095838005801115	2254.0	8.300541536577931	0.0	28057.0	4856.231689453125	-0.3275	390.0	-0.742914979757085	-777.0	-465.0	0.5506072874493927	-593.0	-6.300657592904114	-5.564480507607695	363.0	7.892797729832624	273.0	
1328.0	-2.1460776433427493	2391.0	-3.8934786199892146	2259.0	8.274163627070402	0.0	28697.0	4875.762939453125	-0.3275	390.0	-0.742914979757085	-777.0	-465.0	0.5506072874493927	-587.0	-5.65835754702554	-5.358538701332175	348.0	7.802790245946629	231.0	
1321.0	-2.1476708040738943	2404.0	-4.052794693103725	2259.0	8.355298723398393	0.0	29337.0	4895.294189453125	-0.3275	390.0	-0.742914979757085	-777.0	-465.0	0.5506072874493927	-620.0	-4.541978895855636	-5.100638339326613	328.0	8.311737210284807	158.0	
1324.0	-2.304836047886395	2424.0	-4.2931285981633405	2272.0	8.312775814545821	0.0	29977.0	4914.825439453125	-0.32	393.0	-0.7368421052631579	-774.0	-469.0	0.5587044534412956	-756.0	-3.9455574246826735	-5.268404910369773	336.0	10.396909322079363	119.0	
1339.0	-2.1873790131503976	2437.0	-4.452187029325492	2262.0	8.130046324703672	0.0	30617.0	4934.356689453125	-0.32	393.0	-0.7368421052631579	-774.0	-469.0	0.5587044534412956	-853.0	-6.377121884080135	-5.155273296534065	334.0	11.886455553055836	278.0	
1344.0	-2.4249327822574087	2433.0	-4.398040130502773	2282.0	8.068512761133636	0.0	31257.0	4953.887939453125	-0.32	393.0	-0.7368421052631579	-774.0	-469.0	0.5587044534412956	-868.0	-6.270071876433706	-5.7617040328217035	373.0	12.110558500564833	271.0	
1339.0	-2.2717927242278657	2446.0	-4.560224803738928	2269.0	8.12704143210463	0.0	31897.0	4973.419189453125	-0.3325	388.0	-0.7449392712550608	-778.0	-457.0	0.5344129554655871	-778.0	-5.520721822908702	-6.008577045640914	388.0	10.727086241205399	222.0	
1344.0	-2.309200445279937	2460.0	-4.729568337517545	2272.0	8.063039520363114	0.0	32537.0	4992.950439453125	-0.3325	388.0	-0.7449392712550608	-778.0	-457.0	0.5344129554655871	-733.0	-3.0891573635112404	-6.329636233723653	403.0	10.033373884708952	63.0	
1340.0	-2.488228422073543	2464.0	-4.775223159735271	2287.0	8.10852891523516	0.0	33177.0	5012.481689453125	-0.3325	388.0	-0.7449392712550608	-778.0	-457.0	0.5344129554655871	-788.0	-1.819850129989295	-6.081227852218911	383.0	10.879804569720868	-20.0	
1349.0	-2.4525104730261886	2464.0	-4.774856826428387	2284.0	8.000459686452013	0.0	33817.0	5032.012939453125	-0.335	387.0	-0.7530364372469636	-782.0	-459.0	0.5384615384615384	-748.0	-1.8351429882244994	-5.782245513849137	364.0	10.26901504677957	-19.0	
1366.0	-2.382416704971245	2475.0	-4.908337163791149	2278.0	7.793671740276873	0.0	34457.0	5051.544189453125	-0.335	387.0	-0.7530364372469636	-782.0	-459.0	0.5384615384615384	-698.0	-1.2693072335219453	-5.704920941356704	358.0	9.502564109598248	-56.0	
1373.0	-2.3819206652701763	2471.0	-4.858733193684308	2278.0	7.710331430678431	0.0	35097.0	5071.075439453125	-0.335	387.0	-0.7530364372469636	-782.0	-459.0	0.5384615384615384	-594.0	-2.4009787429270535	-5.628321229062492	357.0	7.907503806276201	18.0	
1381.0	-2.3437658738256566	2451.0	-4.6146826206608695	2275.0	7.61920844788467	0.0	35737.0	5090.606689453125	-0.335	387.0	-0.7530364372469636	-782.0	-459.0	0.5384615384615384	-377.0	-5.933628995259214	-5.453735148039177	357.0	4.579496713273329	249.0	
1408.0	-2.2469296663135854	2438.0	-4.454871393263296	2267.0	7.298071829688466	0.0	36377.0	5110.137939453125	-0.3375	386.0	-0.7591093117408907	-785.0	-469.0	0.5587044534412956	-146.0	-6.988836213488302	-5.376088866687881	357.0	1.0356974510599894	318.0	
1441.0	-2.017575432332236	2412.0	-4.138495614175973	2248.0	6.909102526164243	0.0	37017.0	5129.669189453125	-0.3375	386.0	-0.7591093117408907	-785.0	-469.0	0.5587044534412956	57.0	-7.799357699954122	-5.420190037479683	364.0	-2.0796737432472847	371.0	
1476.0	-1.751048851617797	2374.0	-3.676313733208306	2226.0	6.499324682602788	0.0	37657.0	5149.200439453125	-0.3375	386.0	-0.7591093117408907	-785.0	-469.0	0.5587044534412956	380.0	-8.885150634653618	-5.496392755336831	375.0	-7.0367039920002	442.0	
1542.0	-1.6263381578647138	2328.0	-3.1100062626618388	2216.0	5.716717216059682	0.0	38297.0	5168.731689453125	-0.33	389.0	-0.7672064777327935	-789.0	-455.0	0.5303643724696356	847.0	-13.427129530509253	-5.719882227300362	406.0	-14.204812755064168	739.0	
1508.0	-1.2899432843570948	2302.0	-2.8038522452332892	2188.0	6.135842799360197	0.0	38937.0	5188.262939453125	-0.33	389.0	-0.7672064777327935	-789.0	-455.0	0.5303643724696356	1396.0	-17.663251261660808	-6.142972784646084	450.0	-22.633165188948194	1016.0	
1506.0	-1.1545092364983178	2265.0	-2.3556855545936783	2177.0	6.170256859193745	0.0	39577.0	5207.794189453125	-0.33	389.0	-0.7672064777327935	-789.0	-455.0	0.5303643724696356	1667.0	-22.694601621042974	-9.114728060950123	659.0	-26.82123781306309	1345.0	
1509.0	-0.8881430968833779	2228.0	-1.9095477835758878	2155.0	6.145698697696997	0.0	40217.0	5227.325439453125	-0.28250000000000003	408.0	-0.7692307692307693	-790.0	-468.0	0.5566801619433198	1868.0	-26.120201865728706	-11.884594189391327	850.0	-29.933177689630604	1569.0	
1545.0	-1.0980758191134325	2193.0	-1.4742485780099037	2173.0	5.7185704148269805	0.0	40857.0	5246.856689453125	-0.28250000000000003	408.0	-0.7692307692307693	-790.0	-468.0	0.5566801619433198	1984.0	-25.921394708671052	-18.196220003696215	1261.0	-31.776254052116144	1556.0	
1517.0	-1.2171332405986046	2193.0	-1.4752288217652043	2183.0	6.054709633327384	0.0	41497.0	5266.387939453125	-0.28250000000000003	408.0	-0.7692307692307693	-790.0	-468.0	0.5566801619433198	1826.0	-13.182443798745988	-24.913014696488133	1663.0	-29.418993581060327	723.0	
1500.0	-0.8641053912235314	2226.0	-1.8867295985436159	2153.0	6.2548291733940005	0.0	42137.0	5285.919189453125	-0.28250000000000003	408.0	-0.7692307692307693	-790.0	-468.0	0.5566801619433198	1339.0	-6.086557577611256	-31.53149122920361	2070.0	-22.01241480488065	259.0	
1505.0	-1.1520723941011521	2245.0	-2.112001314877125	2177.0	6.187203105183132	0.0	42777.0	5305.450439453125	-0.26	417.0	-0.7975708502024291	-804.0	-452.0	0.5242914979757085	844.0	-1.605750114696437	-34.6013232845384	2253.0	-14.447593714662172	-34.0	
1480.0	-2.075367464897321	2203.0	-1.5843655373511791	2255.0	6.489727689302798	0.0	43417.0	5324.981689453125	-0.26	417.0	-0.7975708502024291	-804.0	-452.0	0.5242914979757085	393.0	-3.991435999388286	-38.89708183121933	2534.0	-7.570189170314649	122.0	
1519.0	-2.276319860191795	2192.0	-1.4415098287033523	2272.0	6.02069576145052	0.0	44057.0	5344.512939453125	-0.26	417.0	-0.7975708502024291	-804.0	-452.0	0.5242914979757085	241.0	-6.790029056430647	-43.97638941862767	2870.0	-5.288620730153746	305.0	
1535.0	-1.925446509777714	2243.0	-2.068460501580921	2242.0	5.81889439715976	0.0	44697.0	5364.044189453125	-0.255	419.0	-0.8157894736842105	-813.0	-438.0	0.4959514170040486	-219.0	1.2540143752867412	-48.84448339679893	3161.0	1.7211608128019975	-221.0	
1548.0	-2.193500012724695	2294.0	-2.6833346058027967	2264.0	5.647289874021758	0.0	45337.0	5383.575439453125	-0.255	419.0	-0.8157894736842105	-813.0	-438.0	0.4959514170040486	-756.0	14.528215323443954	-52.13403366289567	3335.0	9.928253034554103	-1089.0	
1518.0	-3.1480418877532816	2313.0	-2.8994268705662654	2344.0	5.9948683931087325	0.0	45977.0	5403.106689453125	-0.255	419.0	-0.8157894736842105	-813.0	-438.0	0.4959514170040486	-1578.0	18.764337054595504	-57.182220274549515	3644.0	22.490936735416234	-1366.0	
1571.0	-3.753414197895855	2300.0	-2.722372170537877	2395.0	5.353801547140404	0.0	46617.0	5422.637939453125	-0.255	419.0	-0.8157894736842105	-813.0	-438.0	0.4959514170040486	-1990.0	8.349900596421472	-61.366207111222515	3939.0	28.77102413419697	-685.0	
1597.0	-3.375676505687971	2326.0	-3.043841044987591	2363.0	5.037896534525295	0.0	47257.0	5442.169189453125	-0.29	405.0	-0.8522267206477733	-831.0	-404.0	0.4271255060728745	-2708.0	3.884385991741857	-64.69690385356435	4160.0	39.75505643330723	-393.0	
1579.0	-3.192940110844274	2389.0	-3.8178206082369237	2347.0	5.241111777088265	0.0	47897.0	5461.700439453125	-0.29	405.0	-0.8522267206477733	-831.0	-404.0	0.4271255060728745	-3339.0	10.108579293469951	-67.28824448063243	4306.0	49.41151221531337	-800.0	
1568.0	-3.4504610735600294	2451.0	-4.5699168798124505	2368.0	5.356024762511524	0.0	48537.0	5481.231689453125	-0.29	405.0	-0.8522267206477733	-831.0	-404.0	0.4271255060728745	-4091.0	18.550237039302647	-69.87917480952733	4445.0	60.92465462293435	-1352.0	
1602.0	-4.34614543504917	2476.0	-4.852638743012198	2443.0	4.93177492741577	0.0	49177.0	5500.762939453125	-0.34	385.0	-0.9008097165991903	-855.0	-349.0	0.3157894736842105	-4535.0	18.09145129224652	-74.43549617819288	4738.0	67.69204215345515	-1322.0	
1630.0	-4.76330417555203	2481.0	-4.901846126631561	2478.0	4.589269794747992	0.0	49817.0	5520.294189453125	-0.34	385.0	-0.9008097165991903	-855.0	-349.0	0.3157894736842105	-4865.0	10.536779324055667	-79.38265150306256	5076.0	72.70625020738767	-828.0	
1599.0	-4.428290673726222	2564.0	-5.92430546786027	2449.0	4.945664718845291	0.0	50457.0	5539.825439453125	-0.34	385.0	-0.9008097165991903	-855.0	-349.0	0.3157894736842105	-5453.0	8.8239792017128	-82.15751012659314	5255.0	81.7010580121298	-716.0	
1640.0	-4.756188012299608	2618.0	-6.571182182341758	2476.0	4.435472307555471	0.0	51097.0	5559.356689453125	-0.3925	364.0	-0.9089068825910931	-859.0	-289.0	0.19433198380566802	-5568.0	8.089922006423	-86.8522926754783	5561.0	83.41872580732532	-668.0	
1651.0	-5.660389178104392	2615.0	-6.515108286629746	2552.0	4.2950216533297345	0.0	51737.0	5578.887939453125	-0.3925	364.0	-0.9089068825910931	-859.0	-289.0	0.19433198380566802	-5690.0	5.612478972319927	-89.81730400223223	5759.0	85.26110270034901	-506.0	
