Device	Device	Device	Device	Device	Device	Device	Device	Device	Device	Device	Device	Device	Device	Device	Device	Device	Device	Device	Device	Device	
Low Noise Accelerometer X	Low Noise Accelerometer X	Low Noise Accelerometer Z	Low Noise Accelerometer Z	Low Noise Accelerometer Y	Low Noise Accelerometer Y	Event_Marker	Timestamp	Timestamp	Magnetometer Z	Magnetometer Z	Magnetometer X	Magnetometer X	Magnetometer Y	Magnetometer Y	Gyroscope Y	Gyroscope Y	Gyroscope Z	Gyroscope Z	Gyroscope X	Gyroscope X	
CAL	UNCAL	CAL	UNCAL	UNCAL	CAL	CAL	CAL	UNCAL	UNCAL	CAL	UNCAL	CAL	CAL	UNCAL	UNCAL	CAL	CAL	UNCAL	CAL	UNCAL	
m/(s^2)	no units	m/(s^2)	no units	no units	m/(s^2)	no units	ms	no units	no units	local_flux	no units	local_flux	local_flux	no units	no units	deg/s	deg/s	no units	deg/s	no units	
-2.2850200083619656	1835.0	9.660499180324615	1276.0	2257.0	2.796646357984686	0.0	1743.65234375	57136.0	1000.0	0.21521739130434783	81.0	1.692929292929293	-2.001996007984032	242.0	84.0	-0.28810023828529574	0.958929105980795	-31.0	-0.6054840166285539	-25.0	
-2.1532411872230197	1819.0	9.617405079417384	1279.0	2246.0	2.990304289524352	0.0	1763.18359375	57776.0	999.0	0.21304347826086956	91.0	1.713131313131313	-2.003992015968064	243.0	-16.0	-0.5946889604946863	1.0093862016341835	-37.0	0.9184944181220572	-4.0	
-2.2121233535450893	1830.0	9.694400434223086	1273.0	2251.0	2.857955300927261	0.0	1782.71484375	58416.0	1000.0	0.21521739130434783	85.0	1.701010101010101	-1.978043912175649	230.0	137.0	0.023847325325975024	0.7295808415910401	-15.0	-1.4146871424547809	-46.0	
-2.115798345317496	1830.0	9.57052822398674	1283.0	2243.0	2.8576798289071736	0.0	1802.24609375	59056.0	998.0	0.2108695652173913	93.0	1.7171717171717171	-1.9560878243512976	219.0	-45.0	0.5766508806141954	1.0601434006229338	-47.0	1.3478456584942384	-80.0	
-2.1290974407007477	1820.0	9.580580338687543	1282.0	2244.0	2.9781292868111926	0.0	1821.77734375	59696.0	1001.0	0.21739130434782608	92.0	1.715151515151515	-1.942115768463074	212.0	17.0	0.1963720252976821	0.8094868614210258	-26.0	0.4086826675797229	-56.0	
-2.1284768136061256	1828.0	9.545917079661752	1285.0	2244.0	2.881403318323206	0.0	1841.30859375	60336.0	1002.0	0.21956521739130436	87.0	1.7050505050505051	-1.9481037924151698	215.0	56.0	-0.03032738846341078	0.21930621893895336	16.0	-0.18220623181878798	-42.0	
-2.2257801454841184	1822.0	9.643978187221402	1277.0	2252.0	2.9537000527065285	0.0	1860.83984375	60976.0	1000.0	0.21521739130434783	93.0	1.7171717171717171	-1.9680638722554893	225.0	25.0	-1.0706672710395144	0.07795201045125943	29.0	0.2996800567408134	26.0	
-2.1405432899183663	1830.0	9.534449921674481	1286.0	2245.0	2.8570715964380424	0.0	1880.37109375	61616.0	1001.0	0.21739130434782608	90.0	1.711111111111111	-1.942115768463074	212.0	88.0	-1.376953786663636	-0.43211859429236865	67.0	-0.6554319830459112	45.0	
-2.10519287814218	1822.0	9.507423293936338	1288.0	2242.0	2.9535403764470973	0.0	1899.90234375	62256.0	999.0	0.21304347826086956	83.0	1.696969696969697	-1.9500998003992018	216.0	23.0	-0.21240311095755365	-0.07295492761722348	35.0	0.32151566609056415	-30.0	
-2.1646978303384294	1824.0	9.631033719108705	1278.0	2247.0	2.93008504563469	0.0	1919.43359375	62896.0	1000.0	0.21521739130434783	85.0	1.701010101010101	-1.974051896207585	228.0	66.0	0.8054560794781094	-0.4624658176609517	58.0	-0.34265532125105486	-97.0	
-2.213700716494529	1826.0	9.583734477163413	1282.0	2251.0	2.9050256388115074	0.0	1938.96484375	63536.0	1002.0	0.21956521739130436	92.0	1.715151515151515	-1.940119760479042	211.0	86.0	0.2547511245948744	0.02281315627480176	29.0	-0.641330781207926	-61.0	
-2.129336624664452	1821.0	9.544248034666177	1285.0	2244.0	2.9657153791602573	0.0	1958.49609375	64176.0	1001.0	0.21739130434782608	95.0	1.7212121212121212	-1.9381237524950103	210.0	65.0	-1.3491231434969906	0.46649472614165255	6.0	-0.3059004035460187	44.0	
-2.030828737849705	1826.0	9.58004120184985	1282.0	2236.0	2.90681742584482	0.0	1978.02734375	64816.0	998.0	0.2108695652173913	93.0	1.7171717171717171	-1.9860279441117767	234.0	133.0	-1.3005421301368107	0.21962473769016694	25.0	-1.3406067459990123	40.0	
-2.140670437628672	1827.0	9.558115109356866	1284.0	2245.0	2.893451555151016	0.0	1997.55859375	65456.0	1001.0	0.21739130434782608	79.0	1.6888888888888889	-1.9560878243512976	219.0	115.0	0.5243389316174581	-0.2031951257645283	44.0	-1.0850912980614218	-79.0	
-2.2383336248420003	1822.0	9.607653666554906	1280.0	2253.0	2.953211272706285	0.0	2017.08984375	560.0	1003.0	0.2217391304347826	89.0	1.709090909090909	-1.9680638722554893	225.0	65.0	0.1473100224497495	-0.2973271871257817	50.0	-0.3208647352054861	-54.0	
-2.2017549115539197	1824.0	9.583011388810439	1282.0	2250.0	2.9292342515195524	0.0	2036.62109375	1200.0	998.0	0.2108695652173913	88.0	1.707070707070707	-1.978043912175649	230.0	91.0	-0.8860086882719201	-0.40449326309089406	63.0	-0.7059688104556838	13.0	
-2.1896862764621208	1823.0	9.582526735456835	1282.0	2249.0	2.941398284108019	0.0	2056.15234375	1840.0	999.0	0.21304347826086956	97.0	1.7252525252525253	-1.976047904191617	229.0	90.0	-0.8560876596963787	-0.4971391541875188	69.0	-0.6910588952661542	11.0	
-2.213338702379635	1826.0	9.620305216184146	1279.0	2251.0	2.9053949663428638	0.0	2075.68359375	2480.0	1002.0	0.21956521739130436	93.0	1.7171717171717171	-1.942115768463074	212.0	92.0	-0.702260554420835	-0.4316662719360442	64.0	-0.7230154172694799	1.0	
-2.1171408418623474	1823.0	9.520098193630188	1287.0	2243.0	2.9414994530357497	0.0	2095.21484375	3120.0	1001.0	0.21739130434782608	86.0	1.7030303030303031	-1.9580838323353296	220.0	65.0	-0.4497837881395951	-0.1508219316718818	43.0	-0.31489379709959264	-15.0	
-2.1901711207282037	1822.0	9.545717561436733	1285.0	2249.0	2.9530735366962415	0.0	2114.74609375	3760.0	1002.0	0.21956521739130436	94.0	1.7191919191919192	-1.976047904191617	229.0	87.0	-0.04129167324586297	-0.4057490124202496	59.0	-0.6535794787048038	-42.0	
-2.1650533681146484	1827.0	9.55860754606534	1284.0	2247.0	2.893212650213241	0.0	2134.27734375	4400.0	1001.0	0.21739130434782608	95.0	1.7212121212121212	-1.9481037924151698	215.0	138.0	-0.08225242037060765	-0.6567290996651783	78.0	-1.4288352704731002	-40.0	
-2.0186351138271585	1827.0	9.567843172154737	1283.0	2235.0	2.8947691890170097	0.0	2153.80859375	5040.0	1004.0	0.22391304347826088	88.0	1.707070707070707	-1.974051896207585	228.0	131.0	-0.8769567787195709	-0.42576618647965914	66.0	-1.3144243485626144	12.0	
-1.9312240147924853	1836.0	9.66578752939134	1275.0	2228.0	2.7881890086399634	0.0	2173.33984375	5680.0	999.0	0.21304347826086956	81.0	1.692929292929293	-1.9940119760479045	238.0	208.0	-0.524596933816533	-0.8532214376648103	96.0	-2.489050608608603	-12.0	
-1.6235132066643723	1849.0	9.796824435269874	1264.0	2203.0	2.635949979755934	0.0	2192.87109375	6320.0	1004.0	0.22391304347826088	93.0	1.7171717171717171	-1.9680638722554893	225.0	260.0	-1.1057938072695885	-1.395827807957048	137.0	-3.2741131645889014	25.0	
-1.1708645824017165	1847.0	9.970091181268016	1249.0	2166.0	2.6663055190007103	0.0	2212.40234375	6960.0	1001.0	0.21739130434782608	92.0	1.715151515151515	-1.9720558882235533	227.0	223.0	-2.9837921806803536	-2.5170139342174074	219.0	-2.692595538269242	147.0	
-0.7172354757091037	1852.0	10.15721721860198	1233.0	2129.0	2.6124721065855545	0.0	2231.93359375	7600.0	1001.0	0.21739130434782608	92.0	1.715151515151515	-1.9880239520958087	235.0	191.0	-3.929004355902532	-5.439210589559243	417.0	-2.196451401307895	207.0	
-0.33808902190103873	1854.0	10.247583290341307	1225.0	2098.0	2.59307084629886	0.0	2251.46484375	8240.0	1000.0	0.21521739130434783	87.0	1.7050505050505051	-1.9700598802395213	226.0	99.0	-4.865855664868712	-9.972703955886406	720.0	-0.7878433444919973	266.0	
0.015101456030726948	1854.0	10.203872219047687	1228.0	2069.0	2.5961656403652413	0.0	2270.99609375	8880.0	1002.0	0.21956521739130436	95.0	1.7212121212121212	-1.9600798403193616	221.0	13.0	-6.017644107352132	-15.956852874923038	1121.0	0.5316593308073616	338.0	
0.4526603433516857	1851.0	10.096771082575078	1236.0	2033.0	2.6356147961869776	0.0	2290.52734375	9520.0	1001.0	0.21739130434782608	96.0	1.7232323232323232	-1.9840319361277448	233.0	-103.0	-4.671269137041072	-22.747817571733677	1563.0	2.2824541362373307	247.0	
0.7817092335407374	1851.0	10.07793294067042	1237.0	2006.0	2.6387169036698217	0.0	2310.05859375	10160.0	999.0	0.21304347826086956	103.0	1.7373737373737375	-1.9900199600798405	236.0	-158.0	-3.9209433798792666	-29.894969585845082	2034.0	3.1114527798063976	194.0	
1.2191280204740411	1839.0	10.066207859925456	1237.0	1970.0	2.787552153984717	0.0	2329.58984375	10800.0	1001.0	0.21739130434782608	99.0	1.7292929292929293	-1.974051896207585	228.0	-262.0	-0.5131664910003826	-37.55674015961807	2525.0	4.659124060347266	-32.0	
0.8739320759837533	1853.0	10.747149830902941	1182.0	1999.0	2.6222349154544085	0.0	2349.12109375	11440.0	997.0	0.20869565217391306	97.0	1.7252525252525253	-2.007984031936128	245.0	-246.0	3.3877749253568603	-46.25929145208726	3088.0	4.376768638579131	-292.0	
0.43391530799396055	1893.0	11.38749987333691	1131.0	2036.0	2.1423105373554767	0.0	2368.65234375	12080.0	999.0	0.21304347826086956	109.0	1.7494949494949494	-2.007984031936128	245.0	-32.0	-8.800634144502345	-55.520668126726626	3771.0	1.2438998775666965	494.0	
0.14302249404242923	1899.0	11.492361694556774	1123.0	2060.0	2.0681610708016542	0.0	2388.18359375	12720.0	1002.0	0.21956521739130436	112.0	1.7555555555555555	-2.00998003992016	246.0	-150.0	-22.35146014412532	-64.8742052656181	4453.0	3.1740849436465766	1372.0	
0.39868988514852166	1903.0	11.402813124733544	1130.0	2039.0	2.0216294879301455	0.0	2407.71484375	13360.0	1000.0	0.21521739130434783	115.0	1.7616161616161616	-2.0239520958083834	253.0	-628.0	-36.300132470371324	-85.72341153310768	5889.0	10.583533644095347	2272.0	
0.7536237317720802	1928.0	11.230970218681428	1144.0	2010.0	1.7222555780587514	0.0	2427.24609375	14000.0	997.0	0.20869565217391306	131.0	1.793939393939394	-2.037924151696607	260.0	-760.0	-28.43545130457594	-93.20267173765009	6346.0	12.512491395175037	1756.0	
-0.11314895006214194	1941.0	10.97117571099845	1167.0	2081.0	1.5543634001394833	0.0	2446.77734375	14640.0	998.0	0.2108695652173913	140.0	1.812121212121212	-2.0219560878243517	252.0	-1049.0	-37.08356911418464	-102.941497769825	7024.0	16.99440983562854	2316.0	
-0.11579508511979676	1945.0	10.655183046149563	1193.0	2081.0	1.5029842410560805	0.0	2466.30859375	15280.0	1007.0	0.23043478260869565	144.0	1.8202020202020202	-2.0319361277445114	257.0	-1233.0	-55.72892967901169	-113.20999270157937	7788.0	19.97934252872928	3526.0	
0.21016384255712278	1967.0	10.05645864989926	1242.0	2054.0	1.2351963454064911	0.0	2485.83984375	15920.0	1008.0	0.2326086956521739	160.0	1.8525252525252525	-2.0678642714570863	275.0	-1155.0	-71.9545307260342	-127.6854123102672	8832.0	18.955286752127265	4573.0	
0.8566003363290434	1989.0	9.804849720305874	1262.0	2001.0	0.9740843800844211	0.0	2505.37109375	16560.0	1011.0	0.2391304347826087	193.0	1.9191919191919191	-2.047904191616767	265.0	-969.0	-74.95138046183405	-142.14628437077158	9818.0	16.15635791108222	4757.0	
0.43990636183524445	2041.0	10.191573372878647	1232.0	2036.0	0.3472786527688256	0.0	2524.90234375	17200.0	1005.0	0.22608695652173913	207.0	1.9474747474747476	-2.0678642714570863	275.0	-571.0	-61.37345478922733	-156.5223421383093	10730.0	9.967346715192654	3859.0	
-1.9786874708399538	2109.0	10.17145268094721	1239.0	2235.0	-0.4963856009109754	0.0	2544.43359375	17840.0	1008.0	0.2326086956521739	229.0	1.9919191919191919	-2.1077844311377247	295.0	-435.0	-50.35710286808701	-170.12988082031967	11592.0	7.788742131342468	3131.0	
-4.059310750149461	2114.0	9.336804239666822	1311.0	2405.0	-0.585779281972296	0.0	2563.96484375	18480.0	1005.0	0.22608695652173913	246.0	2.026262626262626	-2.0878243512974053	285.0	-687.0	-57.05044436399562	-177.2086365848214	12085.0	11.688375166073417	3565.0	
-3.206133136781593	2064.0	8.673508176854854	1363.0	2334.0	0.018529172087479603	0.0	2583.49609375	19120.0	1011.0	0.2391304347826087	271.0	2.076767676767677	-2.101796407185629	292.0	-935.0	-79.0655895286238	-178.57088519198516	12268.0	15.680389735590422	5001.0	
-2.120552638755555	2033.0	7.851591027877184	1428.0	2244.0	0.39465978148157765	0.0	2603.02734375	19760.0	1004.0	0.22391304347826088	284.0	2.103030303030303	-2.12375249500998	303.0	-396.0	-64.82034279749294	-176.25093737334765	12069.0	7.340218637100405	4069.0	
-2.126049552361638	2058.0	6.992044412704019	1499.0	2244.0	0.08480452691667681	0.0	2622.55859375	20400.0	1004.0	0.22391304347826088	306.0	2.1474747474747473	-2.1137724550898205	298.0	292.0	-31.956238322038743	-166.84536109316872	11317.0	-3.4523007346503354	1927.0	
-2.7652822428045445	2075.0	7.49675723407764	1459.0	2297.0	-0.12135994888244973	0.0	2642.08984375	21040.0	1004.0	0.22391304347826088	319.0	2.1737373737373735	-2.1137724550898205	298.0	585.0	-5.353964718483491	-152.70153693113295	10262.0	-8.174597234944445	200.0	
-4.041494386512296	2089.0	7.745372685388129	1441.0	2402.0	-0.300310614601603	0.0	2661.62109375	21680.0	1003.0	0.2217391304347826	324.0	2.183838383838384	-2.1157684630738527	299.0	991.0	19.290431369273506	-140.78148485404574	9369.0	-14.595946138787793	-1402.0	
-4.726980426918481	2096.0	8.626583666732602	1370.0	2459.0	-0.38269071458981047	0.0	2681.15234375	22320.0	1000.0	0.21521739130434783	337.0	2.21010101010101	-2.1257485029940124	304.0	1336.0	24.95026699633141	-132.80960144314952	8825.0	-19.899692784031757	-1769.0	
-5.071062264929831	2123.0	9.261864307340892	1319.0	2488.0	-0.7050799313831181	0.0	2700.68359375	22960.0	1000.0	0.21521739130434783	340.0	2.216161616161616	-2.1077844311377247	295.0	1760.0	15.075656759079918	-125.43259769462996	8396.0	-26.24961588318015	-1125.0	
-4.971177341097301	2151.0	9.156858523427088	1328.0	2480.0	-1.042480537574292	0.0	2720.21484375	23600.0	1000.0	0.21521739130434783	348.0	2.2323232323232323	-2.137724550898204	310.0	2133.0	6.163817493121184	-116.17461892692933	7835.0	-31.833501292801934	-542.0	
-4.92365489309415	2134.0	9.237151979402597	1321.0	2476.0	-0.836383101426072	0.0	2739.74609375	24240.0	993.0	0.2	355.0	2.2464646464646463	-2.163672654690619	323.0	2112.0	3.733481915661299	-101.68540965292897	6879.0	-31.48980630204635	-374.0	
-5.440498880738882	2147.0	9.835970847958327	1273.0	2519.0	-0.9921898586410581	0.0	2759.27734375	24880.0	990.0	0.1934782608695652	366.0	2.268686868686869	-2.141716566866268	312.0	2305.0	6.973239570837728	-87.86544635505106	5950.0	-34.45756509532815	-578.0	
-6.050002401091548	2181.0	10.673381278799328	1206.0	2570.0	-1.3995493437530424	0.0	2778.80859375	25520.0	985.0	0.1826086956521739	363.0	2.2626262626262625	-2.1756487025948106	329.0	2520.0	3.0817050763622307	-77.77863965385876	5304.0	-37.68861172756971	-320.0	
-5.755836348649064	2182.0	10.813993429379929	1194.0	2546.0	-1.4072497544938956	0.0	2798.33984375	26160.0	983.0	0.1782608695652174	367.0	2.2707070707070707	-2.1836327345309385	333.0	2240.0	-6.502072759499885	-67.37190594429471	4643.0	-33.334218816131234	314.0	
-5.188093273375064	2151.0	10.648746725667431	1206.0	2499.0	-1.0297308148746662	0.0	2817.87109375	26800.0	982.0	0.17608695652173914	383.0	2.303030303030303	-2.163672654690619	323.0	1836.0	-13.48101641808938	-54.673180318644825	3812.0	-27.119942687530134	781.0	
-4.727890506700805	2125.0	10.645381364563088	1205.0	2461.0	-0.7119094287707746	0.0	2837.40234375	27440.0	980.0	0.17173913043478262	384.0	2.305050505050505	-2.169660678642715	326.0	1448.0	-12.778371380440403	-40.955131539891994	2878.0	-21.22582845349598	748.0	
-4.415082159184878	2094.0	10.595017463351777	1208.0	2435.0	-0.335791008404114	0.0	2856.93359375	28080.0	979.0	0.16956521739130434	391.0	2.319191919191919	-2.2115768463073855	347.0	1067.0	-6.049255318862855	-29.181501971580364	2046.0	-15.498442808028102	321.0	
-3.942821551316611	2062.0	10.650926505598212	1202.0	2396.0	0.05503285677173165	0.0	2876.46484375	28720.0	979.0	0.16956521739130434	386.0	2.309090909090909	-2.2375249500998007	360.0	732.0	4.140920202449315	-20.529323077928165	1408.0	-10.505287529020691	-334.0	
-3.882256462130379	2048.0	10.780450033578564	1191.0	2391.0	0.2256084417385782	0.0	2895.99609375	29360.0	980.0	0.17173913043478262	401.0	2.3393939393939394	-2.1716566866267466	327.0	571.0	11.885127119467818	-14.404647457008693	957.0	-8.134060396669964	-833.0	
-3.725493512426859	2031.0	10.809766539004958	1188.0	2378.0	0.432288513398311	0.0	2915.52734375	30000.0	979.0	0.16956521739130434	393.0	2.323232323232323	-2.197604790419162	340.0	378.0	13.80420703724181	-9.603156104836524	620.0	-5.217889979117666	-953.0	
-3.4981180288492237	2013.0	10.593562372501669	1205.0	2359.0	0.6492676964485724	0.0	2935.05859375	30640.0	976.0	0.16304347826086957	397.0	2.3313131313131312	-2.19560878243513	339.0	238.0	9.964391585330114	-5.882845167487344	384.0	-3.0502142580586247	-699.0	
-3.2803696887965055	2009.0	10.466274238725477	1215.0	2341.0	0.698365069595675	0.0	2954.58984375	31280.0	981.0	0.17391304347826086	397.0	2.3313131313131312	-2.177644710578843	330.0	197.0	7.485967437022158	-2.646834040430636	178.0	-2.401855872088853	-535.0	
-3.0467946308949534	2012.0	10.620784597416247	1202.0	2322.0	0.6661013454483453	0.0	2974.12109375	31920.0	976.0	0.16304347826086957	392.0	2.3212121212121213	-2.187624750499002	335.0	210.0	4.9817814646752625	0.36894925688765867	-11.0	-2.574532643544091	-370.0	
-2.9235245292428704	2025.0	10.597041576185164	1204.0	2312.0	0.5104701102284589	0.0	2993.65234375	32560.0	976.0	0.16304347826086957	397.0	2.3313131313131312	-2.2075848303393215	345.0	235.0	1.2845602786349284	2.440585426686463	-131.0	-2.9177885685658174	-128.0	
-3.0334761064956783	2031.0	10.503166180647552	1212.0	2321.0	0.4361426838740487	0.0	3013.18359375	33200.0	975.0	0.16086956521739132	395.0	2.327272727272727	-2.173652694610779	328.0	142.0	-0.42566326478194133	3.432574270924025	-193.0	-1.4862376639301276	-15.0	
-2.922390993747909	2047.0	10.443813943748076	1217.0	2312.0	0.24388892829518233	0.0	3032.71484375	33840.0	983.0	0.1782608695652174	389.0	2.315151515151515	-2.1936127744510983	338.0	135.0	-2.078340000262968	3.813207084046691	-211.0	-1.363247018248321	93.0	
-2.9203201514141535	2056.0	10.543481829464342	1209.0	2312.0	0.13647258063592355	0.0	3052.24609375	34480.0	976.0	0.16304347826086957	380.0	2.296969696969697	-2.2155688622754495	349.0	24.0	-3.118207783726995	5.5721763031962555	-328.0	0.3353645873429734	163.0	
-3.0156474069753236	2071.0	10.585598840309492	1206.0	2320.0	-0.04478241337750169	0.0	3071.77734375	35120.0	975.0	0.16086956521739132	395.0	2.327272727272727	-2.1796407185628746	331.0	-57.0	-2.1209853195010435	7.372532532906325	-456.0	1.5573315261988128	100.0	
-3.35528017654411	2089.0	10.548023798855786	1210.0	2348.0	-0.2654219613672446	0.0	3091.30859375	35760.0	977.0	0.16521739130434782	396.0	2.3292929292929294	-2.1836327345309385	333.0	-137.0	0.4753323517848463	9.48199020617156	-612.0	2.748098387508768	-67.0	
-3.7533296971849057	2110.0	10.73181958829577	1196.0	2381.0	-0.5205765468720236	0.0	3110.83984375	36400.0	977.0	0.16521739130434782	389.0	2.315151515151515	-2.221556886227545	352.0	-368.0	-0.5413564142004491	16.338756156526685	-1074.0	6.271573259959495	6.0	
-3.9688627769570974	2134.0	10.839495929378828	1188.0	2399.0	-0.8108117407649391	0.0	3130.37109375	37040.0	977.0	0.16521739130434782	379.0	2.294949494949495	-2.199600798403194	341.0	-621.0	-2.290205068113648	21.77882354109512	-1439.0	10.136970491745775	126.0	
-4.116127889625565	2133.0	10.756880390248599	1195.0	2411.0	-0.8010623545118417	0.0	3149.90234375	37680.0	979.0	0.16956521739130434	387.0	2.311111111111111	-2.187624750499002	335.0	-908.0	-1.924144593350012	29.464801943109542	-1965.0	14.498328898404985	110.0	
-4.199392986433611	2144.0	10.834368181762773	1189.0	2418.0	-0.9336502480467082	0.0	3169.43359375	38320.0	981.0	0.17391304347826086	381.0	2.298989898989899	-2.2055888223552897	344.0	-1058.0	-1.7174523761215608	37.11028584971984	-2482.0	16.777630797525475	103.0	
-4.263750698849809	2134.0	10.613790489415884	1207.0	2423.0	-0.8160176743834957	0.0	3188.96484375	38960.0	977.0	0.16521739130434782	385.0	2.3070707070707073	-2.197604790419162	340.0	-1462.0	-1.7738519879352055	45.279226397720116	-3043.0	22.92268148565882	116.0	
-3.9762625886586513	2116.0	10.311023506759694	1231.0	2399.0	-0.5993029932286279	0.0	3208.49609375	39600.0	986.0	0.1847826086956522	378.0	2.292929292929293	-2.1576846307385233	320.0	-1639.0	1.6417599403809695	52.63996612568102	-3557.0	25.58054057550114	-100.0	
-3.358055618091629	2089.0	10.267648133030162	1233.0	2348.0	-0.268253472440976	0.0	3228.02734375	40240.0	988.0	0.1891304347826087	367.0	2.2707070707070707	-2.173652694610779	328.0	-1930.0	6.297067420368151	59.45526433362705	-4045.0	29.95984301400925	-396.0	
-3.242743570912162	2049.0	10.084985100749652	1247.0	2338.0	0.21300072855138685	0.0	3247.55859375	40880.0	991.0	0.1956521739130435	371.0	2.278787878787879	-2.1716566866267466	327.0	-2008.0	11.619068262758276	64.04489685538788	-4379.0	31.09293479265759	-739.0	
-3.3241778904846706	2012.0	9.699742679350889	1278.0	2344.0	0.6541170936717945	0.0	3267.08984375	41520.0	992.0	0.19782608695652174	365.0	2.2666666666666666	-2.1437125748502996	313.0	-2077.0	9.514071979456949	65.82858783018396	-4491.0	32.16341441328528	-600.0	
-3.2871531909625546	1997.0	9.927042179762307	1259.0	2341.0	0.8374832272373949	0.0	3286.62109375	42160.0	997.0	0.20869565217391306	351.0	2.2383838383838386	-2.1397205588822357	311.0	-1867.0	-0.20070179410360656	67.5170504599556	-4550.0	29.066645801211003	32.0	
