Device	Device	Device	Device	Device	Device	Device	Device	Device	Device	Device	Device	Device	Device	Device	Device	Device	Device	Device	Device	Device	
Low Noise Accelerometer X	Low Noise Accelerometer X	Low Noise Accelerometer Z	Low Noise Accelerometer Z	Low Noise Accelerometer Y	Low Noise Accelerometer Y	Event_Marker	Timestamp	Timestamp	Magnetometer Z	Magnetometer Z	Magnetometer X	Magnetometer X	Magnetometer Y	Magnetometer Y	Gyroscope Y	Gyroscope Y	Gyroscope Z	Gyroscope Z	Gyroscope X	Gyroscope X	
CAL	UNCAL	CAL	UNCAL	UNCAL	CAL	CAL	CAL	UNCAL	UNCAL	CAL	CAL	UNCAL	CAL	UNCAL	CAL	UNCAL	CAL	UNCAL	CAL	UNCAL	
m/(s^2)	no units	m/(s^2)	no units	no units	m/(s^2)	no units	ms	no units	no units	local_flux	local_flux	no units	local_flux	no units	deg/s	no units	deg/s	no units	deg/s	no units	
1.7868615794952942	1746.0	9.422702606968626	1287.0	1922.0	3.9072763647562043	0.0	180.145263671875	5903.0	1069.0	0.3652173913043478	1.9535353535353535	210.0	-1.6546906187624753	68.0	10.847866474781659	1444.0	24.069713013224536	-1569.0	-21.40125433014706	-749.0	
2.0793382327349392	1747.0	9.392651308785805	1289.0	1898.0	3.8978524255356883	0.0	199.676513671875	6543.0	1073.0	0.3739130434782609	1.9616161616161616	214.0	-1.662674650698603	72.0	6.635537542457761	1402.0	21.188913989009357	-1359.0	-20.720347770861842	-476.0	
2.163950143646953	1745.0	9.341689924946428	1293.0	1891.0	3.9222853163485834	0.0	219.207763671875	7183.0	1066.0	0.358695652173913	1.9393939393939394	203.0	-1.7025948103792417	92.0	11.59886050834753	1144.0	17.86791783103081	-1171.0	-16.846026627897167	-799.0	
2.217424346892084	1746.0	9.804172847458137	1255.0	1887.0	3.915396694835067	0.0	238.739013671875	7823.0	1068.0	0.3630434782608696	1.9474747474747476	207.0	-1.6926147704590822	87.0	11.63882774801609	954.0	15.90546879651822	-1048.0	-13.956692459989666	-801.0	
2.0358927060125525	1752.0	9.870247964469128	1250.0	1902.0	3.8419529729698754	0.0	258.270263671875	8463.0	1069.0	0.3652173913043478	1.9454545454545455	206.0	-1.6706586826347307	76.0	8.972963405734772	820.0	14.330331622403365	-936.0	-11.892011002878643	-627.0	
1.866069844889485	1758.0	9.887315877764905	1249.0	1916.0	3.768136266865097	0.0	277.801513671875	9103.0	1068.0	0.3630434782608696	1.9434343434343435	205.0	-1.7005988023952099	91.0	4.545313790528911	653.0	12.57288108644229	-805.0	-9.30781055235396	-338.0	
1.9366737436453674	1753.0	9.689602451198729	1265.0	1910.0	3.8271061354424156	0.0	297.332763671875	9743.0	1072.0	0.3717391304347826	1.9535353535353535	210.0	-1.6726546906187627	77.0	-2.0767389157727503	482.0	10.785817500567926	-662.0	-6.640829569017178	94.0	
2.105180013578282	1752.0	9.478682771455878	1282.0	1896.0	3.8387301941154006	0.0	316.864013671875	10383.0	1070.0	0.3673913043478261	1.9494949494949494	208.0	-1.6746506986027947	78.0	-2.034088105326995	389.0	9.03211813385461	-549.0	-5.226807407920115	91.0	
1.9453592627723741	1750.0	9.371694523000032	1291.0	1909.0	3.8601584896649515	0.0	336.395263671875	11023.0	1072.0	0.3717391304347826	1.9434343434343435	205.0	-1.7065868263473056	94.0	-1.2852585615383942	378.0	7.009289591393301	-418.0	-5.066995323129865	41.0	
1.7248246872743462	1749.0	9.278366047654982	1299.0	1927.0	3.8690680519276053	0.0	355.926513671875	11663.0	1069.0	0.3652173913043478	1.9414141414141415	204.0	-1.7065868263473056	94.0	-2.066236574123948	366.0	5.46713988353977	-312.0	-4.8766760373005855	91.0	
1.932682953263303	1749.0	9.335131567334168	1294.0	1910.0	3.8717142897842867	0.0	375.457763671875	12303.0	1073.0	0.3739130434782609	1.9515151515151514	209.0	-1.6766467065868265	79.0	-2.763807968019383	349.0	4.515843399855386	-246.0	-4.611145190281784	136.0	
1.7634483375414842	1748.0	9.496813391717303	1281.0	1924.0	3.883686954641984	0.0	394.989013671875	12943.0	1074.0	0.3760869565217391	1.9414141414141415	204.0	-1.7125748502994014	97.0	-0.7663956969751577	375.0	3.5980382976343304	-193.0	-5.02655657534964	5.0	
1.7151694796151724	1750.0	9.522655627813478	1279.0	1928.0	3.859366202881514	0.0	414.520263671875	13583.0	1069.0	0.3652173913043478	1.9575757575757575	212.0	-1.694610778443114	88.0	0.055396313380081594	284.0	3.050697748287915	-164.0	-3.650744077202242	-48.0	
1.6895733590742088	1747.0	9.437101035142136	1286.0	1930.0	3.8943992740626445	0.0	434.051513671875	14223.0	1069.0	0.3652173913043478	1.9494949494949494	208.0	-1.7105788423153694	96.0	0.588517324243028	202.0	2.933721586876667	-162.0	-2.4089269983374875	-82.0	
1.6897005067845148	1750.0	9.413435847459754	1288.0	1930.0	3.8580193153496705	0.0	453.582763671875	14863.0	1068.0	0.3630434782608696	1.9494949494949494	208.0	-1.720558882235529	101.0	0.1665730696457538	164.0	3.1348735849998413	-175.0	-1.8267607877306782	-54.0	
1.640206300023658	1748.0	9.365182865516989	1292.0	1934.0	3.8811382290048027	0.0	473.114013671875	15503.0	1070.0	0.3673913043478261	1.9575757575757575	212.0	-1.7105788423153694	96.0	-0.9056588027055439	128.0	2.7977946851798063	-149.0	-1.268509951896899	16.0	
1.6641087038026674	1749.0	9.303977632106658	1297.0	1932.0	3.868717007937405	0.0	492.645263671875	16143.0	1070.0	0.3673913043478261	1.9535353535353535	210.0	-1.6846307385229544	83.0	-1.3952243344316464	133.0	3.029812820008637	-162.0	-1.339659923956064	48.0	
1.7617589383386465	1748.0	9.326149942953881	1295.0	1924.0	3.8819634261623213	0.0	512.176513671875	16783.0	1074.0	0.3760869565217391	1.9494949494949494	208.0	-1.6826347305389224	82.0	-1.654836849505292	112.0	2.8402036369328862	-149.0	-1.017672163824339	65.0	
1.7744330890681597	1748.0	9.374664709960621	1291.0	1923.0	3.8825753153396843	0.0	531.707763671875	17423.0	1072.0	0.3717391304347826	1.9515151515151514	209.0	-1.7165668662674654	99.0	0.7054620055868589	125.0	2.713820589361873	-151.0	-1.2389937835539677	-89.0	
1.66435004654593	1749.0	9.328358124787147	1295.0	1932.0	3.8689632262916427	0.0	551.239013671875	18063.0	1070.0	0.3673913043478261	1.9373737373737374	202.0	-1.6886227544910182	85.0	1.4994329922439567	136.0	2.4703496751740275	-138.0	-1.4142338736486753	-141.0	
1.6643457289868135	1747.0	9.352261747468901	1293.0	1932.0	3.8932986048850378	0.0	570.770263671875	18703.0	1071.0	0.3695652173913044	1.9555555555555555	211.0	-1.6826347305389224	82.0	0.4732473065262838	109.0	2.2704737796685284	-121.0	-0.9933256289587992	-74.0	
1.7014136041000945	1752.0	9.340525021062783	1294.0	1929.0	3.8333109525166877	0.0	590.301513671875	19343.0	1071.0	0.3695652173913044	1.9555555555555555	211.0	-1.7325349301397208	107.0	-0.29599105383804014	111.0	2.115334447114145	-107.0	-1.0160514963057263	-24.0	
1.7750515573832235	1755.0	9.351953262275707	1293.0	1923.0	3.7980170361483956	0.0	609.832763671875	19983.0	1069.0	0.3652173913043478	1.9373737373737374	202.0	-1.7504990019960083	116.0	-0.04977873060391792	91.0	1.8761357165630588	-93.0	-0.7143311100323639	-40.0	
1.7388370169895944	1754.0	9.40121446770003	1289.0	1926.0	3.8101956955697864	0.0	629.364013671875	20623.0	1072.0	0.3717391304347826	1.9414141414141415	204.0	-1.694610778443114	88.0	0.7804051278956937	101.0	2.1692661564084967	-116.0	-0.8747242033702117	-94.0	
1.7017777769945466	1753.0	9.36514394874264	1292.0	1929.0	3.8215125907513467	0.0	648.895263671875	21263.0	1076.0	0.3804347826086957	1.9393939393939394	203.0	-1.7185628742514973	100.0	1.0257381879630016	86.0	1.9181779439207516	-101.0	-0.6490406518416072	-110.0	
1.68995048464601	1754.0	9.390009094776735	1290.0	1930.0	3.809594776517118	0.0	668.426513671875	21903.0	1067.0	0.36086956521739133	1.9555555555555555	211.0	-1.7145708582834334	98.0	0.386671409087229	46.0	1.8633598722294196	-96.0	-0.034284965041442635	-68.0	
1.6900668384585251	1752.0	9.426102963798733	1287.0	1930.0	3.8340532642876317	0.0	687.957763671875	22543.0	1067.0	0.36086956521739133	1.9434343434343435	205.0	-1.7145708582834334	98.0	0.26584079631251534	25.0	1.7390539874942927	-88.0	0.2863149760672931	-60.0	
1.786870214613527	1750.0	9.37489536160512	1291.0	1922.0	3.858605607569414	0.0	707.489013671875	23183.0	1070.0	0.3673913043478261	1.9393939393939394	203.0	-1.7105788423153694	96.0	0.45408416566715487	-12.0	1.5835027132987802	-80.0	0.8471701849592982	-72.0	
1.7135942754452915	1747.0	9.40003785941293	1289.0	1928.0	3.894268851469063	0.0	727.020263671875	23823.0	1068.0	0.3630434782608696	1.9575757575757575	212.0	-1.7105788423153694	96.0	1.3770830879159468	-29.0	1.5389047904833222	-82.0	1.096495328816658	-132.0	
1.6523912889279715	1745.0	9.400792081185383	1289.0	1933.0	3.917760749363783	0.0	746.551513671875	24463.0	1071.0	0.3695652173913044	1.9575757575757575	212.0	-1.6826347305389224	82.0	1.8783863522417374	-35.0	0.9306487507433933	-44.0	1.1827370490251112	-165.0	
1.6766535480423166	1745.0	9.388109398136663	1290.0	1931.0	3.9178765451244395	0.0	766.082763671875	25103.0	1072.0	0.3717391304347826	1.9434343434343435	205.0	-1.6906187624750502	86.0	1.1718167874922307	-40.0	0.7968741223773906	-32.0	1.2658483720490321	-119.0	
1.7986931894029468	1747.0	9.373933838252778	1291.0	1921.0	3.894858800397038	0.0	785.614013671875	25743.0	1070.0	0.3673913043478261	1.9454545454545455	206.0	-1.7105788423153694	96.0	-0.41355015418275776	-31.0	0.4779083379934203	-3.0	1.1448199121882154	-16.0	
1.8350284011682074	1748.0	9.3368628791687	1294.0	1918.0	3.882803250152765	0.0	805.145263671875	26383.0	1072.0	0.3717391304347826	1.9595959595959596	213.0	-1.6866267465069862	84.0	-0.5526864685055408	-45.0	0.16423253649348166	18.0	1.3591390319854357	-7.0	
1.8119814908884075	1752.0	9.423640780256358	1287.0	1920.0	3.8352477889765066	0.0	824.676513671875	27023.0	1073.0	0.3739130434782609	1.9494949494949494	208.0	-1.7025948103792417	92.0	0.7137506233004001	-30.0	-0.34956861850669285	47.0	1.1183377789380988	-90.0	
1.6408139744409305	1750.0	9.40223047453646	1289.0	1934.0	3.8574183962970015	0.0	844.207763671875	27663.0	1074.0	0.3760869565217391	1.9373737373737374	202.0	-1.7145708582834334	98.0	0.9697179749831916	-60.0	-1.3001776253898394	108.0	1.572051869679826	-107.0	
1.6889807961138437	1752.0	9.316390746736532	1296.0	1930.0	3.8329452816935627	0.0	863.739013671875	28303.0	1068.0	0.3630434782608696	1.9292929292929293	198.0	-1.7045908183632736	93.0	-0.6069356831075282	-83.0	-1.2344199337202395	110.0	1.937628292192292	-4.0	
1.712269049136906	1748.0	9.253993338329362	1301.0	1928.0	3.880746961224059	0.0	883.270263671875	28943.0	1073.0	0.3739130434782609	1.9555555555555555	211.0	-1.6886227544910182	85.0	-1.5393487555667644	-122.0	-1.4481227833366623	127.0	2.5401083164530065	57.0	
1.6750869789906684	1746.0	9.217684384372607	1304.0	1931.0	3.9041084365251977	0.0	902.801513671875	29583.0	1071.0	0.3695652173913044	1.9393939393939394	203.0	-1.7165668662674654	99.0	-1.1608922461865459	-90.0	-1.4849806832774126	129.0	2.0496317361500784	32.0	
1.6387582435640828	1748.0	9.218899909434054	1304.0	1934.0	3.8796609188793774	0.0	922.332763671875	30223.0	1067.0	0.36086956521739133	1.9515151515151514	209.0	-1.7085828343313376	95.0	0.03592427411691028	-69.0	-1.195683357736271	105.0	1.7182719359660554	-46.0	
1.5767083986657855	1745.0	9.14627421816567	1310.0	1939.0	3.9144587418309644	0.0	941.864013671875	30863.0	1070.0	0.3673913043478261	1.9414141414141415	204.0	-1.698602794411178	90.0	-0.48456004060664165	-50.0	-0.7730861203671467	80.0	1.4345033950828727	-12.0	
1.5639200529033155	1748.0	9.049713770796057	1318.0	1940.0	3.87722067558639	0.0	961.395263671875	31503.0	1070.0	0.3673913043478261	1.9414141414141415	204.0	-1.6926147704590822	87.0	-1.1419503017818349	-11.0	0.07600467245464021	28.0	0.8479214041585028	31.0	
1.4905234423634488	1745.0	9.062666022263624	1317.0	1946.0	3.9127608103089204	0.0	980.926513671875	32143.0	1070.0	0.3673913043478261	1.9555555555555555	211.0	-1.7105788423153694	96.0	-1.0696549210905493	54.0	0.62026176763055	-6.0	-0.14139470554194622	26.0	
1.453584873740032	1744.0	9.038785749646479	1319.0	1949.0	3.9242008146675986	0.0	1000.457763671875	32783.0	1071.0	0.3695652173913044	1.9575757575757575	212.0	-1.6806387225548904	81.0	-1.8554386658350546	130.0	1.4708132451159313	-56.0	-1.2894304042161742	77.0	
1.611233539856577	1746.0	8.926349563977926	1328.0	1936.0	3.90055655392991	0.0	1019.989013671875	33423.0	1065.0	0.3565217391304348	1.9454545454545455	206.0	-1.7065868263473056	94.0	-1.5832386786976236	214.0	2.3425509975031766	-112.0	-2.569718944011503	59.0	
1.7581431147488251	1750.0	8.936538930064792	1327.0	1924.0	3.8539347722553634	0.0	1039.520263671875	34063.0	1070.0	0.3673913043478261	1.9414141414141415	204.0	-1.7085828343313376	95.0	-0.6870993163205951	315.0	2.941324714726925	-152.0	-4.1148020106390755	0.0	
1.8089776592749751	1758.0	9.047173753704985	1318.0	1920.0	3.7591639237683525	0.0	1059.051513671875	34703.0	1068.0	0.3630434782608696	1.9575757575757575	212.0	-1.7125748502994014	97.0	1.3456923446760822	457.0	2.7213127065917906	-141.0	-6.294825744739537	-134.0	
1.8336040912837726	1759.0	9.059109998336123	1317.0	1918.0	3.7474813577636676	0.0	1078.582763671875	35343.0	1070.0	0.3673913043478261	1.9454545454545455	206.0	-1.6906187624750502	86.0	0.3952837346755711	528.0	2.380879949753858	-111.0	-7.365169567384779	-73.0	
2.0298872015652463	1765.0	9.105362100025506	1313.0	1902.0	3.6776175532568702	0.0	1098.114013671875	35983.0	1072.0	0.3717391304347826	1.9434343434343435	205.0	-1.720558882235529	101.0	0.32743423662494864	613.0	1.492785565302217	-48.0	-8.65726673780351	-70.0	
2.3011291738791186	1771.0	9.332990586693134	1294.0	1880.0	3.610317101220179	0.0	1117.645263671875	36623.0	1074.0	0.3760869565217391	1.9575757575757575	212.0	-1.7105788423153694	96.0	1.3648778559832702	655.0	-0.023134547122984683	50.0	-9.306424443959072	-139.0	
2.6446622853721524	1771.0	9.545520906898883	1276.0	1852.0	3.615877735537167	0.0	1137.176513671875	37263.0	1069.0	0.3652173913043478	1.9353535353535354	201.0	-1.758483033932136	120.0	3.1408879873357605	619.0	-2.5374615851534266	208.0	-8.776656028162332	-256.0	
2.8046015487701332	1772.0	9.676651213035854	1265.0	1839.0	3.606740238461432	0.0	1156.707763671875	37903.0	1068.0	0.3630434782608696	1.9373737373737374	202.0	-1.7445109780439123	113.0	5.916495726805619	606.0	-6.036903453655383	428.0	-8.606693474378321	-439.0	
3.0535098451362024	1777.0	10.123958135536988	1228.0	1819.0	3.5534614267946827	0.0	1176.239013671875	38543.0	1067.0	0.36086956521739133	1.9272727272727272	197.0	-1.7465069860279443	114.0	10.3067082218639	485.0	-10.868848023805223	725.0	-6.8102914168194	-727.0	
2.809783941411603	1769.0	10.236687239688997	1219.0	1839.0	3.6485370009676314	0.0	1195.770263671875	39183.0	1069.0	0.3652173913043478	1.9333333333333333	200.0	-1.7105788423153694	96.0	13.275700032072873	294.0	-16.15420631305663	1056.0	-3.9350383691420214	-922.0	
2.7324999416248374	1754.0	10.00297334435926	1238.0	1845.0	3.8261499135827313	0.0	1215.301513671875	39823.0	1073.0	0.3739130434782609	1.9272727272727272	197.0	-1.7185628742514973	100.0	9.93669372893623	2.0	-21.45177789799061	1413.0	0.5394163326726149	-705.0	
2.8543908474795794	1743.0	10.131981085566528	1227.0	1835.0	3.9611890205352793	0.0	1234.832763671875	40463.0	1071.0	0.3695652173913044	1.9232323232323232	195.0	-1.7504990019960083	116.0	6.751687822769934	-282.0	-26.575290945424126	1758.0	4.890658026715267	-498.0	
2.903988455375602	1737.0	10.288038804576551	1214.0	1831.0	4.035534730430846	0.0	1254.364013671875	41103.0	1067.0	0.36086956521739133	1.9414141414141415	204.0	-1.7105788423153694	96.0	5.090019361957463	-534.0	-32.35507574087468	2141.0	8.739974331095256	-391.0	
3.0374825810720836	1733.0	10.272186416342223	1215.0	1820.0	4.084903918889805	0.0	1273.895263671875	41743.0	1071.0	0.3695652173913044	1.9333333333333333	200.0	-1.7125748502994014	97.0	2.647245635715951	-816.0	-38.428581642880495	2546.0	13.053375452388089	-233.0	
2.850721054400803	1720.0	10.04116535619936	1234.0	1835.0	4.23735259904576	0.0	1293.426513671875	42383.0	1066.0	0.358695652173913	1.9272727272727272	197.0	-1.7445109780439123	113.0	-1.6279229277861007	-1086.0	-44.92197512266549	2988.0	17.20259101635011	44.0	
2.6679632707889356	1717.0	10.092904311875797	1230.0	1850.0	4.272186989079658	0.0	1312.957763671875	43023.0	1066.0	0.358695652173913	1.9191919191919191	193.0	-1.7624750499001998	122.0	-4.836405285819165	-1359.0	-52.226067741066345	3479.0	21.386767094683286	251.0	
2.413422938839131	1732.0	10.065080683284567	1233.0	1871.0	4.0886404579079825	0.0	1332.489013671875	43663.0	1068.0	0.3630434782608696	1.9353535353535354	201.0	-1.698602794411178	90.0	-8.668713503895285	-1620.0	-58.804779030714386	3925.0	25.39467192591348	499.0	
2.165331277940224	1714.0	9.85847903259654	1250.0	1891.0	4.300960994671631	0.0	1352.020263671875	44303.0	1069.0	0.3652173913043478	1.9252525252525252	196.0	-1.7165668662674654	99.0	-18.980709262564403	-1902.0	-64.46551961299637	4339.0	29.786765267530587	1170.0	
2.6990901845580284	1709.0	9.639219062229094	1267.0	1847.0	4.3643469478895565	0.0	1371.551513671875	44943.0	1067.0	0.36086956521739133	1.9595959595959596	213.0	-1.6826347305389224	82.0	-30.792560234495163	-2178.0	-69.61342248112189	4726.0	34.10260240842861	1939.0	
2.647525135463416	1698.0	9.491298194570064	1279.0	1851.0	4.494882209203948	0.0	1391.082763671875	45583.0	1069.0	0.3652173913043478	1.9656565656565657	216.0	-1.6826347305389224	82.0	-33.85845397809501	-2397.0	-75.6502097449662	5134.0	37.46405982495206	2137.0	
2.031765251667436	1683.0	9.06118371904262	1315.0	1901.0	4.665146357176979	0.0	1410.614013671875	46223.0	1070.0	0.3673913043478261	1.9595959595959596	213.0	-1.6786427145708585	80.0	-32.5574878898195	-2474.0	-81.78460259042444	5534.0	38.622152825666255	2049.0	
2.213197808970918	1687.0	8.863400242282617	1331.0	1886.0	4.616790076898076	0.0	1430.145263671875	46863.0	1070.0	0.3673913043478261	2.0	233.0	-1.6866267465069862	84.0	-36.38086208929281	-2510.0	-87.11760828112834	5906.0	39.20791508477126	2295.0	
2.297083532873586	1684.0	8.75124919174265	1340.0	1879.0	4.652652001944957	0.0	1449.676513671875	47503.0	1069.0	0.3652173913043478	2.008080808080808	237.0	-1.6407185628742518	61.0	-42.33822264718673	-2520.0	-92.12135348956252	6267.0	39.41957994510305	2680.0	
2.288413125203486	1694.0	8.985494440555213	1321.0	1880.0	4.534425822645537	0.0	1469.207763671875	48143.0	1070.0	0.3673913043478261	2.01010101010101	238.0	-1.6347305389221558	58.0	-45.02698039058415	-2399.0	-98.24741038002333	6693.0	37.606163340027514	2850.0	
1.6893397703146655	1693.0	8.838847502490303	1334.0	1929.0	4.539016812487084	0.0	1488.739013671875	48783.0	1069.0	0.3652173913043478	2.018181818181818	242.0	-1.6506986027944115	66.0	-44.483381972078405	-2379.0	-104.97472670498338	7140.0	37.29654484633675	2810.0	
1.5000333509413375	1675.0	8.411590325906687	1369.0	1944.0	4.749718646407033	0.0	1508.270263671875	49423.0	1073.0	0.3739130434782609	2.0585858585858587	262.0	-1.6087824351297408	45.0	-51.80872741191004	-2412.0	-108.99770233618437	7441.0	37.87169944141949	3285.0	
1.6183192271040494	1671.0	8.091227997520484	1395.0	1934.0	4.795890652969136	0.0	1527.801513671875	50063.0	1074.0	0.3760869565217391	2.062626262626263	264.0	-1.6067864271457089	44.0	-62.737969908945644	-2408.0	-112.17762208407179	7704.0	37.9201553644887	3995.0	
1.9198347784673626	1665.0	7.827646755523205	1416.0	1909.0	4.8685591526893015	0.0	1547.332763671875	50703.0	1069.0	0.3652173913043478	2.098989898989899	282.0	-1.6387225548902198	60.0	-68.09272035284016	-1914.0	-119.85522372149123	8261.0	30.460394884136768	4334.0	
1.3603590799369631	1667.0	7.949161886879068	1407.0	1955.0	4.8400831614753885	0.0	1566.864013671875	51343.0	1070.0	0.3673913043478261	2.088888888888889	277.0	-1.5948103792415171	38.0	-67.9329085554983	-1580.0	-123.3513086282754	8507.0	25.378948857418102	4318.0	
0.8503819057265369	1673.0	8.09502637749594	1396.0	1997.0	4.764152878012946	0.0	1586.395263671875	51983.0	1070.0	0.3673913043478261	2.1373737373737374	301.0	-1.5888223552894214	35.0	-74.23323875542341	-1402.0	-126.02790497882366	8722.0	22.73472782481659	4725.0	
0.5804716360597248	1669.0	7.977586977889249	1406.0	2019.0	4.808472152404548	0.0	1605.926513671875	52623.0	1068.0	0.3630434782608696	2.1474747474747473	306.0	-1.6027944111776449	42.0	-85.58607097962927	-1182.0	-126.84303798661904	8838.0	19.502248542495913	5462.0	
0.9987991017714765	1647.0	7.390782187513352	1453.0	1984.0	5.071847620121762	0.0	1625.457763671875	53263.0	1065.0	0.3565217391304348	2.17979797979798	322.0	-1.5928143712574852	37.0	-97.74057214276453	-935.0	-126.07170610219087	8853.0	15.867139561731829	6252.0	
1.6313137142859655	1650.0	7.195840442987437	1468.0	1932.0	5.040078770488395	0.0	1644.989013671875	53903.0	1067.0	0.36086956521739133	2.2040404040404042	334.0	-1.5528942115768465	17.0	-98.06180008434214	-408.0	-125.62379274620119	8846.0	7.8551427156723195	6268.0	
1.448035268290039	1687.0	7.940016812046516	1408.0	1948.0	4.599904617188907	0.0	1664.520263671875	54543.0	1065.0	0.3565217391304348	2.216161616161616	340.0	-1.56686626746507	24.0	-92.68480513883819	133.0	-126.07370372032251	8873.0	-0.42676411591199875	5912.0	
0.7686855367496971	1684.0	8.330987371433293	1377.0	2004.0	4.633165403780624	0.0	1684.051513671875	55183.0	1063.0	0.3521739130434783	2.2767676767676766	370.0	-1.56686626746507	24.0	-94.79837417666923	318.0	-125.88901430551297	8878.0	-3.219316638461445	6048.0	
0.7924672691570755	1685.0	8.257591891682718	1383.0	2002.0	4.620621073536107	0.0	1703.582763671875	55823.0	1062.0	0.35	2.292929292929293	378.0	-1.536926147704591	9.0	-104.37688913170602	472.0	-123.70437359564268	8783.0	-5.465736812104993	6672.0	
0.8894085869201745	1691.0	8.122960045102335	1394.0	1994.0	4.547955011621429	0.0	1723.114013671875	56463.0	1060.0	0.3456521739130435	2.3252525252525253	394.0	-1.538922155688623	10.0	-110.85842960367947	652.0	-121.44959975183306	8670.0	-8.13856399293659	7094.0	
0.6231292523000913	1692.0	8.311468978998597	1379.0	2016.0	4.535129114843106	0.0	1742.645263671875	57103.0	1057.0	0.3391304347826087	2.3454545454545452	404.0	-1.5568862275449105	19.0	-114.69408848968655	889.0	-119.25434743783427	8551.0	-11.704770141719106	7343.0	
0.879871891853074	1691.0	8.391391682941952	1372.0	1995.0	4.550543961049153	0.0	1762.176513671875	57743.0	1054.0	0.33260869565217394	2.408080808080808	435.0	-1.5209580838323356	1.0	-118.37963099053263	1051.0	-115.4659951883747	8322.0	-14.13179304370684	7584.0	
0.5942046461341763	1714.0	8.817253303997425	1338.0	2019.0	4.274837471067579	0.0	1781.707763671875	58383.0	1054.0	0.33260869565217394	2.414141414141414	438.0	-1.5469061876247507	14.0	-114.3457465374595	1217.0	-114.73122222451701	8261.0	-16.69684671713491	7320.0	
0.1337948569059578	1700.0	9.286500872396592	1300.0	2057.0	4.44360054765447	0.0	1801.239013671875	59023.0	1046.0	0.31521739130434784	2.4343434343434343	448.0	-1.570858283433134	26.0	-114.98762745396753	1238.0	-112.60480613008744	8123.0	-17.009819542950822	7363.0	
0.4876059619323454	1708.0	9.20812654207718	1306.0	2028.0	4.349969373232865	0.0	1820.770263671875	59663.0	1039.0	0.3	2.4686868686868686	465.0	-1.5209580838323356	1.0	-118.18120820579396	1247.0	-106.45501864407946	7728.0	-17.114765864710122	7575.0	
0.0037011174107333816	1714.0	9.524162044749	1281.0	2068.0	4.276001523187861	0.0	1840.301513671875	60303.0	1039.0	0.3	2.517171717171717	489.0	-1.5109780439121758	-4.0	-114.47885841532994	1227.0	-100.26310037443372	7297.0	-16.84760685310906	7338.0	
-0.4470426702605204	1704.0	9.68936097628529	1268.0	2105.0	4.393628002337356	0.0	1859.832763671875	60943.0	1025.0	0.26956521739130435	2.5414141414141413	501.0	-1.538922155688623	10.0	-109.68412926223189	1209.0	-93.77118238468611	6841.0	-16.62178988608491	7030.0	
-0.01105035199120978	1702.0	9.411834826048624	1290.0	2069.0	4.41930904955985	0.0	1879.364013671875	61583.0	1022.0	0.26304347826086955	2.581818181818182	521.0	-1.5109780439121758	-4.0	-109.61754570822386	1079.0	-84.48458920993785	6216.0	-14.645269409837915	7033.0	
0.15684176718575765	1696.0	9.199722971308935	1307.0	2055.0	4.491156008830729	0.0	1898.895263671875	62223.0	1016.0	0.25	2.606060606060606	533.0	-1.4710578842315372	-24.0	-103.45508438804082	1125.0	-75.30530183189559	5577.0	-15.406513794902864	6637.0	
0.1135320232919097	1708.0	9.605847193946367	1274.0	2059.0	4.350205840365153	0.0	1918.426513671875	62863.0	1013.0	0.24347826086956523	2.6161616161616164	538.0	-1.4850299401197606	-17.0	-92.17465422903436	1272.0	-68.47475323160855	5075.0	-17.755059541359852	5905.0	
-0.6872259286166493	1716.0	9.916570997486854	1250.0	2125.0	4.248919956712797	0.0	1937.957763671875	63503.0	1002.0	0.21956521739130436	2.6666666666666665	563.0	-1.477045908183633	-21.0	-77.9072148346263	1406.0	-60.885496475724416	4508.0	-19.935756748992144	4979.0	
-0.919109428535805	1714.0	9.920772276218631	1250.0	2144.0	4.270739520043092	0.0	1957.489013671875	64143.0	1000.0	0.21521739130434783	2.6606060606060606	560.0	-1.4610778443113774	-29.0	-73.99203561536937	1215.0	-52.893381072813476	3949.0	-17.06996557540524	4731.0	
-0.29941554347715926	1705.0	9.80854725443625	1258.0	2093.0	4.384247943615613	0.0	1977.020263671875	64783.0	999.0	0.21304347826086956	2.694949494949495	577.0	-1.4510978043912177	-34.0	-72.4005255421256	1131.0	-40.82136977703743	3133.0	-15.808314136213726	4636.0	
0.14875960491690676	1699.0	9.578582131208856	1276.0	2056.0	4.458719200493787	0.0	1996.551513671875	65423.0	988.0	0.1891304347826087	2.707070707070707	583.0	-1.4710578842315372	-24.0	-63.57499789858914	1161.0	-29.558305085689614	2342.0	-16.352843176907644	4068.0	
0.20839602238257882	1702.0	9.40740289567235	1290.0	2051.0	4.421459193999825	0.0	2016.082763671875	527.0	985.0	0.1826086956521739	2.7252525252525253	592.0	-1.4670658682634732	-26.0	-48.54710077495895	1222.0	-20.702068993067716	1684.0	-17.430878802136345	3094.0	
0.34323480340347007	1706.0	9.430028726453697	1288.0	2040.0	4.37484106903351	0.0	2035.614013671875	1167.0	984.0	0.18043478260869567	2.7292929292929293	594.0	-1.4570858283433135	-31.0	-37.7691820211574	1325.0	-11.074707962663487	996.0	-19.10519791362873	2397.0	
-0.31148633734851633	1705.0	9.820983719130734	1257.0	2094.0	4.384251600323845	0.0	2055.145263671875	1807.0	983.0	0.1782608695652174	2.7333333333333334	596.0	-1.4810379241516969	-19.0	-26.858608345568875	1255.0	-3.0910622454134478	410.0	-18.149664867114655	1692.0	
-0.38612636085718505	1685.0	9.91521429999076	1249.0	2100.0	4.6254113613190455	0.0	2074.676513671875	2447.0	981.0	0.17391304347826086	2.7535353535353537	606.0	-1.4730538922155691	-23.0	-24.691670439404884	1147.0	6.30261035681303	-231.0	-16.528748694845493	1558.0	
0.13615863240874415	1677.0	9.805197460041647	1257.0	2057.0	4.725919585020888	0.0	2094.207763671875	3087.0	980.0	0.17173913043478262	2.7656565656565655	612.0	-1.4830339321357286	-18.0	-27.284579049659936	856.0	17.3105403266789	-965.0	-12.07696409543496	1737.0	
