Device	Device	Device	Device	Device	Device	Device	Device	Device	Device	Device	Device	Device	Device	Device	Device	Device	Device	Device	Device	Device	
Low Noise Accelerometer X	Low Noise Accelerometer X	Low Noise Accelerometer Z	Low Noise Accelerometer Z	Low Noise Accelerometer Y	Low Noise Accelerometer Y	Event_Marker	Timestamp	Timestamp	Magnetometer Z	Magnetometer Z	Magnetometer X	Magnetometer X	Magnetometer Y	Magnetometer Y	Gyroscope Y	Gyroscope Y	Gyroscope Z	Gyroscope Z	Gyroscope X	Gyroscope X	
UNCAL	CAL	CAL	UNCAL	CAL	UNCAL	CAL	UNCAL	CAL	CAL	UNCAL	UNCAL	CAL	UNCAL	CAL	UNCAL	CAL	CAL	UNCAL	UNCAL	CAL	
no units	m/(s^2)	m/(s^2)	no units	m/(s^2)	no units	no units	no units	ms	local_flux	no units	no units	local_flux	no units	local_flux	no units	deg/s	deg/s	no units	no units	deg/s	
2033.0	-6.756084872638612	7.664778336661817	1451.0	0.34643633223059334	2624.0	0.0	61623.0	1880.584716796875	0.1782608695652174	983.0	145.0	1.8222222222222222	314.0	-2.1457085828343314	19.0	0.6252162367058873	0.7508710268487856	-24.0	-84.0	0.3739759745150705	
2032.0	-6.719512635689204	7.67599149293998	1450.0	0.3589623789339534	2621.0	0.0	62263.0	1900.115966796875	0.1782608695652174	983.0	135.0	1.802020202020202	314.0	-2.1457085828343314	20.0	0.013538383467509943	0.9889547191788253	-37.0	-44.0	0.3648836275721691	
2031.0	-6.671110947611704	7.650387691843174	1452.0	0.3712385505748447	2617.0	0.0	62903.0	1919.647216796875	0.17608695652173914	982.0	139.0	1.8101010101010102	324.0	-2.165668662674651	41.0	-0.49534626149705846	1.0671337633638507	-39.0	-11.0	0.0505808390408261	
2029.0	-6.646611663313212	7.685989124156697	1449.0	0.39593594328313353	2615.0	0.0	63543.0	1939.178466796875	0.17391304347826086	981.0	143.0	1.8181818181818181	310.0	-2.137724550898204	57.0	-0.14522946037067835	1.0225144668133852	-37.0	-34.0	-0.19626633657500048	
2029.0	-6.634299526698594	7.697933152142704	1448.0	0.39617850492913975	2614.0	0.0	64183.0	1958.709716796875	0.1782608695652174	983.0	142.0	1.816161616161616	311.0	-2.1397205588822357	85.0	0.15727549106886224	1.0035018389773867	-36.0	-54.0	-0.6251468993973807	
2030.0	-6.670630420904737	7.7111004885450285	1447.0	0.3838986765800172	2617.0	0.0	64823.0	1978.240966796875	0.18043478260869567	984.0	136.0	1.804040404040404	314.0	-2.1457085828343314	84.0	0.12839527440357196	1.1698210782676648	-47.0	-52.0	-0.6096489717554426	
2033.0	-6.6208927126210595	7.771782151827405	1442.0	0.3488582919824248	2613.0	0.0	65463.0	1997.772216796875	0.17608695652173914	982.0	143.0	1.8181818181818181	326.0	-2.169660678642715	66.0	-0.6216894357828451	1.0911363737694266	-39.0	-3.0	-0.32838386609844533	
2036.0	-6.6446658099102045	7.797370386214472	1440.0	0.312731865040151	2615.0	0.0	567.0	2017.303466796875	0.1826086956521739	985.0	145.0	1.8222222222222222	311.0	-2.1397205588822357	59.0	-0.6699748806632875	0.7604034031412549	-17.0	0.0	-0.22143713332264472	
2035.0	-6.608334915704061	7.784203049812147	1441.0	0.3250116933892735	2612.0	0.0	1207.0	2036.834716796875	0.1782608695652174	983.0	136.0	1.804040404040404	324.0	-2.165668662674651	28.0	-0.03678562774509183	0.6824816118006689	-16.0	-41.0	0.2437138638820137	
2032.0	-6.6814901835006655	7.821535793960202	1438.0	0.3607980464660411	2618.0	0.0	1847.0	2056.365966796875	0.1673913043478261	978.0	128.0	1.7878787878787878	336.0	-2.1896207584830343	30.0	-0.328330337506584	0.7189823573862175	-17.0	-22.0	0.21621106002905827	
2032.0	-6.681248840757403	7.845916286640691	1436.0	0.36104426482027857	2618.0	0.0	2487.0	2075.897216796875	0.17608695652173914	982.0	141.0	1.814141414141414	318.0	-2.1536926147704594	9.0	-0.9214615923695817	0.9423911760510798	-30.0	17.0	0.541534007558677	
2032.0	-6.74172348148582	7.895908363772857	1432.0	0.36093943918431604	2623.0	0.0	3127.0	2095.428466796875	0.17173913043478262	980.0	137.0	1.8060606060606061	324.0	-2.165668662674651	-37.0	-1.2643553391981568	1.2531143686664685	-51.0	40.0	1.2445827168900805	
2033.0	-6.728805829233485	7.9568518121192096	1427.0	0.34962985741921854	2622.0	0.0	3767.0	2114.959716796875	0.1673913043478261	978.0	145.0	1.8222222222222222	323.0	-2.163672654690619	-92.0	-2.018836236431363	1.7069487717639245	-80.0	90.0	2.0886294270030974	
2031.0	-6.716980695664507	7.943938477425992	1428.0	0.3737153609501448	2621.0	0.0	4407.0	2134.490966796875	0.16956521739130434	979.0	135.0	1.802020202020202	316.0	-2.1497005988023954	-126.0	-4.406146119234326	1.8824061364568747	-82.0	246.0	2.6296127919908225	
2030.0	-6.595912901615601	7.868096380842782	1434.0	0.3862158106958861	2611.0	0.0	5047.0	2154.022216796875	0.1826086956521739	985.0	137.0	1.8060606060606061	310.0	-2.137724550898204	-160.0	-5.890071890293982	1.8450629294912315	-74.0	343.0	3.161562315861115	
2026.0	-6.535567567377049	7.853721302733878	1435.0	0.4348682843415199	2606.0	0.0	5687.0	2173.553466796875	0.17391304347826086	981.0	142.0	1.816161616161616	322.0	-2.1616766467065873	-218.0	-5.172513493117859	2.1196557839001344	-98.0	297.0	4.0365160094558945	
2024.0	-6.523742433808071	7.840807968040661	1436.0	0.45895378787244623	2605.0	0.0	6327.0	2193.084716796875	0.17391304347826086	981.0	145.0	1.8222222222222222	319.0	-2.155688622754491	-210.0	-2.888619527659721	1.950571180308213	-97.0	148.0	3.892004065999031	
2025.0	-6.548364548257752	7.804968100727771	1439.0	0.4463009752837362	2607.0	0.0	6967.0	2212.615966796875	0.1847826086956522	986.0	143.0	1.8181818181818181	312.0	-2.141716566866268	-176.0	-2.7609399729839454	1.4226389590166333	-61.0	139.0	3.3736170042925773	
2028.0	-6.536649292162615	7.720105462989925	1446.0	0.4094249231540561	2606.0	0.0	7607.0	2232.147216796875	0.18695652173913044	987.0	137.0	1.8060606060606061	322.0	-2.1616766467065873	-171.0	-3.74773070341737	1.0445863065060785	-31.0	203.0	3.307439284220486	
2026.0	-6.524582815850373	7.731572620977196	1445.0	0.43375664503921985	2605.0	0.0	8247.0	2251.678466796875	0.17391304347826086	981.0	145.0	1.8222222222222222	310.0	-2.137724550898204	-195.0	-4.2811736212384774	1.052120669382028	-30.0	238.0	3.677792724805541	
2027.0	-6.463019973997718	7.779340949566355	1441.0	0.42280176397255365	2600.0	0.0	8887.0	2271.209716796875	0.1826086956521739	985.0	146.0	1.8242424242424242	314.0	-2.1457085828343314	-169.0	-4.485546062968323	0.9622224518357143	-22.0	251.0	3.2843991868654254	
2028.0	-6.487400745704137	7.767881574933953	1442.0	0.41039516973808116	2602.0	0.0	9527.0	2290.740966796875	0.1847826086956522	986.0	143.0	1.8181818181818181	328.0	-2.173652694610779	-167.0	-2.938599936845689	0.6758616865180905	-10.0	150.0	3.2385114746536283	
2030.0	-6.536162289116972	7.744962825669149	1444.0	0.38558198126913606	2606.0	0.0	10167.0	2310.272216796875	0.1782608695652174	983.0	137.0	1.8060606060606061	324.0	-2.165668662674651	-153.0	-1.3326557878846874	0.3327250240465496	6.0	45.0	3.009524276510026	
2028.0	-6.645889793862984	7.77108241353904	1442.0	0.4088422876425436	2615.0	0.0	10807.0	2329.803466796875	0.1956521739130435	991.0	146.0	1.8242424242424242	306.0	-2.129740518962076	-148.0	-0.7553735653983644	-0.1841721134834714	38.0	7.0	2.927705826908737	
2029.0	-6.5845682947535895	7.79447024944771	1440.0	0.39764118822163985	2610.0	0.0	11447.0	2349.334716796875	0.1826086956521739	985.0	140.0	1.812121212121212	307.0	-2.131736526946108	-134.0	-2.996466185525848	-0.004682453108312931	37.0	153.0	2.737188996456019	
2023.0	-6.584943261545833	7.829610378472237	1437.0	0.4702779964704687	2610.0	0.0	12087.0	2368.865966796875	0.1826086956521739	985.0	145.0	1.8222222222222222	317.0	-2.1516966067864276	-182.0	-3.5396474127857047	0.19882398812206276	24.0	189.0	3.472658831542306	
2021.0	-6.693826066690424	7.941061690723839	1428.0	0.49440006708370743	2619.0	0.0	12727.0	2388.397216796875	0.1782608695652174	983.0	150.0	1.8323232323232324	304.0	-2.1257485029940124	-171.0	-3.830707476316886	0.4206763324785956	11.0	208.0	3.308269051949481	
2019.0	-6.949489140237401	8.006706637865314	1423.0	0.5165962713618211	2640.0	0.0	13367.0	2407.928466796875	0.1847826086956522	986.0	149.0	1.8303030303030303	305.0	-2.127744510978044	-189.0	-7.92560337061084	0.43985795266110866	28.0	475.0	3.6229822694475535	
2010.0	-6.938282474983487	8.016504750857012	1422.0	0.6252400540840362	2639.0	0.0	14007.0	2427.459716796875	0.1891304347826087	988.0	155.0	1.8424242424242425	318.0	-2.1536926147704594	-251.0	-20.141184523135966	1.1473962434612683	35.0	1272.0	4.688103860440486	
2006.0	-6.692531063295855	8.25443157057968	1402.0	0.6782696074824766	2619.0	0.0	14647.0	2446.990966796875	0.1934782608695652	990.0	160.0	1.8525252525252525	306.0	-2.129740518962076	-438.0	-34.19490376156835	1.846853302671644	46.0	2190.0	7.6727475167031365	
2004.0	-6.23710699748568	8.708073982403446	1364.0	0.7114566578009847	2582.0	0.0	15287.0	2466.522216796875	0.2	993.0	163.0	1.8585858585858586	311.0	-2.1397205588822357	-576.0	-41.47083167107352	2.704086121245282	17.0	2666.0	9.844366111387542	
2004.0	-6.357935607570881	8.820248383008023	1355.0	0.7113701157061784	2592.0	0.0	15927.0	2486.053466796875	0.20217391304347826	994.0	170.0	1.8727272727272728	320.0	-2.1576846307385233	-677.0	-42.70534035372146	3.5681432685324785	-39.0	2748.0	11.392832871217824	
2007.0	-6.480326469148614	8.73809414716679	1362.0	0.6731800864187357	2602.0	0.0	16567.0	2505.584716796875	0.2108695652173913	998.0	186.0	1.905050505050505	297.0	-2.1117764471057887	-749.0	-43.66151569827141	3.545913279899957	-36.0	2811.0	12.497451658883856	
1996.0	-6.20248061393928	8.607905876623835	1372.0	0.8071867827473272	2579.0	0.0	17207.0	2525.115966796875	0.21956521739130436	1002.0	193.0	1.9191919191919191	294.0	-2.105788423153693	-964.0	-51.223904540076184	3.746554515476479	-23.0	3306.0	15.843037524488215	
1994.0	-5.798597850648578	8.78215749603893	1357.0	0.8370645121165539	2546.0	0.0	17847.0	2544.647216796875	0.22391304347826088	1004.0	191.0	1.915151515151515	296.0	-2.109780439121757	-1109.0	-58.13297063390157	4.349107640323836	-37.0	3758.0	18.117451379342818	
1998.0	-6.198614812487964	8.974090136829906	1342.0	0.7867908978217324	2579.0	0.0	18487.0	2564.178466796875	0.21956521739130436	1002.0	195.0	1.9232323232323232	296.0	-2.109780439121757	-1246.0	-77.84913769078511	5.892879423596508	-54.0	5045.0	20.39826324002572	
1993.0	-5.991370697254955	9.029663481512253	1337.0	0.8496600362763077	2562.0	0.0	19127.0	2583.709716796875	0.23478260869565218	1009.0	222.0	1.9777777777777779	286.0	-2.0898203592814375	-1352.0	-98.20298817434899	7.065110680259833	-42.0	6373.0	22.21396904524159	
1985.0	-5.3459643378428305	9.03908692142321	1335.0	0.9525938764382131	2509.0	0.0	19767.0	2603.240966796875	0.24130434782608695	1012.0	233.0	2.0	293.0	-2.1037924151696608	-1417.0	-114.37028023614225	8.52562307522805	-67.0	7428.0	23.364235121753058	
1979.0	-4.19768680161829	9.31926794463479	1310.0	1.0391676186590804	2415.0	0.0	20407.0	2622.772216796875	0.24782608695652175	1015.0	254.0	2.0424242424242425	292.0	-2.101796407185629	-1397.0	-107.68273365780901	9.961392606020155	-193.0	6993.0	22.993177146464024	
1979.0	-4.206861482570496	9.62427032149514	1285.0	1.0421258956181618	2416.0	0.0	21047.0	2642.303466796875	0.2608695652173913	1021.0	276.0	2.0868686868686868	280.0	-2.0778443113772456	-1353.0	-98.41138183284876	10.767162435911386	-288.0	6389.0	22.231262107301873	
1983.0	-4.43752531609599	9.678663195584102	1281.0	0.9921704149394591	2435.0	0.0	21687.0	2661.834716796875	0.25434782608695655	1018.0	290.0	2.1151515151515152	285.0	-2.0878243512974053	-1339.0	-103.2526643931201	10.303037609973632	-234.0	6704.0	22.066747176250594	
1973.0	-3.624338873760297	9.415977289051622	1301.0	1.1181573480083347	2368.0	0.0	22327.0	2681.365966796875	0.2608695652173913	1021.0	317.0	2.16969696969697	275.0	-2.0678642714570863	-1350.0	-105.04453131040948	8.981779172387757	-138.0	6820.0	22.251966225651625	
1964.0	-2.688149577870482	9.248589604698088	1313.0	1.2342790990634565	2291.0	0.0	22967.0	2700.897216796875	0.2565217391304348	1019.0	325.0	2.1858585858585857	289.0	-2.0958083832335332	-1307.0	-89.93803108033043	8.541234098368657	-177.0	5835.0	21.44690882791357	
1962.0	-2.3720204987133227	9.180759825787955	1318.0	1.2608584776080953	2265.0	0.0	23607.0	2720.428466796875	0.26521739130434785	1023.0	339.0	2.214141414141414	263.0	-2.043912175648703	-1196.0	-69.12335921356065	9.01913191831936	-301.0	4478.0	19.55054918148922	
1961.0	-2.5405310862053536	9.415583128212559	1299.0	1.2735697975285052	2279.0	0.0	24247.0	2739.959716796875	0.26521739130434785	1023.0	351.0	2.2383838383838386	273.0	-2.0638722554890223	-1125.0	-48.70005846882611	8.120624222775678	-333.0	3146.0	18.26646826529663	
1966.0	-2.7848322826538525	9.311987453231946	1308.0	1.2098498649587925	2299.0	0.0	24887.0	2759.490966796875	0.2565217391304348	1019.0	358.0	2.2525252525252526	263.0	-2.043912175648703	-965.0	-40.02472659088696	6.3397967085222335	-248.0	2578.0	15.74625487047161	
1961.0	-2.6285261130821587	9.149121237206842	1321.0	1.27002522834968	2286.0	0.0	25527.0	2779.022216796875	0.26521739130434785	1023.0	363.0	2.2626262626262625	257.0	-2.0319361277445114	-912.0	-38.303667002198516	4.288236316152625	-117.0	2464.0	14.922960624394609	
1955.0	-2.238653520727146	9.188572625236013	1317.0	1.346607624780028	2254.0	0.0	26167.0	2798.553466796875	0.26304347826086955	1022.0	361.0	2.2585858585858585	264.0	-2.0459081836327346	-793.0	-34.206614307891876	2.9510391047817945	-42.0	2195.0	13.07210416589261	
1950.0	-2.09152203210766	9.330708786071257	1305.0	1.409741265129997	2242.0	0.0	26807.0	2818.084716796875	0.2673913043478261	1024.0	375.0	2.286868686868687	245.0	-2.007984031936128	-676.0	-25.592555872846162	2.0628592549719253	-18.0	1632.0	11.206495900933785	
1945.0	-2.1401780156057724	9.403642962532835	1299.0	1.4702250109150534	2246.0	0.0	27447.0	2837.615966796875	0.2673913043478261	1024.0	376.0	2.2888888888888888	251.0	-2.0199600798403194	-536.0	-11.322954552218764	0.7500685045184549	9.0	700.0	8.934522321187588	
1942.0	-2.288292145434775	9.259599321702648	1311.0	1.5034480115217144	2258.0	0.0	28087.0	2857.147216796875	0.2739130434782609	1027.0	373.0	2.282828282828283	264.0	-2.0459081836327346	-355.0	-0.7083389862367716	-0.16345224164722016	28.0	6.0	6.075524454501151	
1937.0	-2.5697926822659776	9.215309183492293	1315.0	1.5604310686267207	2281.0	0.0	28727.0	2876.678466796875	0.26521739130434785	1023.0	381.0	2.298989898989899	259.0	-2.035928143712575	-257.0	1.727686058449954	-0.6331999028493208	52.0	-154.0	4.5606699074763375	
1939.0	-2.702205083176894	9.364777411470577	1303.0	1.5365052413552256	2292.0	0.0	29367.0	2896.209716796875	0.2565217391304348	1019.0	380.0	2.296969696969697	252.0	-2.0219560878243517	-146.0	-2.3565543105959286	-0.6562208497566097	77.0	111.0	2.913299383410142	
1942.0	-2.6028568143198445	9.509805925717714	1291.0	1.5028044308730144	2284.0	0.0	30007.0	2915.740966796875	0.26521739130434785	1023.0	377.0	2.290909090909091	247.0	-2.011976047904192	-22.0	-11.137007408664378	-0.4644166754617869	110.0	682.0	1.1151723554554651	
1938.0	-2.175078123588807	9.658707745745108	1278.0	1.556764007064936	2249.0	0.0	30647.0	2935.272216796875	0.2565217391304348	1019.0	381.0	2.298989898989899	256.0	-2.029940119760479	21.0	-12.358497969291058	-0.713061326579702	134.0	761.0	0.4733948656244695	
1933.0	-2.162294095385453	9.779171815796477	1268.0	1.6183374519029048	2248.0	0.0	31287.0	2954.803466796875	0.2608695652173913	1021.0	386.0	2.309090909090909	243.0	-2.003992015968064	51.0	-5.872932773953198	-0.9063256536348598	118.0	338.0	-0.04773455058746423	
1931.0	-2.3691913079604765	9.843831889521002	1263.0	1.6410114660565687	2265.0	0.0	31927.0	2974.334716796875	0.26521739130434785	1023.0	382.0	2.301010101010101	246.0	-2.00998003992016	130.0	1.8518243555452925	-0.7512302521766385	75.0	-166.0	-1.3265030344299777	
1930.0	-2.710795836286968	9.83829732210004	1264.0	1.6495882678701785	2293.0	0.0	32567.0	2993.865966796875	0.26521739130434785	1023.0	387.0	2.311111111111111	259.0	-2.035928143712575	144.0	1.661843093184066	-1.1192955435014118	101.0	-154.0	-1.537530978460358	
1929.0	-2.649116640621798	9.922159519711196	1257.0	1.663091874574026	2288.0	0.0	33207.0	3013.397216796875	0.2608695652173913	1021.0	378.0	2.292929292929293	252.0	-2.0219560878243517	98.0	-5.898721998211993	-1.2357576576879339	142.0	339.0	-0.7623055556832794	
1926.0	-2.5747676117862306	10.078440107010847	1244.0	1.701542749048631	2282.0	0.0	33847.0	3032.928466796875	0.2608695652173913	1021.0	384.0	2.305050505050505	255.0	-2.0279441117764474	99.0	-7.917807217679473	-0.5398983227133264	105.0	471.0	-0.7573238289638897	
1918.0	-2.927975359954462	10.217765669031483	1233.0	1.79578946935583	2311.0	0.0	34487.0	3052.459716796875	0.2565217391304348	1019.0	380.0	2.296969696969697	268.0	-2.0538922155688626	82.0	-3.4995303572426923	0.5515427548009177	11.0	184.0	-0.5429514644884096	
1917.0	-3.244352258193558	10.297070389283755	1227.0	1.805466940347046	2337.0	0.0	35127.0	3071.990966796875	0.26304347826086955	1022.0	390.0	2.317171717171717	243.0	-2.003992015968064	73.0	1.8045210615315121	2.860563661797673	-168.0	-160.0	-0.4591098493985851	
1918.0	-3.645341067344669	10.427336493375407	1217.0	1.790711520525367	2370.0	0.0	35767.0	3091.522216796875	0.26304347826086955	1022.0	381.0	2.298989898989899	269.0	-2.0558882235528944	-2.0	3.199273404277566	6.136152376889405	-396.0	-248.0	0.6676270378203422	
1928.0	-3.938035316752436	10.301537374128095	1228.0	1.666044659127973	2394.0	0.0	36407.0	3111.053466796875	0.2673913043478261	1024.0	382.0	2.301010101010101	245.0	-2.007984031936128	-79.0	2.360360787425721	10.090725074315536	-659.0	-190.0	1.847118825585819	
1916.0	-4.183579926169736	10.279220028539944	1230.0	1.8079443528309305	2414.0	0.0	37047.0	3130.584716796875	0.25869565217391305	1020.0	387.0	2.311111111111111	258.0	-2.033932135728543	-294.0	0.8509674100476898	13.96303134880634	-919.0	-87.0	5.132174736545911	
1919.0	-4.572493623890374	10.373146045255359	1223.0	1.7688498977076252	2446.0	0.0	37687.0	3150.115966796875	0.26521739130434785	1023.0	389.0	2.315151515151515	242.0	-2.001996007984032	-410.0	1.8442871487587986	19.445514858333947	-1294.0	-147.0	6.886500094291881	
1917.0	-5.061242593513702	10.297186185044414	1230.0	1.7872991949514512	2486.0	0.0	38327.0	3169.647216796875	0.26956521739130435	1025.0	377.0	2.290909090909091	252.0	-2.0219560878243517	-568.0	3.3135812836976135	25.843831962713814	-1734.0	-237.0	9.27484897803755	
1912.0	-5.415409236316308	10.303134342320462	1230.0	1.8440579739516072	2515.0	0.0	38967.0	3189.178466796875	0.26304347826086955	1022.0	377.0	2.290909090909091	263.0	-2.043912175648703	-734.0	-0.3574998690893907	33.76446755932113	-2252.0	9.0	11.836274618462758	
1913.0	-5.277801490086573	10.641991272950063	1202.0	1.8367744279491163	2504.0	0.0	39607.0	3208.709716796875	0.26521739130434785	1023.0	381.0	2.298989898989899	249.0	-2.015968063872256	-914.0	-6.8587875407008205	42.38331354680875	-2804.0	440.0	14.638930080730203	
1920.0	-5.206206315002944	10.398378081015322	1222.0	1.7507168983830148	2498.0	0.0	40247.0	3228.240966796875	0.2673913043478261	1024.0	370.0	2.2767676767676766	250.0	-2.0179640718562877	-1153.0	-9.169021426250811	51.754028924529884	-3428.0	599.0	18.29701340817886	
1895.0	-4.698804256408379	10.223602832729973	1235.0	2.055247985763215	2456.0	0.0	40887.0	3247.772216796875	0.26521739130434785	1023.0	377.0	2.290909090909091	243.0	-2.003992015968064	-1413.0	-8.11179206347956	59.90308045114044	-3987.0	538.0	22.240813738125293	
1898.0	-4.575435071180247	10.331568171247902	1226.0	2.021416752687423	2446.0	0.0	41527.0	3267.303466796875	0.2739130434782609	1027.0	362.0	2.2606060606060607	237.0	-1.9920159680638725	-1926.0	1.7419159390083534	78.24550095449689	-5277.0	-87.0	29.944558026921705	
1899.0	-4.602591284434185	10.039733130789877	1250.0	2.006178647379219	2448.0	0.0	42167.0	3286.834716796875	0.27608695652173915	1028.0	352.0	2.2404040404040404	251.0	-2.0199600798403194	-2131.0	12.97233322739401	85.46508611381216	-5819.0	-812.0	32.95012457647131	
1905.0	-4.844838908785394	10.131419832252545	1243.0	1.9323838815238275	2468.0	0.0	42807.0	3306.365966796875	0.28043478260869564	1030.0	352.0	2.2404040404040404	242.0	-2.001996007984032	-2416.0	17.894292175060624	91.4109028560786	-6250.0	-1126.0	37.235505747450915	
1928.0	-4.537347855604961	10.118558132041821	1244.0	1.658221741318585	2443.0	0.0	43447.0	3325.897216796875	0.2891304347826087	1034.0	355.0	2.2464646464646463	227.0	-1.9720558882235533	-2560.0	17.916664435489558	99.13283563678871	-6771.0	-1121.0	39.425396093287695	
1920.0	-4.200830953903006	9.719668655240405	1276.0	1.753983557736265	2415.0	0.0	44087.0	3345.428466796875	0.2847826086956522	1032.0	337.0	2.21010101010101	227.0	-1.9720558882235533	-2684.0	19.917921993886196	110.1325036519651	-7519.0	-1243.0	41.29131507663909	
1907.0	-3.312088769015432	9.73516579941002	1273.0	1.9196524570509335	2342.0	0.0	44727.0	3364.959716796875	0.30434782608695654	1041.0	331.0	2.197979797979798	212.0	-1.942115768463074	-2584.0	23.832892027297007	122.52955389171476	-8360.0	-1491.0	39.73125282877646	
1867.0	-3.040942443853006	9.281116509039041	1309.0	2.399751138242221	2319.0	0.0	45367.0	3384.490966796875	0.30217391304347824	1040.0	322.0	2.17979797979798	195.0	-1.9081836327345312	-2463.0	37.48584546863443	131.39804793577989	-9010.0	-2376.0	37.75441911185358	
1868.0	-2.846842212158686	9.16770323330841	1318.0	2.3885098150307735	2303.0	0.0	46007.0	3404.022216796875	0.3173913043478261	1047.0	314.0	2.1636363636363636	188.0	-1.8942115768463077	-1906.0	43.653587096384726	141.20268490784096	-9670.0	-2777.0	29.22125880584224	
1881.0	-2.555667038652286	8.860137489292375	1343.0	2.231719403301581	2279.0	0.0	46647.0	3423.553466796875	0.3130434782608696	1045.0	289.0	2.113131313131313	189.0	-1.8962075848303395	-1503.0	49.60451005840638	148.46995363141633	-10166.0	-3164.0	23.0324720096821	
1871.0	-2.330567040899179	8.316704151597428	1387.0	2.349017997613006	2260.0	0.0	47287.0	3443.084716796875	0.3108695652173913	1044.0	286.0	2.107070707070707	185.0	-1.8882235528942117	-1186.0	56.8596390276612	154.39472992540317	-10582.0	-3636.0	18.13862794432415	
1882.0	-2.6202423472366068	8.483709379515354	1374.0	2.2152611763468832	2284.0	0.0	47927.0	3462.615966796875	0.32608695652173914	1051.0	259.0	2.0525252525252524	165.0	-1.848303393213573	-570.0	59.17179308443633	163.22924650993505	-11157.0	-3787.0	8.746685110980733	
1909.0	-2.2479238488307995	8.81189722505776	1347.0	1.8969650349670883	2254.0	0.0	48567.0	3482.147216796875	0.31956521739130433	1048.0	246.0	2.026262626262626	170.0	-1.8582834331337328	31.0	57.58859361270555	172.13085167604015	-11719.0	-3684.0	-0.3781673049483482	
1918.0	-0.34736688370478275	9.76328924870506	1266.0	1.8170507899150625	2099.0	0.0	49207.0	3501.678466796875	0.32173913043478264	1049.0	242.0	2.018181818181818	173.0	-1.8642714570858285	333.0	52.62473006333029	179.13682443400853	-12151.0	-3359.0	-4.921684562990718	
1861.0	0.43638763926881674	9.563030811952233	1280.0	2.5096327387290773	2034.0	0.0	49847.0	3521.209716796875	0.30217391304347824	1040.0	227.0	1.9878787878787878	170.0	-1.8582834331337328	275.0	67.70596718589627	174.63359430460255	-11923.0	-4344.0	-4.190367656649838	
1850.0	0.13833851513855175	9.151848891892575	1314.0	2.635070548769106	2058.0	0.0	50487.0	3540.740966796875	0.31956521739130433	1048.0	216.0	1.9656565656565657	141.0	-1.8003992015968067	416.0	81.41932374005758	166.82339492073123	-11460.0	-5244.0	-6.47198791420666	
1863.0	-0.9090133892795002	9.127362339987807	1318.0	2.467725658181781	2144.0	0.0	51127.0	3560.272216796875	0.30434782608695654	1041.0	193.0	1.9191919191919191	146.0	-1.8103792415169664	600.0	80.05434435721601	160.50859751884033	-11025.0	-5161.0	-9.256817207830716	
1878.0	-1.1284273819599158	8.95251710025093	1333.0	2.283060174291343	2162.0	0.0	51767.0	3579.803466796875	0.30217391304347824	1040.0	186.0	1.905050505050505	134.0	-1.786427145708583	856.0	65.65060527407434	157.49892316191492	-10747.0	-4227.0	-13.006315938672302	
1883.0	-0.603338883012211	8.967502378696045	1331.0	2.2282199482098495	2119.0	0.0	52407.0	3599.334716796875	0.3	1039.0	163.0	1.8585858585858586	122.0	-1.7624750499001998	999.0	58.705721268073916	157.36463561028924	-10700.0	-3776.0	-15.111772041578078	
1890.0	-0.08911014666043406	9.092922962556333	1320.0	2.15027909201438	2077.0	0.0	53047.0	3618.865966796875	0.29130434782608694	1035.0	153.0	1.8383838383838385	131.0	-1.7804391217564872	1331.0	57.83592232965945	159.84604135743731	-10848.0	-3721.0	-20.15250370998861	
1874.0	0.056549538924337416	9.220246092058288	1309.0	2.345780004502597	2065.0	0.0	53687.0	3638.397216796875	0.29782608695652174	1038.0	148.0	1.8282828282828283	108.0	-1.7345309381237528	1578.0	64.9944883879357	158.1187609746495	-10756.0	-4191.0	-23.98074336296681	
1888.0	0.017229924561668636	8.773283722523104	1346.0	2.1722424858684373	2068.0	0.0	54327.0	3657.928466796875	0.29130434782608694	1035.0	139.0	1.8101010101010102	114.0	-1.7465069860279443	2164.0	73.21052051164878	153.72051849425264	-10477.0	-4735.0	-32.975451212721055	
1878.0	-0.04821383019921126	8.442993813114011	1373.0	2.288767076937581	2073.0	0.0	54967.0	3677.459716796875	0.2847826086956522	1032.0	122.0	1.7757575757575756	123.0	-1.7644710578842318	2444.0	74.11264489874074	148.4307714929089	-10117.0	-4800.0	-37.24302758967182	
1888.0	1.1908687149225852	9.078783411702902	1319.0	2.1870338706638446	1972.0	0.0	55607.0	3696.990966796875	0.27608695652173915	1028.0	110.0	1.7515151515151515	116.0	-1.7504990019960083	2853.0	61.10573343307783	144.69731760180565	-9791.0	-3959.0	-43.33349079440683	
1855.0	2.0588049348819557	9.699516609605862	1266.0	2.599510926288251	1901.0	0.0	56247.0	3716.522216796875	0.2739130434782609	1027.0	107.0	1.7454545454545454	99.0	-1.7165668662674654	3022.0	53.13985595053314	136.47899414391313	-9199.0	-3447.0	-45.824174224904574	
1855.0	2.598608203979114	10.030009899546258	1238.0	2.608213891878626	1857.0	0.0	56887.0	3736.053466796875	0.26956521739130435	1025.0	90.0	1.711111111111111	99.0	-1.7165668662674654	3197.0	55.53807987502311	122.65542319631601	-8281.0	-3614.0	-48.50975342232438	
1833.0	2.4624031798382315	10.088423963158002	1233.0	2.8724962232371904	1868.0	0.0	57527.0	3755.584716796875	0.26521739130434785	1023.0	83.0	1.696969696969697	111.0	-1.7405189620758486	3087.0	58.16119825164501	103.96515439501698	-7051.0	-3796.0	-46.86298080380923	
1854.0	1.348194665523541	10.603693040344355	1193.0	2.613494780673136	1960.0	0.0	58167.0	3775.115966796875	0.2565217391304348	1019.0	78.0	1.6868686868686869	101.0	-1.720558882235529	2859.0	55.690420558189594	85.16782859050069	-5795.0	-3645.0	-43.37059241850965	
1860.0	1.7314525810853016	11.060720242288491	1155.0	2.549608475221689	1929.0	0.0	58807.0	3794.647216796875	0.24782608695652175	1015.0	68.0	1.6666666666666667	106.0	-1.7305389221556888	2813.0	35.17192555171843	69.2515892229911	-4640.0	-2318.0	-42.465787696581835	
1867.0	1.3792425855834933	11.11829060491793	1151.0	2.462324729495375	1958.0	0.0	59447.0	3814.178466796875	0.24565217391304348	1014.0	64.0	1.6585858585858586	120.0	-1.758483033932136	2381.0	22.775294593072967	53.89955706149391	-3576.0	-1516.0	-35.77147918167217	
1874.0	1.0253431908788475	11.005197518783948	1161.0	2.3733174552893983	1987.0	0.0	60087.0	3833.709716796875	0.25	1016.0	67.0	1.6646464646464647	108.0	-1.7345309381237528	2140.0	19.14417071684577	41.651844225241796	-2752.0	-1285.0	-32.06976870336618	
1861.0	0.5603500483081995	10.999263914912948	1162.0	2.525234693849078	2025.0	0.0	60727.0	3853.240966796875	0.24782608695652175	1015.0	58.0	1.6464646464646464	115.0	-1.7485029940119763	1621.0	19.52217509633979	31.654621261768987	-2108.0	-1311.0	-24.180012625488114	
1859.0	-0.17259024028978742	10.891657682766018	1172.0	2.5409256141837977	2085.0	0.0	61367.0	3872.772216796875	0.23478260869565218	1009.0	50.0	1.6303030303030304	126.0	-1.7704590818363275	1292.0	20.685712971939434	23.29252741413262	-1569.0	-1389.0	-19.18784572287529	
1863.0	-0.3328807239048708	10.66419758090393	1191.0	2.4888553372446887	2098.0	0.0	62007.0	3892.303466796875	0.23043478260869565	1007.0	58.0	1.6464646464646464	119.0	-1.756487025948104	1050.0	14.831094264678473	17.360880493581213	-1156.0	-1009.0	-15.448691170783668	
1854.0	-0.1771865463095662	10.488187378541111	1205.0	2.5970859119367726	2085.0	0.0	62647.0	3911.834716796875	0.24347826086956523	1013.0	50.0	1.6303030303030304	107.0	-1.7325349301397208	726.0	6.390945222476714	11.00457791410209	-706.0	-460.0	-10.436533026369254	
1857.0	-0.12950025134361992	10.34163485403933	1217.0	2.559952671328161	2081.0	0.0	63287.0	3931.365966796875	0.24347826086956523	1013.0	43.0	1.6161616161616161	111.0	-1.7405189620758486	476.0	0.5995906196817324	5.138623410468386	-298.0	-84.0	-6.576338111520012	
1858.0	-0.17657455433317715	10.501331364878828	1204.0	2.5490307006355764	2085.0	0.0	63927.0	3950.897216796875	0.22608695652173913	1005.0	54.0	1.6383838383838383	121.0	-1.760479041916168	181.0	0.7907758409480022	-0.1815870433991813	44.0	-97.0	-2.091557948523549	
1855.0	-0.006986559614697491	10.424027524879932	1210.0	2.586098120496025	2071.0	0.0	64567.0	3970.428466796875	0.2391304347826087	1011.0	56.0	1.6424242424242423	109.0	-1.7365269461077846	-218.0	0.9087277786733802	-9.802848983429127	669.0	-107.0	3.975703596737981	
1863.0	-0.06358244621444785	10.768492994172908	1182.0	2.4925912741542824	2076.0	0.0	65207.0	3989.959716796875	0.24130434782608695	1012.0	50.0	1.6303030303030304	120.0	-1.758483033932136	-428.0	0.2853449768363652	-15.479422092464642	1042.0	-68.0	7.175853774566237	
1880.0	0.10737610918313982	10.586245637099166	1197.0	2.287659109029087	2062.0	0.0	311.0	4009.490966796875	0.23043478260869565	1007.0	52.0	1.6343434343434344	135.0	-1.788423153692615	-874.0	-0.6589978223444459	-23.07633097994683	1535.0	-7.0	13.968567164535234	
1889.0	0.23220630354819644	10.76878306365477	1182.0	2.182299050298535	2052.0	0.0	951.0	4029.022216796875	0.2391304347826087	1011.0	56.0	1.6424242424242423	115.0	-1.7485029940119763	-1210.0	-2.505937751665702	-30.24364888011747	2008.0	112.0	19.097302723524262	
1889.0	0.5391650193122655	10.982052038923232	1164.0	2.18750132720886	2027.0	0.0	1591.0	4048.553466796875	0.22608695652173913	1005.0	47.0	1.6242424242424243	124.0	-1.7664670658682637	-1701.0	-3.4589956252650413	-39.39656300658449	2603.0	173.0	26.574513910625274	
1881.0	0.7081388632747978	10.903556023927496	1170.0	2.2847916476672028	2013.0	0.0	2231.0	4068.084716796875	0.2326086956521739	1008.0	48.0	1.6262626262626263	123.0	-1.7644710578842318	-2038.0	1.2081417828200938	-48.98188704546212	3207.0	-134.0	31.65331782171553	
1888.0	0.3548428254283083	10.851414169494738	1175.0	2.1963999193468204	2042.0	0.0	2871.0	4087.615966796875	0.22608695652173913	1005.0	53.0	1.6363636363636365	107.0	-1.7325349301397208	-2381.0	-0.5588811051844069	-59.00760143898542	3870.0	-22.0	36.88771808861838	
