Device	Device	Device	Device	Device	Device	Device	Device	Device	Device	Device	Device	Device	Device	Device	Device	Device	Device	Device	Device	Device	
Low Noise Accelerometer X	Low Noise Accelerometer X	Low Noise Accelerometer Z	Low Noise Accelerometer Z	Low Noise Accelerometer Y	Low Noise Accelerometer Y	Event_Marker	Timestamp	Timestamp	Magnetometer Z	Magnetometer Z	Magnetometer X	Magnetometer X	Magnetometer Y	Magnetometer Y	Gyroscope Y	Gyroscope Y	Gyroscope Z	Gyroscope Z	Gyroscope X	Gyroscope X	
CAL	UNCAL	CAL	UNCAL	UNCAL	CAL	CAL	UNCAL	CAL	CAL	UNCAL	CAL	UNCAL	CAL	UNCAL	CAL	UNCAL	CAL	UNCAL	CAL	UNCAL	
m/(s^2)	no units	m/(s^2)	no units	no units	m/(s^2)	no units	no units	ms	local_flux	no units	local_flux	no units	local_flux	no units	deg/s	no units	deg/s	no units	deg/s	no units	
-7.13899156798327	2022.0	7.304080930442799	1481.0	2655.0	0.47153041169688426	0.0	11812.0	360.4736328125	0.18695652173913044	987.0	1.7898989898989899	129.0	-2.1516966067864276	317.0	-2.9086536739679807	-502.0	-12.168705514417184	833.0	8.333269046245384	143.0	
-7.151792866423088	2019.0	7.279231351118444	1483.0	2656.0	0.5072984812324954	0.0	12452.0	380.0048828125	0.1782608695652174	983.0	1.7858585858585858	127.0	-2.131736526946108	307.0	-3.891925432112607	-502.0	-10.735951958970857	742.0	8.343101763826832	208.0	
-7.128146916844249	2013.0	7.277308304413762	1483.0	2654.0	0.5798048668877431	0.0	13092.0	399.5361328125	0.19782608695652174	992.0	1.7838383838383838	126.0	-2.135728542914172	309.0	-5.230054166818882	-404.0	-9.533723164803366	672.0	6.8659887545959455	295.0	
-7.067433092152128	2012.0	7.263648531302962	1484.0	2649.0	0.5923236001746407	0.0	13732.0	419.0673828125	0.19130434782608696	989.0	1.802020202020202	135.0	-2.13373253493014	308.0	-5.512820240133743	-317.0	-8.861414739521623	632.0	5.545622498979285	313.0	
-6.9818558102670645	2010.0	7.310209118185543	1480.0	2642.0	0.6177413644044858	0.0	14372.0	438.5986328125	0.20652173913043478	996.0	1.8080808080808082	138.0	-2.101796407185629	292.0	-4.682058853534321	-236.0	-7.430677805668929	536.0	4.305375721615191	259.0	
-7.043179468156016	2008.0	7.29877309361775	1481.0	2647.0	0.641110153122087	0.0	15012.0	458.1298828125	0.20652173913043478	996.0	1.804040404040404	136.0	-2.105788423153693	294.0	-4.385854506950147	-234.0	-6.940331770716883	502.0	4.271995427198779	240.0	
-7.078413526119688	2014.0	7.361893590377891	1476.0	2650.0	0.5690998608835457	0.0	15652.0	477.6611328125	0.1956521739130435	991.0	1.8242424242424242	146.0	-2.1137724550898205	298.0	-4.3594789930031475	-184.0	-6.611899180574504	482.0	3.5112753982950506	238.0	
-7.005883202976822	2007.0	7.383127727937381	1474.0	2644.0	0.6543748548881595	0.0	16292.0	497.1923828125	0.20217391304347826	994.0	1.8303030303030303	149.0	-2.0858283433133735	284.0	-5.378100017091962	-192.0	-5.766259882547466	430.0	3.6431346123382204	305.0	
-6.920795082916958	2002.0	7.416782763481613	1471.0	2637.0	0.7158032502996222	0.0	16932.0	516.7236328125	0.2	993.0	1.8222222222222222	145.0	-2.1257485029940124	304.0	-3.368014030219984	-143.0	-5.066756778903396	376.0	2.877786604180527	174.0	
-6.981879556842204	1999.0	7.441679042935186	1469.0	2642.0	0.7515859466681585	0.0	17572.0	536.2548828125	0.19782608695652174	992.0	1.8101010101010102	139.0	-2.1257485029940124	304.0	-1.442486007781943	-139.0	-4.298789844301481	316.0	2.7976948220550057	49.0	
-6.945555138974735	1995.0	7.464367140555492	1467.0	2639.0	0.8003688429073735	0.0	18212.0	555.7861328125	0.20652173913043478	996.0	1.8303030303030303	149.0	-2.0878243512974053	285.0	-1.1317573950469981	-115.0	-3.5561906078852634	266.0	2.4295685245208123	29.0	
-6.89691426693353	1993.0	7.47509564348005	1466.0	2635.0	0.8250589221991999	0.0	18852.0	575.3173828125	0.19782608695652174	992.0	1.8222222222222222	145.0	-2.1037924151696608	293.0	-1.1002991653795282	-106.0	-3.3430097630252535	252.0	2.292371812946571	27.0	
-6.909340598581107	1996.0	7.415105935131169	1471.0	2636.0	0.7881901834859824	0.0	19492.0	594.8486328125	0.19782608695652174	992.0	1.8343434343434344	151.0	-2.1137724550898205	298.0	-0.7138901443267611	-109.0	-3.1168563622294196	235.0	2.3341350991618994	2.0	
-6.993592654157784	1997.0	7.514589869332155	1463.0	2643.0	0.776294309501141	0.0	20132.0	614.3798828125	0.20434782608695654	995.0	1.812121212121212	140.0	-2.0998003992015972	291.0	-1.2299742288991204	-114.0	-2.6192111188463363	204.0	2.4153415673840484	36.0	
-7.029072372423835	2001.0	7.5772334960935614	1458.0	2646.0	0.7283731775017573	0.0	20772.0	633.9111328125	0.20869565217391306	997.0	1.816161616161616	142.0	-2.109780439121757	296.0	-1.9509947495155087	-84.0	-2.1309870350935673	176.0	1.9662780083316571	83.0	
-6.944453985173146	2002.0	7.490416678231555	1465.0	2639.0	0.7163030004245597	0.0	21412.0	653.4423828125	0.20434782608695654	995.0	1.814141414141414	141.0	-2.1257485029940124	304.0	-1.807269256078241	-84.0	-1.5712751870080157	138.0	1.9648407533972845	74.0	
-6.969080417181944	2001.0	7.478480433600418	1466.0	2641.0	0.7279855664292447	0.0	22052.0	672.9736328125	0.20434782608695654	995.0	1.8363636363636364	152.0	-2.1137724550898205	298.0	-1.3386598913061665	-94.0	-0.905326372824347	91.0	2.1122459145024153	44.0	
-6.9935840190395515	2001.0	7.466782623968649	1467.0	2643.0	0.7276235523143509	0.0	22692.0	692.5048828125	0.2108695652173913	998.0	1.8323232323232324	150.0	-2.0838323353293418	283.0	-0.9975060321797588	-57.0	0.007981552919559126	30.0	1.5460967333256	22.0	
-6.9810240633429945	2004.0	7.467251710612514	1467.0	2642.0	0.6916092644245022	0.0	23332.0	712.0361328125	0.21304347826086956	999.0	1.8242424242424242	146.0	-2.097804391217565	290.0	-1.1973686428789923	-27.0	0.4299480386458423	4.0	1.0918215951740373	35.0	
-7.004674330480951	2008.0	7.493078379998949	1465.0	2644.0	0.6434382573626496	0.0	23972.0	731.5673828125	0.2	993.0	1.8080808080808082	138.0	-2.101796407185629	292.0	-1.6896826267263871	3.0	0.767321613706356	-15.0	0.640470970753956	67.0	
-6.943837675637641	2008.0	7.479657041887517	1466.0	2639.0	0.6439124105299684	0.0	24612.0	751.0986328125	0.2108695652173913	998.0	1.8363636363636364	152.0	-2.0898203592814375	286.0	-2.233294761518277	-2.0	1.581725388095363	-67.0	0.7219527194783006	103.0	
-6.883130327284195	2004.0	7.501852702799347	1464.0	2634.0	0.6929342117069586	0.0	25252.0	770.6298828125	0.2108695652173913	998.0	1.8242424242424242	146.0	-2.109780439121757	296.0	-2.26188319523367	-5.0	1.7468075892543056	-78.0	0.7678659802413101	105.0	
-6.834120964789421	2005.0	7.513296510722009	1463.0	2630.0	0.6814905506400486	0.0	25892.0	790.1611328125	0.20217391304347826	994.0	1.814141414141414	141.0	-2.12375249500998	303.0	-1.4894519414303948	5.0	2.4037777003416307	-125.0	0.6080504129504257	55.0	
-6.748662195496431	2004.0	7.535715039923468	1461.0	2623.0	0.6946175163960774	0.0	26532.0	809.6923828125	0.22391304347826088	1004.0	1.8262626262626263	147.0	-2.0998003992015972	291.0	-0.5885010129557509	34.0	2.388699108767378	-127.0	0.15797626488240923	-4.0	
-6.736102239799874	2007.0	7.536184126567334	1461.0	2622.0	0.6586032285062285	0.0	27172.0	829.2236328125	0.21304347826086956	999.0	1.8181818181818181	143.0	-2.1117764471057887	297.0	-0.22204164284670963	39.0	2.2762803392140905	-121.0	0.07826604380489297	-28.0	
-6.73561739553379	2008.0	7.572993300587435	1458.0	2622.0	0.6469279759180061	0.0	27812.0	848.7548828125	0.20652173913043478	996.0	1.8242424242424242	146.0	-2.12375249500998	303.0	-0.8180074648076857	21.0	2.2618314788359912	-118.0	0.35798996057963584	11.0	
-6.710747462002173	2010.0	7.5973582265581845	1456.0	2620.0	0.623323938970861	0.0	28452.0	868.2861328125	0.20652173913043478	996.0	1.8343434343434344	151.0	-2.079840319361278	281.0	-1.955116076483641	2.0	1.8346626791592648	-85.0	0.6583344307268136	85.0	
-6.686489520446943	2008.0	7.608579166191219	1455.0	2618.0	0.6477751133249123	0.0	29092.0	887.8173828125	0.2108695652173913	998.0	1.8424242424242425	155.0	-2.0838323353293418	283.0	-2.365989426782017	-16.0	1.9122789089903303	-89.0	0.9362074227849305	112.0	
-6.7229410860247185	2009.0	7.609556256253299	1455.0	2621.0	0.6353721757986711	0.0	29732.0	907.3486328125	0.20434782608695654	995.0	1.8303030303030303	149.0	-2.0998003992015972	291.0	-1.4654594537222996	-18.0	1.383617676635447	-58.0	0.9576203740049037	53.0	
-6.7718254595887455	2010.0	7.586399071989128	1457.0	2625.0	0.6226035674493047	0.0	30372.0	926.8798828125	0.20217391304347826	994.0	1.8383838383838385	153.0	-2.0998003992015972	291.0	-0.41219513516130785	9.0	1.2217888093400284	-51.0	0.5364413429865941	-16.0	
-6.808766186991719	2008.0	7.5744706107128605	1458.0	2628.0	0.6462112611046811	0.0	31012.0	946.4111328125	0.21304347826086956	999.0	1.8303030303030303	149.0	-2.0858283433133735	284.0	-0.5064925995627076	40.0	1.4720987846736087	-66.0	0.06590142789676777	-10.0	
-6.845099239977422	2008.0	7.599589758456062	1456.0	2631.0	0.646099122052256	0.0	31652.0	965.9423828125	0.21304347826086956	999.0	1.8202020202020202	144.0	-2.1137724550898205	298.0	-0.5096032923420949	49.0	1.2978805290846456	-54.0	-0.0709495944530049	-10.0	
-6.857538524302347	2005.0	7.611310918152441	1455.0	2632.0	0.6822365191192236	0.0	32292.0	985.4736328125	0.21739130434782608	1001.0	1.8343434343434344	151.0	-2.075848303393214	279.0	-1.7933963648210935	54.0	1.9150119832086485	-89.0	-0.13415729110464078	74.0	
-6.9182545077740265	2005.0	7.636922502604118	1453.0	2637.0	0.6818854751290235	0.0	32932.0	1005.0048828125	0.21521739130434783	1000.0	1.8363636363636364	152.0	-2.0898203592814375	286.0	-2.1246915036321163	48.0	2.459157565940235	-124.0	-0.039589586864819525	96.0	
-6.9432451126772765	2003.0	7.600367330293123	1456.0	2639.0	0.7053664028990497	0.0	33572.0	1024.5361328125	0.21521739130434783	1000.0	1.8242424242424242	146.0	-2.105788423153693	294.0	-1.8200499991450823	24.0	3.3978665003998496	-189.0	0.32238300949715426	77.0	
-7.078687250556323	1999.0	7.516790267810553	1463.0	2650.0	0.7513689819797709	0.0	34212.0	1044.0673828125	0.20652173913043478	996.0	1.8444444444444446	156.0	-2.1077844311377247	295.0	-1.6403632119025457	-3.0	4.07358212065638	-236.0	0.7312325294574286	66.0	
-7.1907312579384675	1986.0	7.442765099965443	1469.0	2659.0	0.9061347962515948	0.0	34852.0	1063.5986328125	0.2108695652173913	998.0	1.8404040404040405	154.0	-2.0778443113772456	280.0	-1.179986270014269	-35.0	5.116524978505784	-309.0	1.2133207752476713	37.0	
-7.33836917861962	1980.0	7.383337878518863	1474.0	2671.0	0.9763533014568234	0.0	35492.0	1083.1298828125	0.21304347826086956	999.0	1.8323232323232324	150.0	-2.097804391217565	290.0	0.15469175155450351	-5.0	7.050877841023816	-443.0	0.7437002307734284	-49.0	
-7.510030174451414	1973.0	7.372925644142369	1475.0	2685.0	1.058869918552331	0.0	36132.0	1102.6611328125	0.20869565217391306	997.0	1.8343434343434344	151.0	-2.1157684630738527	299.0	1.1129194537968088	8.0	9.450864552887552	-607.0	0.536399322572298	-110.0	
-7.635243970726945	1954.0	7.273335591974801	1483.0	2695.0	1.285537542718502	0.0	36772.0	1122.1923828125	0.20652173913043478	996.0	1.8404040404040405	154.0	-2.0838323353293418	283.0	1.4827157429114508	-24.0	12.179272243960106	-792.0	1.0193933748902773	-132.0	
-7.969083236812386	1915.0	7.282874768904115	1482.0	2722.0	1.75217405989923	0.0	37412.0	1141.7236328125	0.20869565217391306	997.0	1.8222222222222222	145.0	-2.0918163672654693	287.0	3.4182798204640843	-44.0	15.120845455896157	-998.0	1.3042202436204542	-256.0	
-8.236959363397933	1903.0	7.468284047808594	1467.0	2744.0	1.8959277046754313	0.0	38052.0	1161.2548828125	0.20652173913043478	996.0	1.8303030303030303	149.0	-2.0918163672654693	287.0	3.6416655221869476	80.0	19.39362862663705	-1279.0	-0.5839451723321356	-269.0	
-8.478370923265956	1905.0	7.693109719016481	1449.0	2764.0	1.8716654602466614	0.0	38692.0	1180.7861328125	0.20869565217391306	997.0	1.8181818181818181	143.0	-2.073852295409182	278.0	3.6861880952275126	126.0	24.54595092828702	-1621.0	-1.2840101699256592	-269.0	
-8.44387600498898	1892.0	7.640510423601009	1453.0	2761.0	2.0281109224993727	0.0	39332.0	1200.3173828125	0.2	993.0	1.795959595959596	132.0	-2.0998003992015972	291.0	4.78947997728046	27.0	30.540867709397514	-2030.0	0.2106603333070433	-336.0	
-8.530545805557399	1891.0	7.520093053678859	1463.0	2768.0	2.038088243565551	0.0	39972.0	1219.8486328125	0.20869565217391306	997.0	1.8	134.0	-2.101796407185629	292.0	7.3875797145159545	-90.0	36.87057040588888	-2469.0	1.9641470165430537	-500.0	
-8.655011827028003	1883.0	7.362174554803113	1476.0	2778.0	2.1316499405307625	0.0	40612.0	1239.3798828125	0.20434782608695654	995.0	1.802020202020202	135.0	-2.0858283433133735	284.0	8.110783942485826	-255.0	42.22210403904751	-2836.0	4.4664206776854085	-542.0	
-8.607454838551922	1882.0	7.251239029324595	1485.0	2774.0	2.1430643479318223	0.0	41252.0	1258.9111328125	0.20869565217391306	997.0	1.791919191919192	130.0	-2.051896207584831	267.0	6.943516440483233	-314.0	47.37989609917616	-3177.0	5.375431755747258	-462.0	
-8.6078125351077	1884.0	7.1907646676221075	1490.0	2774.0	2.118359641807071	0.0	41892.0	1278.4423828125	0.20652173913043478	996.0	1.7797979797979797	124.0	-2.07185628742515	277.0	8.22242554817408	-284.0	52.946316385146574	-3553.0	4.906368900411795	-542.0	
-8.401880693505726	1886.0	7.028582623175627	1503.0	2757.0	2.0947007542364573	0.0	42532.0	1297.9736328125	0.1934782608695652	990.0	1.7757575757575756	122.0	-2.0499001996007986	266.0	10.278331474092672	-202.0	58.730172733526935	-3945.0	3.638661552179226	-673.0	
-8.221062286958192	1885.0	6.829606971418784	1519.0	2742.0	2.106567374555448	0.0	43172.0	1317.5048828125	0.1956521739130435	991.0	1.7515151515151515	110.0	-2.0279441117764474	255.0	12.320209523042172	-130.0	64.49392926820612	-4336.0	2.5231857374691984	-803.0	
-8.173134649248984	1888.0	6.707434939597492	1529.0	2738.0	2.069680352301075	0.0	43812.0	1337.0361328125	0.2	993.0	1.7252525252525253	97.0	-2.039920159680639	261.0	14.569913117998825	42.0	69.53943995562992	-4676.0	-0.11528088022941793	-948.0	
-7.609806101944617	1882.0	7.023814936492962	1502.0	2692.0	2.1507665943695793	0.0	44452.0	1356.5673828125	0.18695652173913044	987.0	1.7232323232323232	96.0	-2.0319361277445114	257.0	11.700790981413306	195.0	73.49038161878774	-4920.0	-2.4135858565821944	-760.0	
-7.195908275659404	1878.0	7.0022995261111705	1503.0	2658.0	2.202883189612951	0.0	45092.0	1376.0986328125	0.18695652173913044	987.0	1.698989898989899	84.0	-2.015968063872256	249.0	9.677234741437832	355.0	76.15734514332826	-5082.0	-4.826810370228067	-628.0	
-6.964143288332322	1881.0	6.9739561896982725	1505.0	2639.0	2.1687728278088394	0.0	45732.0	1395.6298828125	0.19130434782608696	989.0	1.6848484848484848	77.0	-2.011976047904192	247.0	12.476035707551633	450.0	76.62004342281786	-5122.0	-6.299665300041296	-811.0	
-7.012040703127716	1892.0	6.928802862747291	1509.0	2643.0	2.0353121999094483	0.0	46372.0	1415.1611328125	0.18695652173913044	987.0	1.6828282828282828	76.0	-2.0239520958083834	253.0	16.29974954102122	553.0	76.86634964941032	-5152.0	-7.904442362330365	-1061.0	
-7.222211154193691	1883.0	6.74798896467135	1524.0	2660.0	2.139836091357788	0.0	47012.0	1434.6923828125	0.1782608695652174	983.0	1.6727272727272726	71.0	-1.9640718562874253	223.0	18.504509736309664	586.0	76.83792191168251	-5159.0	-8.42839110496766	-1205.0	
-7.125149165058961	1889.0	6.6255473644312115	1534.0	2652.0	2.0672931386202276	0.0	47652.0	1454.2236328125	0.18695652173913044	987.0	1.6606060606060606	65.0	-1.9520958083832338	217.0	18.311350776342092	807.0	77.76542463940032	-5211.0	-11.787676245406006	-1194.0	
-7.213398487356377	1883.0	6.4064158487902665	1552.0	2659.0	2.13650848686735	0.0	48292.0	1473.7548828125	0.16521739130434782	977.0	1.6343434343434344	52.0	-1.9620758483033935	222.0	17.46896079658652	970.0	78.88273871997022	-5275.0	-14.258339798079934	-1140.0	
-7.373553188142921	1894.0	6.107483313882287	1577.0	2672.0	1.9993874940284773	0.0	48932.0	1493.2861328125	0.15869565217391304	974.0	1.6020202020202021	36.0	-1.9520958083832338	217.0	17.899097869460483	1235.0	79.88358312712754	-5333.0	-18.293059419759242	-1170.0	
-7.383063977855324	1906.0	6.232493215631383	1567.0	2673.0	1.8559641718958324	0.0	49572.0	1512.8173828125	0.16521739130434782	977.0	1.606060606060606	38.0	-1.918163672654691	200.0	16.727220972821385	1495.0	81.7575035726223	-5442.0	-22.235713274367	-1095.0	
-7.49242946848644	1904.0	6.2951835425220075	1562.0	2682.0	1.879593805800596	0.0	50212.0	1532.3486328125	0.1565217391304348	973.0	1.58989898989899	30.0	-1.946107784431138	214.0	12.248021306067562	1874.0	84.68363430758572	-5601.0	-27.955179832832542	-805.0	
-7.238070033452269	1917.0	5.963975960888199	1589.0	2661.0	1.7221988183105033	0.0	50852.0	1551.8798828125	0.15	970.0	1.591919191919192	31.0	-1.914171656686627	198.0	12.73156628301921	2292.0	87.21312173234804	-5755.0	-34.317429731271254	-839.0	
-6.918693621158855	1910.0	6.285041889869051	1562.0	2635.0	1.8129405911208363	0.0	51492.0	1571.4111328125	0.14347826086956522	967.0	1.587878787878788	29.0	-1.9101796407185632	196.0	13.231143793734008	2534.0	90.20413619184323	-5947.0	-38.00303387139741	-872.0	
-6.84351284539922	1901.0	6.5983650695956735	1536.0	2629.0	1.925259365615458	0.0	52132.0	1590.9423828125	0.1391304347826087	965.0	1.5616161616161617	16.0	-1.9261477045908186	204.0	10.19517200038544	2788.0	92.81884010570809	-6097.0	-41.83579202418637	-675.0	
-6.615359364102841	1908.0	6.156507097611932	1572.0	2610.0	1.838784971310994	0.0	52772.0	1610.4736328125	0.12608695652173912	959.0	1.5676767676767678	19.0	-1.9061876247504992	194.0	10.690541415136629	2950.0	94.17227284986008	-6183.0	-44.30462404533008	-708.0	
-6.682014150139151	1896.0	5.72821834748215	1607.0	2615.0	1.978413849202345	0.0	53412.0	1630.0048828125	0.1282608695652174	960.0	1.5474747474747474	9.0	-1.8762475049900202	179.0	14.276477230699264	3008.0	94.51269952688024	-6220.0	-45.22261268105224	-942.0	
-7.1927239876975975	1898.0	5.8487486054210605	1598.0	2657.0	1.950415667863981	0.0	54052.0	1649.5361328125	0.12391304347826088	958.0	1.5191919191919192	-5.0	-1.8782435129740522	180.0	19.09894158153649	3200.0	96.22789507522042	-6349.0	-48.190989415815366	-1257.0	
-7.178703022864115	1907.0	5.9237897801026	1592.0	2656.0	1.8428725543193722	0.0	54692.0	1669.0673828125	0.11521739130434783	954.0	1.513131313131313	-8.0	-1.8942115768463077	188.0	20.06859673366679	3625.0	99.8972230792772	-6581.0	-54.66456429433287	-1322.0	
-6.984007408578987	1906.0	7.126692457473877	1493.0	2641.0	1.8688967300070207	0.0	55332.0	1688.5986328125	0.10434782608695653	949.0	1.5171717171717172	-6.0	-1.846307385229541	164.0	17.85538863427389	4060.0	104.66372723322144	-6871.0	-61.258401795088	-1179.0	
-6.020084447931776	1884.0	7.455512781370111	1464.0	2562.0	2.14688440381631	0.0	55972.0	1708.1298828125	0.10217391304347827	948.0	1.509090909090909	-10.0	-1.8423153692614773	162.0	9.356119162465511	4635.0	110.67255254125742	-7209.0	-69.91865624865888	-627.0	
-5.710618199569034	1870.0	6.860641189837051	1512.0	2536.0	2.312705049179788	0.0	56612.0	1727.6611328125	0.0891304347826087	942.0	1.488888888888889	-20.0	-1.8782435129740522	180.0	25.25110501404912	4833.0	113.16497866931667	-7441.0	-73.08901295128118	-1663.0	
-5.79701211692126	1885.0	6.573375331141363	1536.0	2543.0	2.1282455598530436	0.0	57252.0	1747.1923828125	0.08478260869565217	940.0	1.4666666666666666	-31.0	-1.8942115768463077	188.0	34.88784314971703	4852.0	114.82965871139493	-7596.0	-73.47435371666828	-2290.0	
-6.586524545543858	1902.0	6.678764643537765	1529.0	2608.0	1.9165850515823482	0.0	57892.0	1766.7236328125	0.0782608695652174	937.0	1.4606060606060607	-34.0	-1.8303393213572856	156.0	37.21744613402637	5027.0	118.70201820402298	-7858.0	-76.15924670468628	-2441.0	
-6.8492849813706105	1912.0	7.113224419233226	1494.0	2630.0	1.7978201172701918	0.0	58532.0	1786.2548828125	0.058695652173913045	928.0	1.4464646464646465	-41.0	-1.848303393213573	165.0	26.51816566152777	5357.0	125.05974243425612	-8219.0	-81.07126530680542	-1743.0	
-6.055299076879424	1899.0	7.411066976062363	1468.0	2565.0	1.9653649079074915	0.0	59172.0	1805.7861328125	0.058695652173913045	928.0	1.4666666666666666	-31.0	-1.8183632734530941	150.0	20.634744422442377	5861.0	130.6634007439673	-8545.0	-88.67783033395827	-1361.0	
-5.623870022085634	1909.0	7.7583508275248185	1439.0	2530.0	1.8526701092592106	0.0	59812.0	1825.3173828125	0.058695652173913045	928.0	1.4363636363636363	-46.0	-1.8343313373253496	158.0	24.950399252899675	6360.0	135.47919901540254	-8866.0	-96.31034049443015	-1644.0	
-4.8628942801593595	1926.0	8.051894843057458	1414.0	2468.0	1.658396029725366	0.0	60452.0	1844.8486328125	0.05652173913043478	927.0	1.4282828282828284	-50.0	-1.788423153692615	135.0	33.88853812632435	6721.0	138.4800226724999	-9093.0	-101.89021617974232	-2228.0	
-4.378761045571835	1914.0	7.831950701111387	1431.0	2428.0	1.8056162339047925	0.0	61092.0	1864.3798828125	0.05	924.0	1.4323232323232322	-48.0	-1.794411177644711	138.0	45.42366667925559	6853.0	139.856432432463	-9233.0	-104.0131720280093	-2980.0	
-3.5417570086540606	1925.0	9.719755285448663	1275.0	2361.0	1.7003341996354155	0.0	61732.0	1883.9111328125	0.043478260869565216	921.0	1.4202020202020202	-54.0	-1.760479041916168	121.0	33.54670715413145	6932.0	141.27085978684607	-9269.0	-105.09592334530558	-2206.0	
-2.8194955857363695	1901.0	10.296828033235803	1226.0	2302.0	2.002484167848488	0.0	62372.0	1903.4423828125	0.041304347826086954	920.0	1.391919191919192	-68.0	-1.7804391217564872	131.0	25.445036904292728	6698.0	133.2965765228357	-8709.0	-101.45597128159048	-1681.0	
-1.6964370444809913	1899.0	10.44436252341064	1212.0	2210.0	2.0392864837049585	0.0	63012.0	1922.9736328125	0.030434782608695653	915.0	1.3717171717171717	-78.0	-1.8003992015968067	141.0	24.781104166045882	6285.0	122.01207121870088	-7970.0	-95.16796313291522	-1641.0	
-1.2587812323635414	1885.0	10.480921558027918	1208.0	2174.0	2.212703330967486	0.0	63652.0	1942.5048828125	0.041304347826086954	920.0	1.3797979797979798	-74.0	-1.7624750499001998	122.0	30.255588999067967	5664.0	109.03436184279383	-7155.0	-85.77784106109335	-2000.0	
-1.0158820971530098	1903.0	11.394803714804363	1133.0	2155.0	2.0074036740078385	0.0	64292.0	1962.0361328125	0.03260869565217391	916.0	1.3717171717171717	-78.0	-1.7624750499001998	122.0	32.7750339398519	5057.0	96.97548802981461	-6387.0	-76.57109634700309	-2166.0	
-0.9693638781549568	1868.0	11.592707804193696	1116.0	2151.0	2.431534644079664	0.0	64932.0	1981.5673828125	0.02391304347826087	912.0	1.3636363636363635	-82.0	-1.7724550898203595	127.0	31.353392171996425	4114.0	83.2023952593419	-5500.0	-62.214674606130615	-2073.0	
-0.7252932305519292	1868.0	11.612163929789435	1114.0	2131.0	2.4341699118116513	0.0	36.0	2001.0986328125	0.015217391304347827	908.0	1.3595959595959597	-84.0	-1.7325349301397208	107.0	29.052470589624434	3525.0	66.69236832731625	-4412.0	-53.23349048536393	-1928.0	
-1.0093149135100385	1869.0	11.240167750388688	1145.0	2154.0	2.415561540416978	0.0	676.0	2020.6298828125	0.017391304347826087	909.0	1.3454545454545455	-91.0	-1.724550898203593	103.0	24.15737351909139	3071.0	53.72838360767273	-3543.0	-46.279596548879134	-1613.0	
-1.2063134169030671	1867.0	11.07296692529433	1159.0	2170.0	2.436015932674273	0.0	1316.0	2040.1611328125	0.006521739130434783	904.0	1.3353535353535353	-96.0	-1.760479041916168	121.0	18.866324233617387	2469.0	40.35709155316852	-2651.0	-37.07079251990271	-1271.0	
-2.2426913636922343	1875.0	10.986090748337258	1168.0	2255.0	2.328397849268136	0.0	1956.0	2059.6923828125	-0.004347826086956522	899.0	1.3434343434343434	-92.0	-1.7504990019960083	116.0	12.45924278551081	1922.0	26.72212281952602	-1734.0	-28.68733007044066	-857.0	
-2.326936942930238	1879.0	11.049719248515615	1163.0	2262.0	2.2799989073932023	0.0	2596.0	2079.2236328125	0.008695652173913044	905.0	1.3373737373737373	-95.0	-1.7285429141716568	105.0	-7.28299935829031	1371.0	16.291708379942953	-969.0	-20.109679512120522	428.0	
-2.362875600107674	1894.0	10.932131965166398	1173.0	2265.0	2.097740756421671	0.0	3236.0	2098.7548828125	0.008695652173913044	905.0	1.3232323232323233	-102.0	-1.758483033932136	120.0	-18.10438662845429	966.0	6.933421634979879	-311.0	-13.841769821928386	1131.0	
-2.497929818517129	1902.0	10.741703905614042	1189.0	2276.0	1.9981003914733781	0.0	3876.0	2118.2861328125	0.015217391304347827	908.0	1.3515151515151516	-88.0	-1.7445109780439123	113.0	-20.043782962535154	519.0	-1.9591577325717373	273.0	-7.023896771135106	1256.0	
-2.571240298158296	1883.0	10.95807538487588	1171.0	2282.0	2.2284466641201868	0.0	4516.0	2137.8173828125	0.02391304347826087	912.0	1.3555555555555556	-86.0	-1.7465069860279443	114.0	-23.57555434787807	-135.0	-10.551996776780232	836.0	2.9581890035548266	1487.0	
-2.9864611919723343	1889.0	10.821594462833229	1183.0	2316.0	2.1506404893351143	0.0	5156.0	2157.3486328125	0.01956521739130435	910.0	1.3535353535353536	-87.0	-1.7624750499001998	122.0	-19.90389516192451	-600.0	-17.267345534190788	1248.0	9.993715757702896	1248.0	
-3.1486996877699838	1885.0	10.494704910254244	1210.0	2329.0	2.193941979935685	0.0	5796.0	2176.8798828125	0.030434782608695653	915.0	1.3636363636363635	-82.0	-1.7664670658682637	124.0	-16.455424846383035	-1210.0	-23.950425747740436	1653.0	19.236797594471437	1025.0	
-3.282917841696253	1889.0	10.437415820447105	1215.0	2340.0	2.143834136414014	0.0	6436.0	2196.4111328125	0.0391304347826087	919.0	1.3757575757575757	-76.0	-1.7485029940119763	115.0	-16.298011827787356	-1832.0	-29.94698113745889	2027.0	28.695299509912857	1017.0	
-3.5124438221676684	1917.0	10.314677439417226	1226.0	2359.0	1.8029620952086396	0.0	7076.0	2215.9423828125	0.03260869565217391	916.0	1.3656565656565656	-81.0	-1.7425149700598805	112.0	-13.053630332308677	-2267.0	-34.42543486981567	2293.0	35.27882527670712	807.0	
-3.274001773723774	1881.0	10.20364744163328	1234.0	2339.0	2.237971155474275	0.0	7716.0	2235.4736328125	0.030434782608695653	915.0	1.3717171717171717	-78.0	-1.7704590818363275	126.0	-12.61802377557674	-2967.0	-38.34487696528929	2524.0	45.92085704383942	783.0	
-3.748145850671489	1879.0	10.371246289872985	1221.0	2378.0	2.2590020887293636	0.0	8356.0	2255.0048828125	0.034782608695652174	917.0	1.387878787878788	-70.0	-1.7365269461077846	109.0	-11.940194980344165	-3611.0	-43.281592046118604	2824.0	55.70875556197075	742.0	
-3.56596551856308	1894.0	10.115134366404805	1242.0	2363.0	2.077539881249501	0.0	8996.0	2274.5361328125	0.041304347826086954	920.0	1.3757575757575757	-76.0	-1.7405189620758486	111.0	-13.062059755620055	-4022.0	-48.14620195373651	3137.0	61.970924780065715	816.0	
