Device	Device	Device	Device	Device	Device	Device	Device	Device	Device	Device	Device	Device	Device	Device	Device	Device	Device	Device	Device	Device	
Low Noise Accelerometer X	Low Noise Accelerometer X	Low Noise Accelerometer Z	Low Noise Accelerometer Z	Low Noise Accelerometer Y	Low Noise Accelerometer Y	Event_Marker	Timestamp	Timestamp	Magnetometer Z	Magnetometer Z	Magnetometer X	Magnetometer X	Magnetometer Y	Magnetometer Y	Gyroscope Y	Gyroscope Y	Gyroscope Z	Gyroscope Z	Gyroscope X	Gyroscope X	
UNCAL	CAL	CAL	UNCAL	CAL	UNCAL	CAL	UNCAL	CAL	CAL	UNCAL	CAL	UNCAL	UNCAL	CAL	CAL	UNCAL	CAL	UNCAL	UNCAL	CAL	
no units	m/(s^2)	m/(s^2)	no units	m/(s^2)	no units	no units	no units	ms	local_flux	no units	local_flux	no units	no units	local_flux	deg/s	no units	deg/s	no units	no units	deg/s	
1988.0	-9.725331509345724	1.276372874951516	1986.0	0.3499608893935249	2900.0	0.0	41647.0	1270.965576171875	0.41000000000000003	685.0	-0.7813765182186235	-796.0	45.0	-0.4817813765182186	-1.1622572258755162	-91.0	0.47469067135661974	-38.0	-63.0	0.25025864524356467	
1988.0	-9.725331509345724	1.276372874951516	1986.0	0.3499608893935249	2900.0	0.0	42287.0	1290.496826171875	0.41000000000000003	685.0	-0.7813765182186235	-796.0	45.0	-0.4817813765182186	-0.3058571647040832	-89.0	0.21003429094916135	-23.0	-119.0	0.2169231141232403	
1990.0	-9.749377645359939	1.2527116544824781	1988.0	0.32515081808183327	2902.0	0.0	42927.0	1310.028076171875	0.41500000000000004	687.0	-0.7793522267206477	-795.0	24.0	-0.4392712550607287	-0.21410001529285827	-117.0	0.386636875907385	-35.0	-125.0	0.6483346824003199	
1988.0	-9.725331509345724	1.276372874951516	1986.0	0.3499608893935249	2900.0	0.0	43567.0	1329.559326171875	0.41500000000000004	687.0	-0.7793522267206477	-795.0	24.0	-0.4392712550607287	-0.13763572411683744	-99.0	0.3863403409723002	-35.0	-130.0	0.37213101120472075	
1989.0	-9.725574109682736	1.252112841250302	1988.0	0.3374250699450461	2900.0	0.0	44207.0	1349.090576171875	0.41500000000000004	687.0	-0.7793522267206477	-795.0	24.0	-0.4392712550607287	0.10705000764642914	-98.0	0.5920372712323422	-49.0	-146.0	0.3588434968491963	
1988.0	-9.737477684025844	1.2522315974156544	1988.0	0.3493566020960064	2901.0	0.0	44847.0	1368.621826171875	0.4325	694.0	-0.7834008097165992	-797.0	31.0	-0.4534412955465587	-0.015292858235204161	-77.0	0.6309139375387569	-51.0	-138.0	0.03699810669163738	
1989.0	-9.677964629655655	1.251156082053597	1988.0	0.3378820295613828	2896.0	0.0	45487.0	1388.153076171875	0.4325	694.0	-0.7834008097165992	-797.0	31.0	-0.4534412955465587	-0.5046643217617374	-72.0	0.6973961186989693	-54.0	-106.0	-0.03905948978738503	
1986.0	-9.653919697977779	1.274696868888811	1986.0	0.3747378729281189	2894.0	0.0	46127.0	1407.684326171875	0.4325	694.0	-0.7834008097165992	-797.0	31.0	-0.4534412955465587	0.16822144058724578	-85.0	0.5608238203657784	-47.0	-150.0	0.15905307478490685	
1986.0	-9.642017327971008	1.2744576790896347	1986.0	0.37485211283220304	2893.0	0.0	46767.0	1427.215576171875	0.4325	694.0	-0.7834008097165992	-797.0	31.0	-0.4534412955465587	0.5046643217617374	-80.0	0.25590109276351314	-28.0	-172.0	0.07928142921825966	
1985.0	-9.677603739990984	1.2872450485208586	1985.0	0.38680018887171214	2896.0	0.0	47407.0	1446.746826171875	0.42	689.0	-0.771255060728745	-791.0	23.0	-0.43724696356275305	1.1775500841107205	-79.0	-0.1092338548644152	-6.0	-216.0	0.060285596083855475	
1987.0	-9.678088940665008	1.2387249811184304	1989.0	0.3617285499747546	2896.0	0.0	48047.0	1466.278076171875	0.42	689.0	-0.771255060728745	-791.0	23.0	-0.43724696356275305	0.6881786205841872	-64.0	-0.17964377609123416	0.0	-184.0	-0.1705857580002863	
1987.0	-9.666186570658237	1.2384857913192542	1989.0	0.36184278987883883	2895.0	0.0	48687.0	1485.809326171875	0.42	689.0	-0.771255060728745	-791.0	23.0	-0.43724696356275305	-0.10705000764642914	-83.0	-0.24303723681970213	6.0	-132.0	0.12032549689680223	
1985.0	-9.630359966973929	1.2497175883215972	1988.0	0.38652207739789746	2892.0	0.0	49327.0	1505.340576171875	0.4175	688.0	-0.7773279352226721	-794.0	22.0	-0.4352226720647773	-0.030585716470408322	-54.0	-0.5031181311578312	23.0	-137.0	-0.3272653381322013	
1985.0	-9.65416470698747	1.2501959679199497	1988.0	0.3862935975897291	2894.0	0.0	49967.0	1524.871826171875	0.4175	688.0	-0.7773279352226721	-794.0	22.0	-0.4352226720647773	0.8258143447010247	-50.0	-0.9520361823424928	50.0	-193.0	-0.3931324532765476	
1985.0	-9.67796944700101	1.2506743475183022	1988.0	0.3860651177815607	2896.0	0.0	50607.0	1544.403076171875	0.4175	688.0	-0.7773279352226721	-794.0	22.0	-0.4352226720647773	1.2540143752867412	-28.0	-1.1042134194005107	59.0	-221.0	-0.7322328661258757	
1987.0	-9.749259356032278	1.2645405872485258	1987.0	0.36153315794368385	2902.0	0.0	51247.0	1563.934326171875	0.4175	688.0	-0.7773279352226721	-794.0	22.0	-0.4352226720647773	0.6728857623489831	-31.0	-1.035288755204803	56.0	-183.0	-0.6855101685095439	
1986.0	-9.70152917800486	1.275653628085516	1986.0	0.37428091331178215	2898.0	0.0	51887.0	1583.465576171875	0.41250000000000003	686.0	-0.7935222672064778	-802.0	32.0	-0.45546558704453444	0.1988071570576541	-44.0	-1.0029413797214675	55.0	-152.0	-0.4857084071990867	
1990.0	-9.702011970006208	1.2273744279507353	1990.0	0.32511773030473573	2898.0	0.0	52527.0	1602.996826171875	0.41250000000000003	686.0	-0.7935222672064778	-802.0	32.0	-0.45546558704453444	0.18351429882244993	-52.0	-0.9881764516927252	54.0	-151.0	-0.36280488865380006	
1991.0	-9.678084123319653	1.2392067156537252	1989.0	0.3135454617545767	2896.0	0.0	53167.0	1622.528076171875	0.41250000000000003	686.0	-0.7935222672064778	-802.0	32.0	-0.45546558704453444	0.3517357394096957	-83.0	-0.9535188183592062	51.0	-162.0	0.11322068108140718	
1989.0	-9.665818454975533	1.2752973595894583	1986.0	0.3384863168589013	2895.0	0.0	53807.0	1642.059326171875	0.4175	688.0	-0.7732793522267206	-792.0	32.0	-0.45546558704453444	0.474078605291329	-87.0	-1.1282135805972293	62.0	-170.0	0.17285166809152658	
1987.0	-9.713917953021992	1.2272523168484404	1990.0	0.361140806565785	2899.0	0.0	54447.0	1661.590576171875	0.4175	688.0	-0.7732793522267206	-792.0	32.0	-0.45546558704453444	0.41290717235051233	-53.0	-1.4281645814314896	82.0	-166.0	-0.3518602862930628	
1987.0	-9.749137453695603	1.2767308209160446	1986.0	0.361778181640401	2902.0	0.0	55087.0	1681.121826171875	0.4175	688.0	-0.7732793522267206	-792.0	32.0	-0.45546558704453444	0.18351429882244993	-52.0	-1.3573135112216592	78.0	-151.0	-0.3664962592490894	
1989.0	-9.725330305009384	1.2764933085853396	1986.0	0.3379151173384804	2900.0	0.0	55727.0	1700.653076171875	0.42	689.0	-0.7651821862348178	-788.0	35.0	-0.46153846153846156	-0.25997858999847073	-23.0	-1.2274611384517344	71.0	-122.0	-0.8101877616070124	
1989.0	-9.701525564995844	1.276014928986987	1986.0	0.33814359714664877	2898.0	0.0	56367.0	1720.184326171875	0.42	689.0	-0.7651821862348178	-788.0	35.0	-0.46153846153846156	0.030585716470408322	-56.0	-0.9211507947715127	50.0	-141.0	-0.3007566974520884	
1988.0	-9.760916717029358	1.2892806780165633	1985.0	0.3498631933779895	2903.0	0.0	57007.0	1739.715576171875	0.42	689.0	-0.7651821862348178	-788.0	35.0	-0.46153846153846156	0.10705000764642914	-43.0	-0.7222652365965845	37.0	-146.0	-0.4982461294259628	
1991.0	-9.748888831676899	1.301593022786377	1984.0	0.31408514081365735	2902.0	0.0	57647.0	1759.246826171875	0.42	689.0	-0.7651821862348178	-788.0	35.0	-0.46153846153846156	-0.18351429882244993	-49.0	-0.6346608493721044	32.0	-127.0	-0.4053031836049686	
1991.0	-9.725084091663359	1.3011146431880245	1984.0	0.31431362062182566	2900.0	0.0	58287.0	1778.778076171875	0.41500000000000004	687.0	-0.771255060728745	-791.0	44.0	-0.47975708502024295	-0.1529285823520416	-38.0	-0.5572928772018092	27.0	-129.0	-0.5733188241226396	
1990.0	-9.725085295999698	1.3009942095542009	1984.0	0.3263593926768702	2900.0	0.0	58927.0	1798.309326171875	0.41500000000000004	687.0	-0.771255060728745	-791.0	44.0	-0.47975708502024295	0.1529285823520416	-59.0	-0.3112758760169191	10.0	-149.0	-0.2486244972901677	
1990.0	-9.713182925992927	1.3007550197550246	1984.0	0.3264736325809543	2899.0	0.0	59567.0	1817.840576171875	0.41500000000000004	687.0	-0.771255060728745	-791.0	44.0	-0.47975708502024295	0.18351429882244993	-55.0	-0.11193622379240246	-3.0	-151.0	-0.3080090354004221	
1989.0	-9.713184130329264	1.300634586121201	1984.0	0.33851940463599883	2899.0	0.0	60207.0	1837.371826171875	0.405	683.0	-0.7793522267206477	-795.0	47.0	-0.4858299595141701	0.0764642911760208	-49.0	0.09321516589620377	-16.0	-144.0	-0.39802442345228556	
1990.0	-9.701280555986157	1.3005158299558484	1984.0	0.3265878724850385	2898.0	0.0	60847.0	1856.903076171875	0.405	683.0	-0.7793522267206477	-795.0	47.0	-0.4858299595141701	-0.5352500382321457	-60.0	0.023709303147689795	-10.0	-104.0	-0.2299301618403967	
1986.0	-9.65367589330443	1.2990773362238486	1984.0	0.37522792032155317	2894.0	0.0	61487.0	1876.434326171875	0.405	683.0	-0.7793522267206477	-795.0	47.0	-0.4858299595141701	-0.2752714482336749	-63.0	-0.26400188376946626	8.0	-121.0	-0.18677382273519355	
1985.0	-9.641896629970672	1.2865274791233299	1985.0	0.38714290858396466	2893.0	0.0	62127.0	1895.965576171875	0.405	683.0	-0.7793522267206477	-795.0	47.0	-0.4858299595141701	-0.4434928888209207	-73.0	-0.6279450534297099	32.0	-110.0	-0.03696841785054691	
1986.0	-9.654041600314454	1.2625066352212921	1987.0	0.37449284923140175	2894.0	0.0	62767.0	1915.496826171875	0.4225	690.0	-0.7834008097165992	-797.0	47.0	-0.4858299595141701	0.015292858235204161	-59.0	-0.7364309003238497	38.0	-140.0	-0.252876047533237	
1986.0	-9.653919697977779	1.274696868888811	1986.0	0.3747378729281189	2894.0	0.0	63407.0	1935.028076171875	0.4225	690.0	-0.7834008097165992	-797.0	47.0	-0.4858299595141701	-0.29056430646887904	-44.0	-0.6757542621964195	35.0	-120.0	-0.48243653602383624	
1988.0	-9.701526769332183	1.2758944953531635	1986.0	0.3501893692016932	2898.0	0.0	64047.0	1954.559326171875	0.4225	690.0	-0.7834008097165992	-797.0	47.0	-0.4858299595141701	-0.0764642911760208	-75.0	-0.781357985678526	41.0	-134.0	-0.00781357985678526	
1988.0	-9.74901434702259	1.289041488217387	1985.0	0.34997743328207365	2902.0	0.0	64687.0	1974.090576171875	0.4175	688.0	-0.7894736842105263	-800.0	48.0	-0.48785425101214575	-0.04587857470561248	-74.0	-0.7055243084445497	36.0	-136.0	-0.022399726742570403	
1988.0	-9.713307237002278	1.2883239188198585	1985.0	0.3503201529943262	2899.0	0.0	65327.0	1993.621826171875	0.4175	688.0	-0.7894736842105263	-800.0	48.0	-0.48785425101214575	0.1529285823520416	-64.0	-0.6042765289454847	29.0	-149.0	-0.1748320855288288	
1990.0	-9.701402458322832	1.2883255962883295	1985.0	0.32634284878832137	2898.0	0.0	431.0	2013.153076171875	0.4175	688.0	-0.7894736842105263	-800.0	48.0	-0.48785425101214575	0.33644288117449156	-51.0	-0.4865760969877265	21.0	-161.0	-0.373133368764875	
1989.0	-9.701281760322495	1.3003953963220247	1984.0	0.33863364454008305	2898.0	0.0	1071.0	2032.684326171875	0.43	693.0	-0.7854251012145749	-798.0	33.0	-0.4574898785425101	0.10705000764642914	-38.0	-0.38312245122690214	15.0	-146.0	-0.5715771198628906	
1988.0	-9.653795386968428	1.2871279698239773	1985.0	0.35089135251474707	2894.0	0.0	1711.0	2052.215576171875	0.43	693.0	-0.7854251012145749	-798.0	33.0	-0.4574898785425101	-0.030585716470408322	-48.0	-0.33300973524527844	12.0	-137.0	-0.4176311561218252	
1990.0	-9.70115865364948	1.3127060636233672	1983.0	0.3268328961817556	2898.0	0.0	2351.0	2071.746826171875	0.43	693.0	-0.7854251012145749	-798.0	33.0	-0.4574898785425101	0.04587857470561248	-46.0	-0.5664718042840572	27.0	-142.0	-0.45065474412846285	
1988.0	-9.665332049965171	1.32393786062571	1982.0	0.3515121837008142	2895.0	0.0	2991.0	2091.278076171875	0.43	693.0	-0.7854251012145749	-798.0	33.0	-0.4574898785425101	-0.09175714941122497	-44.0	-0.5606600668199676	27.0	-133.0	-0.48128559407007176	
1990.0	-9.6535491736224	1.3117493044266622	1983.0	0.32728985579809233	2894.0	0.0	3631.0	2110.809326171875	0.425	691.0	-0.7834008097165992	-797.0	33.0	-0.4574898785425101	0.25997858999847073	-49.0	-0.6831602127581766	34.0	-156.0	-0.4057881772388293	
1988.0	-9.677234419971942	1.3241770504248862	1982.0	0.35139794379673006	2896.0	0.0	4271.0	2130.340576171875	0.425	691.0	-0.7834008097165992	-797.0	33.0	-0.4574898785425101	0.45878574705612485	-64.0	-0.9702659409425483	52.0	-169.0	-0.17849197964879945	
1989.0	-9.677233215635603	1.3242974840587098	1982.0	0.3393521717416856	2896.0	0.0	4911.0	2149.871826171875	0.425	691.0	-0.7834008097165992	-797.0	33.0	-0.4574898785425101	0.6117143294081664	-59.0	-1.0678995899975399	58.0	-179.0	-0.2561907344299739	
1991.0	-9.712694112309887	1.3496363880589235	1980.0	0.3154079553127784	2899.0	0.0	5551.0	2169.403076171875	0.41000000000000003	685.0	-0.771255060728745	-791.0	34.0	-0.45951417004048584	1.2234286588163328	-62.0	-1.4312016429436287	80.0	-219.0	-0.21379030398506005	
1988.0	-9.724965802335698	1.3129435759540722	1983.0	0.35069596048367624	2900.0	0.0	6191.0	2188.934326171875	0.41000000000000003	685.0	-0.771255060728745	-791.0	34.0	-0.45951417004048584	0.7187643370545955	-86.0	-0.8148516746412481	41.0	-186.0	0.1606408034929615	
1990.0	-9.701280555986157	1.3005158299558484	1984.0	0.3265878724850385	2898.0	0.0	6831.0	2208.465576171875	0.41000000000000003	685.0	-0.771255060728745	-791.0	34.0	-0.45951417004048584	0.1529285823520416	-89.0	-0.9003457717466878	48.0	-149.0	0.2058193134962818	
1989.0	-9.665330845628832	1.3240582942595336	1982.0	0.3394664116457698	2895.0	0.0	7471.0	2227.996826171875	0.41000000000000003	685.0	-0.771255060728745	-791.0	34.0	-0.45951417004048584	0.16822144058724578	-104.0	-0.903258867315258	48.0	-150.0	0.4359574374124697	
1988.0	-9.701404866995508	1.288084729020682	1985.0	0.35043439289841033	2898.0	0.0	8111.0	2247.528076171875	0.425	691.0	-0.7753036437246964	-793.0	32.0	-0.45546558704453444	0.6728857623489831	-83.0	-1.1047899321284833	60.0	-183.0	0.1117079699437144	
1989.0	-9.70140366265917	1.288205162654506	1985.0	0.3383886208433659	2898.0	0.0	8751.0	2267.059326171875	0.425	691.0	-0.7753036437246964	-793.0	32.0	-0.45546558704453444	-0.015292858235204161	-85.0	-1.1698566636138514	66.0	-138.0	0.14174626994511055	
1991.0	-9.653669871622737	1.299679504392967	1984.0	0.3149990600463307	2894.0	0.0	9391.0	2286.590576171875	0.425	691.0	-0.7753036437246964	-793.0	32.0	-0.45546558704453444	-0.04587857470561248	-92.0	-1.215849496182208	69.0	-136.0	0.24869772722630135	
1990.0	-9.689378185979386	1.300276640156672	1984.0	0.3267021123891227	2897.0	0.0	10031.0	2306.121826171875	0.4175	688.0	-0.7753036437246964	-793.0	49.0	-0.4898785425101215	0.24468573176326658	-89.0	-1.3808177259561116	79.0	-155.0	0.20101459395418758	
1990.0	-9.713182925992927	1.3007550197550246	1984.0	0.3264736325809543	2899.0	0.0	10671.0	2325.653076171875	0.4175	688.0	-0.7753036437246964	-793.0	49.0	-0.4898785425101215	0.474078605291329	-89.0	-1.420753945044899	81.0	-170.0	0.2006152317632997	
1992.0	-9.665327232619818	1.3244195951610045	1982.0	0.3033290954806363	2895.0	0.0	11311.0	2345.184326171875	0.4175	688.0	-0.7753036437246964	-793.0	49.0	-0.4898785425101215	0.030585716470408322	-87.0	-1.602658384877147	94.0	-141.0	0.1681072200487274	
1991.0	-9.68925507930637	1.3125873074580146	1983.0	0.3149013640307953	2897.0	0.0	11951.0	2364.715576171875	0.425	691.0	-0.7692307692307693	-790.0	24.0	-0.4392712550607287	0.1529285823520416	-90.0	-1.6695347419255988	98.0	-149.0	0.2134719074526176	
1992.0	-9.713058614983574	1.3131861206901907	1983.0	0.3026271121675825	2899.0	0.0	12591.0	2384.246826171875	0.425	691.0	-0.7692307692307693	-790.0	24.0	-0.4392712550607287	0.1988071570576541	-98.0	-1.5495514508572847	90.0	-152.0	0.33742760962830004	
1992.0	-9.68937577730671	1.3005175074243194	1984.0	0.30261056827903376	2897.0	0.0	13231.0	2403.778076171875	0.425	691.0	-0.7692307692307693	-790.0	24.0	-0.4392712550607287	0.24468573176326658	-114.0	-1.6922676795710203	99.0	-155.0	0.5815121858711612	
1994.0	-9.689251466297357	1.3129486083594857	1983.0	0.2787640478656619	2897.0	0.0	13871.0	2423.309326171875	0.425	691.0	-0.7692307692307693	-790.0	24.0	-0.4392712550607287	0.382321455880104	-102.0	-1.6344085608694412	95.0	-164.0	0.397956973160678	
1992.0	-9.701643854323505	1.2641859962209392	1987.0	0.30176125728479813	2898.0	0.0	14511.0	2442.840576171875	0.4175	688.0	-0.7732793522267206	-792.0	32.0	-0.45546558704453444	0.36702859764489987	-105.0	-1.7265414610684786	101.0	-163.0	0.4430690951330624	
1993.0	-9.713788824667287	1.2401651523189012	1989.0	0.2891111979322352	2899.0	0.0	15151.0	2462.371826171875	0.4175	688.0	-0.7732793522267206	-792.0	32.0	-0.45546558704453444	0.565835754702554	-82.0	-1.730964073848138	101.0	-176.0	0.09010174486839295	
1991.0	-9.689864590989748	1.2516361391204205	1988.0	0.3136762455472097	2897.0	0.0	15791.0	2481.903076171875	0.4175	688.0	-0.7732793522267206	-792.0	32.0	-0.45546558704453444	0.3517357394096957	-84.0	-1.8611341858614674	110.0	-162.0	0.11948901106450949	
1989.0	-9.665940357312207	1.2631071259219395	1987.0	0.33824129316218415	2895.0	0.0	16431.0	2501.434326171875	0.4175	688.0	-0.7874493927125507	-799.0	41.0	-0.4736842105263158	0.36702859764489987	-76.0	-1.460619921920159	84.0	-163.0	7.382844389233149E-4	
1984.0	-9.630361171310266	1.2495971546877735	1988.0	0.39856784945294194	2892.0	0.0	17071.0	2520.965576171875	0.4175	688.0	-0.7874493927125507	-799.0	41.0	-0.4736842105263158	0.0764642911760208	-64.0	-1.893197971476295	113.0	-144.0	-0.18772129995413692	
1993.0	-9.64225270228999	1.250920247191363	1988.0	0.2900416610534574	2893.0	0.0	17711.0	2540.496826171875	0.4175	688.0	-0.7874493927125507	-799.0	41.0	-0.4736842105263158	0.18351429882244993	-30.0	-1.9384050732825697	116.0	-151.0	-0.7098858153484465	
1994.0	-9.665934335630517	1.263709294091058	1987.0	0.2780124328869617	2895.0	0.0	18351.0	2560.028076171875	0.4175	688.0	-0.7874493927125507	-799.0	41.0	-0.4736842105263158	0.3211500229392874	-8.0	-2.3250522732421337	141.0	-160.0	-1.0513309278267902	
1991.0	-9.713303623993262	1.2886852197213294	1985.0	0.31418283682919274	2899.0	0.0	18991.0	2579.559326171875	0.42	689.0	-0.7692307692307693	-790.0	40.0	-0.4716599190283401	0.3058571647040832	-55.0	-3.10068734696402	191.0	-159.0	-0.3378965466321383	
1991.0	-9.761156908693692	1.2652615115829968	1987.0	0.3132358298194218	2903.0	0.0	19631.0	2599.090576171875	0.42	689.0	-0.7692307692307693	-790.0	40.0	-0.4716599190283401	0.5505428964673498	-18.0	-3.0894161955114026	190.0	-175.0	-0.9055297304682336	
1984.0	-9.82018957973521	1.3143753598121874	1983.0	0.39796512947118073	2908.0	0.0	20271.0	2618.621826171875	0.42	689.0	-0.7692307692307693	-790.0	40.0	-0.4716599190283401	1.3916500994035788	10.0	-2.872669720695467	174.0	-230.0	-1.3330078081475716	
1996.0	-9.797101801705663	1.2422007818146061	1989.0	0.2521742024385126	2906.0	0.0	20911.0	2638.153076171875	0.4175	688.0	-0.7732793522267206	-792.0	48.0	-0.48785425101214575	0.6575929041137789	6.0	-2.2902184975001894	138.0	-182.0	-1.2658053612831193	
2010.0	-9.679645971306005	1.0830219170186304	2002.0	0.08149048465140894	2896.0	0.0	21551.0	2657.684326171875	0.4175	688.0	-0.7732793522267206	-792.0	48.0	-0.48785425101214575	-0.7952286282306164	1.0	-1.602269451017703	97.0	-87.0	-1.1822034525276701	
2006.0	-9.643456069284346	1.1305835477558823	1998.0	0.1309963873707079	2893.0	0.0	22191.0	2677.215576171875	0.4175	688.0	-0.7732793522267206	-792.0	48.0	-0.48785425101214575	-0.45878574705612485	-67.0	-2.0106767965373296	122.0	-109.0	-0.14286263723037254	
1998.0	-9.785684632372918	1.193441524613002	1993.0	0.22721680344563927	2905.0	0.0	22831.0	2696.746826171875	0.4175	688.0	-0.7732793522267206	-792.0	50.0	-0.49190283400809715	0.6881786205841872	3.0	-3.0763183438082535	189.0	-184.0	-1.2276329087718254	
2010.0	-9.83303585569059	1.2202239547506286	1991.0	0.08270062656220306	2909.0	0.0	23471.0	2716.278076171875	0.4175	688.0	-0.7732793522267206	-792.0	50.0	-0.49190283400809715	-0.061171432940816645	88.0	-3.064067253436458	191.0	-135.0	-2.5317915088087237	
2012.0	-9.809228707004372	1.2199864424199236	1991.0	0.058837562260282444	2907.0	0.0	24111.0	2735.809326171875	0.4175	688.0	-0.7732793522267206	-792.0	50.0	-0.49190283400809715	0.061171432940816645	65.0	-2.5649259002504414	158.0	-143.0	-2.1738769711399915	
2008.0	-9.8681358627002	1.2816518252181044	1986.0	0.10767456944362513	2912.0	0.0	24751.0	2755.340576171875	0.4175	688.0	-0.7732793522267206	-792.0	50.0	-0.49190283400809715	0.7799357699954123	1.0	-2.111310340516616	126.0	-190.0	-1.1872938614226591	
2006.0	-9.844089726685986	1.3053130456871422	1984.0	0.13248464075531668	2910.0	0.0	25391.0	2774.871826171875	0.42	689.0	-0.7834008097165992	-797.0	47.0	-0.4858299595141701	0.6270071876433706	-27.0	-1.3558350048258174	77.0	-180.0	-0.7500935656382537	
2001.0	-9.7249501459633	1.3145092131937801	1983.0	0.19410092376809804	2900.0	0.0	26031.0	2794.403076171875	0.42	689.0	-0.7834008097165992	-797.0	47.0	-0.4858299595141701	1.0705000764642914	-5.0	-1.216390389587521	67.0	-209.0	-1.0862777599646187	
1995.0	-9.820298234372165	1.3035098961167293	1984.0	0.2652166131689744	2908.0	0.0	26671.0	2813.934326171875	0.42	689.0	-0.7834008097165992	-797.0	47.0	-0.4858299595141701	3.9149717082122653	14.0	-1.358004139356993	69.0	-395.0	-1.3792390869666864	
1994.0	-9.86754321172556	1.340916922682167	1981.0	0.27754049669783354	2912.0	0.0	27311.0	2833.465576171875	0.41500000000000004	687.0	-0.7813765182186235	-796.0	41.0	-0.4736842105263158	5.0466432176173734	5.0	-1.2816016524328255	61.0	-469.0	-1.2403747091743207	
1991.0	-9.951229121791991	1.305659249372373	1984.0	0.3121430624442263	2919.0	0.0	27951.0	2852.996826171875	0.41500000000000004	687.0	-0.7813765182186235	-796.0	41.0	-0.4736842105263158	5.214864658204619	-22.0	-0.6772440010176725	21.0	-480.0	-0.8200300738907967	
1991.0	-9.96313149179876	1.3058984391715494	1984.0	0.3120288225401422	2920.0	0.0	28591.0	2872.528076171875	0.41500000000000004	687.0	-0.7813765182186235	-796.0	41.0	-0.4736842105263158	5.168986083499006	-86.0	0.20685269807708603	-37.0	-477.0	0.17085784722014483	
1989.0	-10.022645750505287	1.3068535208997831	1984.0	0.3355491671298102	2925.0	0.0	29231.0	2892.059326171875	0.41500000000000004	687.0	-0.7813765182186235	-796.0	41.0	-0.4736842105263158	7.01942192995871	-158.0	1.1984454986398785	-107.0	-598.0	1.285576598610766	
1984.0	-10.106455971581072	1.2591647466548233	1988.0	0.39399825328957483	2932.0	0.0	29871.0	2911.590576171875	0.4175	688.0	-0.7874493927125507	-799.0	42.0	-0.4757085020242915	8.135800581128613	-172.0	1.8745402129944964	-154.0	-671.0	1.5071603169680607	
1973.0	-10.319980465382603	1.335286795073048	1982.0	0.5259155698018518	2950.0	0.0	30511.0	2931.121826171875	0.4175	688.0	-0.7874493927125507	-799.0	42.0	-0.4757085020242915	8.059336289952594	-223.0	2.392717742305719	-188.0	-666.0	2.2949107588255435	
1964.0	-10.509819712834593	1.3989810974930492	1977.0	0.6337247983154909	2966.0	0.0	31151.0	2950.653076171875	0.4175	688.0	-0.7874493927125507	-799.0	42.0	-0.4757085020242915	6.163021868787277	-216.0	2.946438776333393	-219.0	-542.0	2.1930365835589454	
1951.0	-10.759785139349164	1.4024384460360424	1977.0	0.7879207970453015	2987.0	0.0	31791.0	2970.184326171875	0.405	683.0	-0.7894736842105263	-800.0	34.0	-0.45951417004048584	4.756078911148494	-204.0	3.8504911161072246	-274.0	-450.0	2.017943303059185	
1945.0	-10.938571720142095	1.3809232238857063	1979.0	0.8579917834208715	3002.0	0.0	32431.0	2989.715576171875	0.405	683.0	-0.7894736842105263	-800.0	34.0	-0.45951417004048584	1.7739715552836828	-218.0	4.275229686468383	-294.0	-255.0	2.237013459976545	
1920.0	-11.1739673772791	1.6508813197090537	1957.0	1.162241808043077	3022.0	0.0	33071.0	3009.246826171875	0.405	683.0	-0.7894736842105263	-800.0	34.0	-0.45951417004048584	-1.8504358464597035	-170.0	5.150449510296622	-341.0	-18.0	1.5092304426248322	
1969.0	-11.186542148825348	1.5838803555604772	1963.0	0.5704145952615103	3023.0	0.0	33711.0	3028.778076171875	0.4175	688.0	-0.7793522267206477	-795.0	26.0	-0.4433198380566802	-3.700871692919407	-20.0	6.708641494498538	-436.0	103.0	-0.7768601862518845	
1947.0	-11.078472095470456	1.6765999767639208	1955.0	0.8384099291829834	3014.0	0.0	34351.0	3048.309326171875	0.4175	688.0	-0.7793522267206477	-795.0	26.0	-0.4433198380566802	-7.233521945251568	-97.0	9.20674876970474	-590.0	334.0	0.4296461281757953	
1956.0	-10.86519381501495	1.5758565937430107	1963.0	0.7300941093873613	2996.0	0.0	34991.0	3067.840576171875	0.4175	688.0	-0.7793522267206477	-795.0	26.0	-0.4433198380566802	-3.226793087628078	-216.0	10.474024347458828	-684.0	72.0	2.2683124392702	
1959.0	-10.972921043750244	1.5174194344994738	1968.0	0.6917035156018846	3005.0	0.0	35631.0	3087.371826171875	0.4175	688.0	-0.7793522267206477	-795.0	26.0	-0.4433198380566802	4.541978895855636	-251.0	10.696259386302795	-719.0	-436.0	2.8075917176930116	
1961.0	-11.105429435528816	1.3618183518803149	1981.0	0.663170024489547	3016.0	0.0	36271.0	3106.903076171875	0.4175	688.0	-0.7874493927125507	-799.0	26.0	-0.4433198380566802	9.527450680532192	-371.0	12.477941321354782	-849.0	-762.0	4.66674657601852	
1957.0	-11.070336654537234	1.2996678796098975	1986.0	0.7104707139383918	3013.0	0.0	36911.0	3126.434326171875	0.4175	688.0	-0.7874493927125507	-799.0	26.0	-0.4433198380566802	5.153693225263802	-414.0	15.353281761271036	-1025.0	-476.0	5.355312777717053	
1956.0	-10.939899398145801	1.2481554235150596	1990.0	0.7227930301514938	3002.0	0.0	37551.0	3145.965576171875	0.4175	688.0	-0.7874493927125507	-799.0	26.0	-0.4433198380566802	-0.7952286282306164	-439.0	18.432810605297465	-1210.0	-87.0	5.76972015761044	
1959.0	-10.642214632630859	1.2547272131046432	1989.0	0.6897567352851819	2977.0	0.0	38191.0	3165.496826171875	0.4175	688.0	-0.805668016194332	-808.0	11.0	-0.41295546558704455	-8.30402202171586	-420.0	21.95061602930999	-1419.0	404.0	5.513353022346193	
1950.0	-10.260130608074506	1.3678915735017787	1979.0	0.8042745976784471	2945.0	0.0	38831.0	3185.028076171875	0.4175	688.0	-0.805668016194332	-808.0	11.0	-0.41295546558704455	-12.861293775806699	-407.0	24.96493404534838	-1603.0	702.0	5.344017914950952	
1951.0	-10.095202856356838	1.1940000786018714	1993.0	0.7903978525265413	2931.0	0.0	39471.0	3204.559326171875	0.4175	688.0	-0.805668016194332	-808.0	11.0	-0.41295546558704455	-8.181679155834226	-318.0	26.652489410527913	-1724.0	396.0	3.9952344230296313	
1945.0	-10.156184760448822	1.0481906217845844	2005.0	0.8591610009757817	2936.0	0.0	40111.0	3224.090576171875	0.4175	688.0	-0.805668016194332	-808.0	11.0	-0.41295546558704455	-1.498700107050008	-404.0	27.57169748483651	-1802.0	-41.0	5.3240520983714585	
1934.0	-10.09619854876799	1.094430837486718	2001.0	0.9932157878885605	2931.0	0.0	40751.0	3243.621826171875	0.4375	696.0	-0.7995951417004049	-805.0	-2.0	-0.3866396761133603	-0.36702859764489987	-393.0	28.020305621162247	-1834.0	-115.0	5.159748859495342	
1927.0	-9.893500981997239	1.1260922764665127	1998.0	1.0802133417334543	2914.0	0.0	41391.0	3263.153076171875	0.4375	696.0	-0.7995951417004049	-805.0	-2.0	-0.3866396761133603	-2.966814497629607	-431.0	29.441197468278514	-1920.0	55.0	5.757048156975252	
1924.0	-9.95313834737678	1.114736690893404	1999.0	1.1155344346814495	2919.0	0.0	42031.0	3282.684326171875	0.4375	696.0	-0.7995951417004049	-805.0	-2.0	-0.3866396761133603	-2.6150787582199118	-296.0	29.21713176493913	-1905.0	32.0	3.683302206094995	
1921.0	-10.036214745759835	1.1404301859212045	1997.0	1.151362118911428	2926.0	0.0	42671.0	3302.215576171875	0.4425	698.0	-0.8218623481781376	-816.0	-19.0	-0.3522267206477733	-4.37375745526839	-207.0	29.793309849781494	-1937.0	147.0	2.323404941370303	
1913.0	-9.846152167352246	1.0990689790612385	2000.0	1.2488210627269793	2910.0	0.0	43311.0	3321.746826171875	0.4425	698.0	-0.8218623481781376	-816.0	-19.0	-0.3522267206477733	-7.9217005658357555	-136.0	30.638238864515397	-1982.0	379.0	1.2423958917907731	
1904.0	-9.749846925295051	1.2057836609710848	1991.0	1.3603521437255073	2902.0	0.0	43951.0	3341.278076171875	0.4425	698.0	-0.8218623481781376	-816.0	-19.0	-0.3522267206477733	-11.775500841107204	-126.0	32.76264074095715	-2110.0	631.0	1.1101950739739417	
1894.0	-9.725200912288168	1.2894325807071276	1984.0	1.4827535099611402	2900.0	0.0	44591.0	3360.809326171875	0.4625	706.0	-0.8137651821862348	-812.0	-26.0	-0.33805668016194335	-13.289493806392416	-97.0	34.24266925437848	-2202.0	730.0	0.6800053330225326	
1887.0	-9.702014114312371	1.227159997334415	1989.0	1.5660772756710344	2898.0	0.0	45231.0	3380.340576171875	0.4625	706.0	-0.8137651821862348	-812.0	-26.0	-0.33805668016194335	-12.157822296987309	-13.0	34.410244238278935	-2215.0	656.0	-0.6072555444209548	
1876.0	-9.606198890274555	1.2848728773065388	1984.0	1.7007198059927826	2890.0	0.0	45871.0	3399.871826171875	0.4625	706.0	-0.8137651821862348	-812.0	-26.0	-0.33805668016194335	-14.375286741091912	17.0	33.457648496549226	-2147.0	801.0	-1.077116011581999	
1873.0	-9.45086218151218	1.3423532773533706	1979.0	1.7395673593945962	2877.0	0.0	46511.0	3419.403076171875	0.4625	706.0	-0.8137651821862348	-812.0	-26.0	-0.33805668016194335	-18.871387062241936	54.0	33.089445828763175	-2111.0	1095.0	-1.6485439336104812	
1861.0	-9.426096674841297	1.4379515634892848	1971.0	1.8863052934370352	2875.0	0.0	47151.0	3438.934326171875	0.47500000000000003	711.0	-0.8137651821862348	-812.0	-38.0	-0.31376518218623484	-19.77366569811898	56.0	32.033809756658755	-2040.0	1154.0	-1.6897892616477748	
1852.0	-9.402180871518127	1.448579514854038	1970.0	1.995190745437321	2873.0	0.0	47791.0	3458.465576171875	0.47500000000000003	711.0	-0.8137651821862348	-812.0	-38.0	-0.31376518218623484	-17.18917265636948	132.0	29.8195629211519	-1902.0	985.0	-2.878112488020337	
1842.0	-9.270047821440286	1.5666464274000511	1960.0	2.119355341899863	2862.0	0.0	48431.0	3477.996826171875	0.47500000000000003	711.0	-0.8137651821862348	-812.0	-38.0	-0.31376518218623484	-15.751643982260285	191.0	28.971322901538866	-1850.0	891.0	-3.7919194240458367	
1838.0	-9.376320652489843	1.6536490367299743	1953.0	2.168225436860303	2871.0	0.0	49071.0	3497.528076171875	0.4875	716.0	-0.8421052631578947	-826.0	-40.0	-0.3097165991902834	-14.008258143447012	247.0	28.00272455446716	-1791.0	777.0	-4.660896492371548	
1820.0	-9.672560655009757	1.7915535466432615	1942.0	2.3848885969128877	2896.0	0.0	49711.0	3517.059326171875	0.4875	716.0	-0.8421052631578947	-826.0	-40.0	-0.3097165991902834	-16.86802263343019	267.0	26.99738039662445	-1718.0	964.0	-4.977839607112473	
1816.0	-9.955174794100714	2.1015682089761674	1917.0	2.436455519852974	2920.0	0.0	50351.0	3536.590576171875	0.4875	716.0	-0.8421052631578947	-826.0	-40.0	-0.3097165991902834	-20.446551460467962	320.0	25.948943556715378	-1640.0	1198.0	-5.8015816093921835	
1814.0	-9.740690737978179	2.1214023926583856	1915.0	2.463093429630012	2902.0	0.0	50991.0	3556.121826171875	0.4875	716.0	-0.8421052631578947	-826.0	-40.0	-0.3097165991902834	-21.715858693989908	264.0	26.944722788141352	-1702.0	1281.0	-4.932332732222929	
1806.0	-9.834334602346267	2.280825479658951	1902.0	2.5617309948950173	2910.0	0.0	51631.0	3575.653076171875	0.5175	728.0	-0.8441295546558705	-827.0	-61.0	-0.26720647773279355	-22.75577305398379	161.0	28.877720106355	-1826.0	1349.0	-3.332520942253928	
1790.0	-9.892280991384753	2.438567528191398	1889.0	2.757077456312631	2915.0	0.0	52271.0	3595.184326171875	0.5175	728.0	-0.8441295546558705	-827.0	-61.0	-0.26720647773279355	-24.025080287505737	103.0	31.2113143195861	-1975.0	1432.0	-2.419204947950372	
1781.0	-9.91524325406861	2.523293640757969	1882.0	2.8669760908768827	2917.0	0.0	52911.0	3614.715576171875	0.5175	728.0	-0.8441295546558705	-827.0	-61.0	-0.26720647773279355	-26.150787582199115	62.0	32.412835389556456	-2048.0	1571.0	-1.7780659072675475	
1777.0	-9.855126709696735	2.5825671255643874	1877.0	2.916955497101067	2912.0	0.0	53551.0	3634.246826171875	0.545	739.0	-0.8016194331983806	-806.0	-70.0	-0.24898785425101214	-29.698730692766482	-100.0	33.606533102616766	-2118.0	1803.0	0.7196774224792903	
1775.0	-9.55598513782338	2.734819550995079	1864.0	2.9470883468705833	2887.0	0.0	54191.0	3653.778076171875	0.545	739.0	-0.8016194331983806	-806.0	-70.0	-0.24898785425101214	-26.701330478666467	-193.0	34.22603496941859	-2167.0	1607.0	2.1529094213529247	
1767.0	-9.414507258136275	2.5968932339916675	1875.0	3.042130141496061	2875.0	0.0	54831.0	3673.309326171875	0.545	739.0	-0.8016194331983806	-806.0	-70.0	-0.24898785425101214	-20.155987153999085	-398.0	34.11736289875725	-2179.0	1179.0	5.297441850561917	
1748.0	-9.497968632910766	2.5840890898757323	1876.0	3.2699551075165996	2882.0	0.0	55471.0	3692.840576171875	0.5775	752.0	-0.8097165991902834	-810.0	-95.0	-0.19838056680161945	-19.054901361064385	-597.0	34.38116703961142	-2201.0	1107.0	8.353632139937314	
1749.0	-9.557601180944953	2.5732152388379186	1877.0	3.257093112244417	2887.0	0.0	56111.0	3712.371826171875	0.5775	752.0	-0.8097165991902834	-810.0	-95.0	-0.19838056680161945	-24.30035173573941	-637.0	34.90782182223743	-2222.0	1450.0	8.97267803408857	
1749.0	-9.448895120507245	2.729535568323077	1864.0	3.261306579438497	2878.0	0.0	56751.0	3731.903076171875	0.5775	752.0	-0.8097165991902834	-810.0	-95.0	-0.19838056680161945	-29.285823520415967	-826.0	36.49324797429584	-2314.0	1776.0	11.888639706994763	
1739.0	-9.270737320779102	2.68817268399464	1867.0	3.3827428274600537	2863.0	0.0	57391.0	3751.434326171875	0.5775	752.0	-0.8097165991902834	-810.0	-95.0	-0.19838056680161945	-28.827037773359844	-1083.0	37.973538080880246	-2414.0	1746.0	15.846974908198707	
1730.0	-9.00877411732053	2.6940168393758683	1866.0	3.4939130775420226	2841.0	0.0	58031.0	3770.965576171875	0.6075	764.0	-0.771255060728745	-791.0	-131.0	-0.12550607287449392	-24.00978742927053	-1240.0	39.356372828316516	-2518.0	1431.0	18.269887189998677	
1716.0	-8.698597943833187	2.7592532357288673	1860.0	3.6669942659991372	2815.0	0.0	58671.0	3790.496826171875	0.6075	764.0	-0.771255060728745	-791.0	-131.0	-0.12550607287449392	-15.537543966967428	-1112.0	38.698780312693046	-2496.0	877.0	16.299217356602455	
1705.0	-8.900220067627949	2.8351360943479165	1854.0	3.799025822415498	2832.0	0.0	59311.0	3810.028076171875	0.6075	764.0	-0.771255060728745	-791.0	-131.0	-0.12550607287449392	-7.524086251720448	-901.0	38.05689132915006	-2473.0	353.0	13.055112414902672	
1691.0	-8.91250500535348	2.7971185122710045	1857.0	3.9668173201918853	2833.0	0.0	59951.0	3829.559326171875	0.6225	770.0	-0.7631578947368421	-787.0	-148.0	-0.09109311740890688	-10.506193607585258	-925.0	38.32628849643785	-2483.0	548.0	13.42607399437055	
1683.0	-8.626613955208354	2.8147949553552225	1855.0	4.066415301723695	2809.0	0.0	60591.0	3849.090576171875	0.6225	770.0	-0.7631578947368421	-787.0	-148.0	-0.09109311740890688	-12.907172350512312	-854.0	38.26402371829735	-2472.0	705.0	12.335993006862275	
1671.0	-8.423556703109268	2.882424927168455	1849.0	4.214376786933963	2792.0	0.0	61231.0	3868.621826171875	0.6225	770.0	-0.7631578947368421	-787.0	-148.0	-0.09109311740890688	-13.794158128154153	-942.0	37.839957192777604	-2443.0	763.0	13.68206690352207	
1660.0	-8.411667580802218	2.8808609673972185	1849.0	4.346994519443536	2791.0	0.0	61871.0	3888.153076171875	0.6225	770.0	-0.7631578947368421	-787.0	-156.0	-0.07489878542510121	-12.004893714635266	-959.0	36.75065855748256	-2377.0	646.0	13.932030139357241	
1666.0	-8.317172808750078	2.806528648801638	1855.0	4.27416366416564	2783.0	0.0	62511.0	3907.684326171875	0.63	773.0	-0.757085020242915	-784.0	-156.0	-0.07489878542510121	-11.31671509405108	-951.0	36.78588444430231	-2381.0	601.0	13.80962652896044	
1657.0	-8.459768283185014	2.832695491022377	1853.0	4.381694781205465	2795.0	0.0	63151.0	3927.215576171875	0.63	773.0	-0.757085020242915	-784.0	-156.0	-0.07489878542510121	-12.800122342865883	-1023.0	36.018990204551315	-2328.0	698.0	14.906760409947923	
1650.0	-8.257558325760966	2.815595995332097	1854.0	4.46771224026349	2778.0	0.0	63791.0	3946.746826171875	0.63	773.0	-0.757085020242915	-784.0	-156.0	-0.07489878542510121	-16.118672579905187	-982.0	35.95806030981996	-2315.0	915.0	14.277027281017489	
1651.0	-8.151045303047072	2.75261255243574	1859.0	4.455469508861618	2769.0	0.0	64431.0	3966.278076171875	0.6525	782.0	-0.728744939271255	-770.0	-204.0	0.022267206477732795	-17.066829790487844	-1006.0	36.099965473842424	-2322.0	977.0	14.646713940452713	
1643.0	-7.8559337343020275	2.5018646650353675	1879.0	4.549791208969735	2744.0	0.0	65071.0	3985.809326171875	0.6525	782.0	-0.728744939271255	-770.0	-204.0	0.022267206477732795	-14.252943875210278	-1125.0	38.06093985257131	-2458.0	793.0	16.492317239556865	
1631.0	-8.105288444796882	2.5663936155497784	1874.0	4.693166554128086	2765.0	0.0	175.0	4005.340576171875	0.6525	782.0	-0.728744939271255	-770.0	-204.0	0.022267206477732795	-15.216393944028141	-1144.0	39.696152766155464	-2562.0	856.0	16.800214558197077	
1624.0	-7.9613713140399325	2.6723924055305672	1865.0	4.781063050632863	2753.0	0.0	815.0	4024.871826171875	0.67	789.0	-0.708502024291498	-760.0	-219.0	0.05263157894736842	-19.085487077534793	-1183.0	42.09050104522005	-2708.0	1109.0	17.422592903654593	
1606.0	-7.698931340261702	2.725913592877458	1860.0	5.001625343997101	2731.0	0.0	1455.0	4044.403076171875	0.67	789.0	-0.708502024291498	-760.0	-219.0	0.05263157894736842	-18.030279859305708	-1191.0	44.400318295445615	-2861.0	1040.0	17.56844694542185	
1599.0	-7.721525487262857	2.8474512737142335	1850.0	5.088167505541414	2733.0	0.0	2095.0	4063.934326171875	0.67	789.0	-0.708502024291498	-760.0	-219.0	0.05263157894736842	-15.996329714023553	-1064.0	43.8924133567152	-2832.0	907.0	15.614618471452683	
1587.0	-7.519931063203875	2.7687984415172395	1856.0	5.2331887063910765	2716.0	0.0	2735.0	4083.465576171875	0.67	789.0	-0.708502024291498	-760.0	-219.0	0.05263157894736842	-18.917265636947548	-1126.0	45.58393969626323	-2935.0	1098.0	16.582891721651908	
1576.0	-7.294043085448314	2.738548598025793	1858.0	5.3673727097807316	2697.0	0.0	3375.0	4102.996826171875	0.6825	794.0	-0.6740890688259109	-743.0	-254.0	0.12348178137651822	-19.29958709282765	-1113.0	46.23183475214466	-2976.0	1123.0	16.3898923846551	
1559.0	-7.197869380418501	2.8321095771975315	1850.0	5.575024943522898	2689.0	0.0	4015.0	4122.528076171875	0.6825	794.0	-0.6740890688259109	-743.0	-254.0	0.12348178137651822	-19.62073711576694	-1124.0	45.98151966032764	-2959.0	1144.0	16.556178553976302	
1553.0	-6.994682999964712	2.912652384481225	1843.0	5.650956820099616	2672.0	0.0	4655.0	4142.059326171875	0.6825	794.0	-0.6740890688259109	-743.0	-254.0	0.12348178137651822	-18.106744150481727	-1029.0	46.02782606385982	-2965.0	1045.0	15.09891567048976	
1539.0	-6.912358489319458	2.811770115673309	1851.0	5.8184371186250905	2665.0	0.0	5295.0	4161.590576171875	0.6950000000000001	799.0	-0.6578947368421053	-735.0	-255.0	0.12550607287449392	-16.562165468726107	-1125.0	45.1361421897715	-2912.0	944.0	16.563069262928867	
1526.0	-6.851155662944551	2.9796718007829837	1837.0	5.9790336866151295	2660.0	0.0	5935.0	4181.121826171875	0.6950000000000001	799.0	-0.6578947368421053	-735.0	-255.0	0.12550607287449392	-16.623336901666924	-1022.0	43.86241233192068	-2828.0	948.0	14.969850147563493	
1518.0	-6.768336316934567	2.9282730684480853	1841.0	6.075219447597207	2653.0	0.0	6575.0	4200.653076171875	0.6950000000000001	799.0	-0.6578947368421053	-735.0	-255.0	0.12550607287449392	-14.55880103991436	-1036.0	43.008655601172165	-2778.0	813.0	15.176135351469757	
1505.0	-6.660011619879281	3.0464570596909795	1831.0	6.235292880416712	2644.0	0.0	7215.0	4220.184326171875	0.7000000000000001	801.0	-0.6133603238866396	-713.0	-301.0	0.21862348178137653	-13.442422388744458	-981.0	42.0803623151483	-2720.0	740.0	14.322905817412648	
1488.0	-6.826177664345112	3.09651927977452	1827.0	6.439451741482159	2658.0	0.0	7855.0	4239.715576171875	0.7000000000000001	801.0	-0.6133603238866396	-713.0	-301.0	0.21862348178137653	-14.51292246520875	-979.0	41.508256463073764	-2680.0	810.0	14.28649579157565	
1495.0	-6.825803526980718	3.1339330162138417	1824.0	6.3558664081869995	2658.0	0.0	8495.0	4259.246826171875	0.7000000000000001	801.0	-0.6133603238866396	-713.0	-301.0	0.21862348178137653	-17.449151246367947	-860.0	41.87466264252716	-2695.0	1002.0	12.464166298053323	
1496.0	-6.564559694178814	3.0678401059281937	1829.0	6.345108795538221	2636.0	0.0	9135.0	4278.778076171875	0.7000000000000001	801.0	-0.6133603238866396	-713.0	-301.0	0.21862348178137653	-20.813580058112862	-898.0	40.17309143103837	-2576.0	1222.0	13.030240964947183	
1499.0	-6.291045375687436	3.0383195741135736	1831.0	6.3111089497735895	2613.0	0.0	9775.0	4298.309326171875	0.7225	810.0	-0.5789473684210527	-696.0	-314.0	0.24493927125506074	-20.43125860223276	-892.0	40.620142003309034	-2606.0	1197.0	12.942644568721137	
1500.0	-6.256312280024189	2.940200569009718	1839.0	6.297445707857061	2610.0	0.0	10415.0	4317.840576171875	0.7225	810.0	-0.5789473684210527	-696.0	-314.0	0.24493927125506074	-17.38797981342713	-886.0	41.32990198455666	-2660.0	998.0	12.857675266584865	
1474.0	-6.0304423673137	2.9081442210109163	1841.0	6.612316292072382	2591.0	0.0	11055.0	4337.371826171875	0.7225	810.0	-0.5789473684210527	-696.0	-314.0	0.24493927125506074	-20.278330019880716	-1119.0	43.48615132040403	-2795.0	1187.0	16.45450245228644	
1469.0	-5.838791445520318	3.025617352730166	1831.0	6.6768232277801225	2575.0	0.0	11695.0	4356.903076171875	0.7325	814.0	-0.5384615384615384	-676.0	-335.0	0.2874493927125506	-23.031044502217465	-970.0	44.40352613599069	-2846.0	1367.0	14.177348135381697	
1479.0	-5.445269777913469	3.0920698277007	1825.0	6.561605566244759	2542.0	0.0	12335.0	4376.434326171875	0.7325	814.0	-0.5384615384615384	-676.0	-335.0	0.2874493927125506	-22.83223734515981	-884.0	44.793287351652474	-2871.0	1354.0	12.861620152939572	
1474.0	-4.935302424354171	2.89832899315422	1840.0	6.623071386944844	2499.0	0.0	12975.0	4395.965576171875	0.7325	814.0	-0.5384615384615384	-676.0	-335.0	0.2874493927125506	-18.840801345771528	-1115.0	45.61333057650013	-2937.0	1093.0	16.414396310214904	
1465.0	-4.592582579918386	2.646503912923319	1860.0	6.7298958187243425	2470.0	0.0	13615.0	4415.496826171875	0.7325	814.0	-0.5384615384615384	-676.0	-335.0	0.2874493927125506	-13.060100932864353	-1243.0	45.59319736749415	-2952.0	715.0	18.378288886364828	
1446.0	-4.472972250557735	2.702774944226501	1855.0	6.961133005294615	2460.0	0.0	14255.0	4435.028076171875	0.7325	814.0	-0.5040485829959515	-659.0	-348.0	0.31376518218623484	-10.062700718764338	-1187.0	45.49728610978926	-2953.0	519.0	17.518038688932787	
1422.0	-4.31753893052179	2.7699164716305544	1849.0	7.253186795549079	2447.0	0.0	14895.0	4454.559326171875	0.7325	814.0	-0.5040485829959515	-659.0	-348.0	0.31376518218623484	-11.010857929346995	-1214.0	44.577461939185135	-2891.0	581.0	17.92314150599612	
1424.0	-3.926099237329126	2.628171505182679	1860.0	7.230169907609881	2414.0	0.0	15535.0	4474.090576171875	0.7325	814.0	-0.5040485829959515	-659.0	-348.0	0.31376518218623484	-12.800122342865883	-1090.0	43.2222638001059	-2797.0	698.0	16.006873550997838	
1416.0	-3.5822810675269245	2.486178961593271	1871.0	7.327153780604788	2385.0	0.0	16175.0	4493.621826171875	0.73	813.0	-0.47975708502024295	-647.0	-377.0	0.3724696356275304	-12.953050925217925	-1080.0	41.53803643717552	-2687.0	708.0	15.836586440787285	
1391.0	-3.415677995840598	2.4798194635592115	1871.0	7.6298974406380795	2371.0	0.0	16815.0	4513.153076171875	0.73	813.0	-0.47975708502024295	-647.0	-377.0	0.3724696356275304	-11.622572258755163	-1080.0	38.885482484383296	-2518.0	621.0	15.810060901259362	
1386.0	-3.29787934082134	2.3549230607231424	1881.0	7.688818462986972	2361.0	0.0	17455.0	4532.684326171875	0.73	813.0	-0.47975708502024295	-647.0	-377.0	0.3724696356275304	-11.530815109343937	-872.0	34.88397966688331	-2256.0	615.0	12.578393272194383	
1381.0	-3.0361551246907634	2.336868483304628	1882.0	7.751315577455329	2339.0	0.0	18095.0	4552.215576171875	0.74	817.0	-0.43724696356275305	-626.0	-396.0	0.4109311740890688	-16.97507264107662	-768.0	31.96463914382805	-2051.0	971.0	10.95337356651884	
1373.0	-2.5122166744102326	2.349761130405321	1880.0	7.853198357068823	2295.0	0.0	18735.0	4571.746826171875	0.74	817.0	-0.43724696356275305	-626.0	-396.0	0.4109311740890688	-19.131365652240405	-614.0	29.029129640870597	-1853.0	1112.0	8.560967988138032	
1360.0	-2.7146945232343973	2.3400714860840908	1881.0	8.007606291718254	2312.0	0.0	19375.0	4591.278076171875	0.74	817.0	-0.43724696356275305	-626.0	-396.0	0.4109311740890688	-16.271601162257227	-490.0	23.07372493637396	-1472.0	925.0	6.598697967485576	
1357.0	-2.7025519615632914	2.3638514627184812	1879.0	8.044347895180904	2311.0	0.0	20015.0	4610.809326171875	0.74	817.0	-0.43724696356275305	-626.0	-396.0	0.4109311740890688	-18.259672732833767	-326.0	18.82566112438284	-1189.0	1055.0	4.03972200943318	
1369.0	-2.689659920827061	2.4625793458653398	1871.0	7.901873059998192	2310.0	0.0	20655.0	4630.340576171875	0.745	819.0	-0.3967611336032389	-606.0	-413.0	0.44534412955465585	-19.95717999694143	-80.0	14.886171337025898	-926.0	1166.0	0.22558413166088354	
1357.0	-2.427578428040826	2.4802524340126157	1869.0	8.049425649942012	2288.0	0.0	21295.0	4649.871826171875	0.745	819.0	-0.3967611336032389	-606.0	-413.0	0.44534412955465585	-18.81021562930112	-68.0	13.165641024948691	-817.0	1091.0	0.024245024642612564	
1351.0	-2.7357063485314526	2.6198413373309632	1858.0	8.121425305429979	2314.0	0.0	21935.0	4669.403076171875	0.745	819.0	-0.3967611336032389	-606.0	-413.0	0.44534412955465585	-12.57072946933782	-31.0	10.21475832205145	-641.0	683.0	-0.5730096977369813	
1363.0	-2.5685711070539106	2.6666988184184555	1854.0	7.979455494213493	2300.0	0.0	22575.0	4688.934326171875	0.755	823.0	-0.38866396761133604	-602.0	-414.0	0.4473684210526316	-11.439057959932713	169.0	8.769775780960419	-548.0	609.0	-3.6563562547728727	
1351.0	-2.4498056636956185	2.638481249485771	1856.0	8.124657110521435	2290.0	0.0	23215.0	4708.465576171875	0.755	823.0	-0.38866396761133604	-602.0	-414.0	0.4473684210526316	-7.875821991130143	68.0	8.0119164931357	-509.0	376.0	-2.1141419981805045	
1342.0	-2.543450732400046	2.797783902852513	1843.0	8.235340447841484	2298.0	0.0	23855.0	4727.996826171875	0.755	823.0	-0.38866396761133604	-602.0	-414.0	0.4473684210526316	-2.875057348218382	257.0	6.4720208203543255	-420.0	49.0	-5.029648366293926	
1335.0	-2.7925556165398606	2.8872954888710805	1836.0	8.318976980118046	2319.0	0.0	24495.0	4747.528076171875	0.755	823.0	-0.38866396761133604	-602.0	-414.0	0.4473684210526316	2.09512157822297	268.0	3.7678654038204455	-257.0	-276.0	-5.225479240698639	
1338.0	-2.9118195082718974	2.8656682204292756	1838.0	8.281207217518638	2329.0	0.0	25135.0	4767.059326171875	0.7625000000000001	826.0	-0.37044534412955465	-593.0	-421.0	0.46153846153846156	2.5386144670438906	387.0	1.7996545876496641	-129.0	-305.0	-7.07115490417721	
1335.0	-2.8860679438805694	3.059872278609754	1822.0	8.321493392639413	2327.0	0.0	25775.0	4786.590576171875	0.7625000000000001	826.0	-0.37044534412955465	-593.0	-421.0	0.46153846153846156	3.0738645052760365	480.0	1.0696222615700557	-82.0	-340.0	-8.505492207643622	
1316.0	-3.1237725193963732	3.0989385365531854	1819.0	8.548813334693726	2347.0	0.0	26415.0	4806.121826171875	0.7625000000000001	826.0	-0.37044534412955465	-593.0	-421.0	0.46153846153846156	4.863128918794923	371.0	0.07387308855681488	-23.0	-457.0	-6.84290098063814	
1314.0	-3.2652624424468644	3.23566051721836	1808.0	8.574229260618694	2359.0	0.0	27055.0	4825.653076171875	0.7525000000000001	822.0	-0.3724696356275304	-594.0	-394.0	0.4068825910931174	2.997400214100016	509.0	-1.8298243610845164	107.0	-335.0	-8.97947669995579	
1319.0	-3.502816211553875	3.2898074160410786	1804.0	8.512695697048656	2379.0	0.0	27695.0	4845.184326171875	0.7525000000000001	822.0	-0.3724696356275304	-594.0	-394.0	0.4068825910931174	0.7187643370545955	576.0	-4.866073269557448	311.0	-186.0	-10.03791959413489	
1309.0	-3.5260234832474215	3.3500326276387886	1799.0	8.634150056274517	2381.0	0.0	28335.0	4864.715576171875	0.7525000000000001	822.0	-0.3724696356275304	-594.0	-394.0	0.4068825910931174	-1.804557271754091	322.0	-6.5421419108135375	424.0	-21.0	-6.157181431383722	
1311.0	-3.846775553074163	3.417682787821789	1794.0	8.608199153237742	2408.0	0.0	28975.0	4884.246826171875	0.7575000000000001	824.0	-0.3684210526315789	-592.0	-405.0	0.4291497975708502	-1.819850129989295	292.0	-7.899635694064493	512.0	-20.0	-5.710421859472486	
1317.0	-4.226790850916052	3.5113910988710026	1787.0	8.533984009853802	2440.0	0.0	29615.0	4903.778076171875	0.7575000000000001	824.0	-0.3684210526315789	-592.0	-405.0	0.4291497975708502	-2.202171585869399	267.0	-8.964829859262387	582.0	5.0	-5.3374617096713415	
1321.0	-4.215127468237279	3.4872531762720835	1789.0	8.485425114144274	2439.0	0.0	30255.0	4923.309326171875	0.7575000000000001	824.0	-0.3684210526315789	-592.0	-405.0	0.4291497975708502	-4.847836060559719	217.0	-8.09764979587083	532.0	178.0	-4.561565726131181	
1327.0	-4.2032178722124796	3.4877365882758493	1789.0	8.41326472171809	2438.0	0.0	30895.0	4942.840576171875	0.7575000000000001	824.0	-0.3684210526315789	-592.0	-405.0	0.4291497975708502	-5.1384003670285985	161.0	-6.802640729045202	448.0	197.0	-3.68932455060793	
1320.0	-4.32273761198125	3.4405245161607705	1793.0	8.495462632275693	2448.0	0.0	31535.0	4962.371826171875	0.7625000000000001	826.0	-0.3623481781376518	-589.0	-412.0	0.4433198380566802	-3.0126930723352197	79.0	-6.300394015597253	409.0	58.0	-2.426054423507208	
1320.0	-4.406907518385367	3.3568672090823726	1800.0	8.492947787070083	2455.0	0.0	32175.0	4981.903076171875	0.7625000000000001	826.0	-0.3623481781376518	-589.0	-412.0	0.4433198380566802	-4.801957485854107	-22.0	-6.182804131000516	405.0	175.0	-0.8750856751906252	
1323.0	-4.251319778931614	3.4394506782671836	1793.0	8.460010755535064	2442.0	0.0	32815.0	5001.434326171875	0.7625000000000001	826.0	-0.3623481781376518	-589.0	-412.0	0.4433198380566802	-8.548707753479126	24.0	-5.3337593624742174	360.0	420.0	-1.5724414757791079	
1330.0	-4.215360433883585	3.463956611641459	1791.0	8.376523118255438	2439.0	0.0	33455.0	5020.965576171875	0.765	827.0	-0.3643724696356275	-590.0	-409.0	0.43724696356275305	-6.973543355253097	-34.0	-5.313374284124084	354.0	317.0	-0.682257572824362	
1340.0	-4.322713525254485	3.442933188837244	1793.0	8.254547191174803	2448.0	0.0	34095.0	5040.496826171875	0.765	827.0	-0.3643724696356275	-590.0	-409.0	0.43724696356275305	-2.202171585869399	116.0	-5.450434225648518	352.0	5.0	-2.985300720958342	
1329.0	-4.347628633997822	3.3323746954558664	1802.0	8.384616990701668	2450.0	0.0	34735.0	5060.028076171875	0.765	827.0	-0.3643724696356275	-590.0	-409.0	0.43724696356275305	0.09175714941122497	-47.0	-3.8291708857755484	239.0	-145.0	-0.4679372512852528	
1323.0	-4.336099197019108	3.294842202851192	1805.0	8.456270791845869	2449.0	0.0	35375.0	5079.559326171875	0.765	827.0	-0.3643724696356275	-590.0	-409.0	0.43724696356275305	-1.6975072641076618	-128.0	-3.3855174842183557	214.0	-28.0	0.7794024590384365	
1331.0	-4.203213054867127	3.488218322811144	1789.0	8.365081633497912	2438.0	0.0	36015.0	5099.090576171875	0.7625000000000001	826.0	-0.35627530364372473	-586.0	-402.0	0.4230769230769231	-5.260743232910231	-29.0	-3.2278127771154197	214.0	205.0	-0.7381243760448999	
1336.0	-4.108475682477975	3.438146037916777	1793.0	8.304786597668494	2430.0	0.0	36655.0	5118.621826171875	0.7625000000000001	826.0	-0.35627530364372473	-586.0	-402.0	0.4230769230769231	-4.694907478207678	-71.0	-3.103080874782298	204.0	168.0	-0.0924087433803226	
1340.0	-4.227982174547024	3.392258735773759	1797.0	8.254481015620607	2440.0	0.0	37295.0	5138.153076171875	0.7625000000000001	826.0	-0.35627530364372473	-586.0	-402.0	0.4230769230769231	-1.4069429576387829	-49.0	-3.7080128914269976	235.0	-47.0	-0.43603670402551753	
1338.0	-4.418910112674724	3.347083970622856	1801.0	8.27576462647848	2456.0	0.0	37935.0	5157.684326171875	0.765	827.0	-0.3765182186234818	-596.0	-387.0	0.39271255060728744	0.48937146352653316	-89.0	-3.7130915094511225	230.0	-171.0	0.17769185611923746	
1341.0	-4.2044200348704965	3.367520322474192	1799.0	8.242173675980297	2438.0	0.0	38575.0	5177.215576171875	0.765	827.0	-0.3765182186234818	-596.0	-387.0	0.39271255060728744	-2.584493041749503	-81.0	-3.4658761010099797	222.0	30.0	0.057408140938649634	
1345.0	-4.073489147450672	3.3653709692185485	1799.0	8.195247226705044	2427.0	0.0	39215.0	5196.746826171875	0.765	827.0	-0.3765182186234818	-596.0	-387.0	0.39271255060728744	-3.3338430952745073	-32.0	-2.8285393290470036	183.0	79.0	-0.688098190589841	
1340.0	-4.121714160842819	3.3047743919085404	1804.0	8.253794008880345	2431.0	0.0	39855.0	5216.278076171875	0.7725	830.0	-0.3623481781376518	-589.0	-391.0	0.4008097165991903	-1.1622572258755162	-78.0	-2.7994061485454553	175.0	-63.0	0.018039389488920168	
