Device	Device	Device	Device	Device	Device	Device	Device	Device	Device	Device	Device	Device	Device	Device	Device	Device	Device	Device	Device	Device	
Low Noise Accelerometer X	Low Noise Accelerometer X	Low Noise Accelerometer Z	Low Noise Accelerometer Z	Low Noise Accelerometer Y	Low Noise Accelerometer Y	Event_Marker	Timestamp	Timestamp	Magnetometer Z	Magnetometer Z	Magnetometer X	Magnetometer X	Magnetometer Y	Magnetometer Y	Gyroscope Y	Gyroscope Y	Gyroscope Z	Gyroscope Z	Gyroscope X	Gyroscope X	
CAL	UNCAL	CAL	UNCAL	UNCAL	CAL	CAL	CAL	UNCAL	CAL	UNCAL	CAL	UNCAL	UNCAL	CAL	CAL	UNCAL	UNCAL	CAL	UNCAL	CAL	
m/(s^2)	no units	m/(s^2)	no units	no units	m/(s^2)	no units	ms	no units	local_flux	no units	local_flux	no units	no units	local_flux	deg/s	no units	no units	deg/s	no units	deg/s	
4.423691718192853	2371.0	-7.630828180714697	2697.0	1704.0	-4.301150730769714	0.0	1360.65673828125	44586.0	-1.1275	70.0	0.48380566801619435	-171.0	-274.0	0.16396761133603238	2.263343018810216	-667.0	38.0	-0.9196290475735247	-287.0	9.07473803513421	
4.389815551895347	2373.0	-7.447016239036738	2682.0	1707.0	-4.3219096391413	0.0	1380.18798828125	45226.0	-1.1275	70.0	0.48380566801619435	-171.0	-274.0	0.16396761133603238	4.710200336442882	-729.0	32.0	-0.9347219175511492	-447.0	10.025945093238178	
4.284027921519813	2367.0	-7.311493562304387	2671.0	1716.0	-4.247967905283901	0.0	1399.71923828125	45866.0	-1.135	67.0	0.47975708502024295	-173.0	-269.0	0.15384615384615385	5.199571799969415	-668.0	33.0	-0.9603163305042459	-479.0	9.089675645963025	
4.176549314803224	2374.0	-7.345068519677591	2674.0	1725.0	-4.334051539896122	0.0	1419.25048828125	46506.0	-1.135	67.0	0.47975708502024295	-173.0	-269.0	0.15384615384615385	0.9022786358770455	-493.0	30.0	-0.7154494975677653	-198.0	6.4068396741205325	
4.24856702484553	2369.0	-7.286154658304173	2669.0	1719.0	-4.271912121712808	0.0	1438.78173828125	47146.0	-1.135	67.0	0.47975708502024295	-173.0	-269.0	0.15384615384615385	0.6575929041137789	-385.0	71.0	-1.3197018049919824	-182.0	4.743592915968801	
4.298128146595752	2370.0	-7.091947245186752	2653.0	1715.0	-4.279580555004042	0.0	1458.31298828125	47786.0	-1.1275	70.0	0.4817813765182186	-172.0	-270.0	0.15587044534412955	0.565835754702554	-289.0	95.0	-1.670439714147705	-176.0	3.267015105697253	
4.285862478251633	2372.0	-7.128037889122486	2656.0	1716.0	-4.304521410108366	0.0	1477.84423828125	48426.0	-1.1275	70.0	0.4817813765182186	-172.0	-270.0	0.15587044534412955	1.238721517051537	-189.0	93.0	-1.6512480823771425	-220.0	1.7327586562024677	
4.248698561872911	2377.0	-7.273000955566064	2668.0	1719.0	-4.368033274456447	0.0	1497.37548828125	49066.0	-1.1275	70.0	0.4817813765182186	-172.0	-270.0	0.15587044534412955	1.3610643829331703	-146.0	88.0	-1.5726402853951775	-228.0	1.0737319368729166	
4.3668713542565625	2379.0	-7.360483621962811	2675.0	1709.0	-4.392697585402714	0.0	1516.90673828125	49706.0	-1.1275	70.0	0.4817813765182186	-172.0	-270.0	0.15587044534412955	2.079828719987766	-167.0	106.0	-1.8814627981204604	-275.0	1.3928778685662868	
4.247595419161143	2372.0	-7.383315226742853	2677.0	1719.0	-4.310009627451678	0.0	1536.43798828125	50346.0	-1.1225	72.0	0.49190283400809715	-167.0	-278.0	0.17206477732793524	1.6822144058724577	-172.0	113.0	-1.9739919390181733	-249.0	1.4686749954479341	
4.306012556837594	2374.0	-7.493982411478755	2686.0	1714.0	-4.335735185311802	0.0	1555.96923828125	50986.0	-1.1225	72.0	0.49190283400809715	-167.0	-278.0	0.17206477732793524	1.8657287046949076	-150.0	151.0	-2.562423339048185	-261.0	1.125212040968886	
4.067244581709184	2383.0	-7.56125611479593	2692.0	1734.0	-4.447902074069188	0.0	1575.50048828125	51626.0	-1.1225	72.0	0.49190283400809715	-167.0	-278.0	0.17206477732793524	2.079828719987766	-177.0	128.0	-2.221372730958302	-275.0	1.5429236058191573	
4.2131097411802605	2374.0	-7.260454453402487	2667.0	1722.0	-4.33199365430685	0.0	1595.03173828125	52266.0	-1.12	73.0	0.4939271255060729	-166.0	-270.0	0.15587044534412955	-1.4834072488148036	-256.0	128.0	-2.0909784737218415	-42.0	2.7564417573833895	
4.378651821926658	2379.0	-7.372913045429507	2676.0	1708.0	-4.392828369195347	0.0	1614.56298828125	52906.0	-1.12	73.0	0.4939271255060729	-166.0	-270.0	0.15587044534412955	0.16822144058724578	-295.0	64.0	-1.1786552736182374	-150.0	3.363999852051297	
4.42359510691928	2392.0	-7.640489308071918	2698.0	1704.0	-4.554356967622366	0.0	1634.09423828125	53546.0	-1.12	73.0	0.4939271255060729	-166.0	-270.0	0.15587044534412955	0.7034714788193914	-285.0	-9.0	-0.07573695002462245	-185.0	3.221584198705984	
4.423469591573591	2389.0	-7.653040842640908	2699.0	1704.0	-4.51846467515395	0.0	1653.62548828125	54186.0	-1.12	73.0	0.4939271255060729	-166.0	-270.0	0.15587044534412955	3.119743079981649	-284.0	-22.0	0.02772452012068438	-343.0	3.2072743297493123	
4.376829308558221	2384.0	-7.555164382273171	2691.0	1708.0	-4.456732584921326	0.0	1673.15673828125	54826.0	-1.1300000000000001	69.0	0.4777327935222672	-174.0	-260.0	0.13562753036437247	3.9302645664474696	-316.0	10.0	-0.5017855874109778	-396.0	3.6930027057339925	
4.306885142575731	2390.0	-7.406723837664946	2679.0	1714.0	-4.526752372315494	0.0	1692.68798828125	55466.0	-1.1300000000000001	69.0	0.4777327935222672	-174.0	-260.0	0.13562753036437247	2.3092215935158285	-269.0	38.0	-0.8603990686003093	-290.0	2.9682258389902287	
4.2482242002259305	2388.0	-7.32043712026408	2672.0	1719.0	-4.501516861848805	0.0	1712.21923828125	56106.0	-1.1300000000000001	69.0	0.4777327935222672	-174.0	-260.0	0.13562753036437247	1.422235815873987	-231.0	62.0	-1.1882299238539098	-232.0	2.3818571514289464	
4.437934319323216	2391.0	-7.397044258154541	2678.0	1703.0	-4.5372964817288945	0.0	1731.75048828125	56746.0	-1.1325	68.0	0.5020242914979757	-162.0	-265.0	0.145748987854251	1.4528215323443954	-161.0	67.0	-1.2556167196963892	-234.0	1.3070694274017782	
4.413388530598919	2383.0	-7.470670749631891	2684.0	1705.0	-4.44262892727701	0.0	1751.28173828125	57386.0	-1.1325	68.0	0.5020242914979757	-162.0	-265.0	0.145748987854251	3.82321455880104	-91.0	72.0	-1.4165864496449074	-389.0	0.23134587403354942	
4.377444841923288	2389.0	-7.493611045766458	2686.0	1708.0	-4.515736326712964	0.0	1770.81298828125	58026.0	-1.1325	68.0	0.5020242914979757	-162.0	-265.0	0.145748987854251	4.129071723505123	-35.0	83.0	-1.5894152802341184	-409.0	-0.6296734991273375	
4.390198119614107	2387.0	-7.4087594671606505	2679.0	1707.0	-4.48981537682177	0.0	1790.34423828125	58666.0	-1.1225	72.0	0.5080971659919028	-159.0	-257.0	0.12955465587044535	1.6210429729316411	-28.0	100.0	-1.7495022387006418	-245.0	-0.738685754318877	
4.426636643654469	2387.0	-7.336335634553065	2673.0	1704.0	-4.488002514929215	0.0	1809.87548828125	59306.0	-1.1225	72.0	0.5080971659919028	-159.0	-257.0	0.12955465587044535	2.079828719987766	-17.0	92.0	-1.6431184226837992	-275.0	-0.9064112363980825	
4.473631794652821	2383.0	-7.3987252966226595	2678.0	1700.0	-4.440587585576286	0.0	1829.40673828125	59946.0	-1.1225	72.0	0.5080971659919028	-159.0	-257.0	0.12955465587044535	3.1656216546872615	-64.0	86.0	-1.6014727186527793	-346.0	-0.18480404742590176	
4.437682084295498	2384.0	-7.422267760926345	2680.0	1703.0	-4.453466124737018	0.0	1848.93798828125	60586.0	-1.1225	72.0	0.5080971659919028	-159.0	-257.0	0.12955465587044535	6.682979048784218	-53.0	60.0	-1.3405667408075874	-576.0	-0.35098430788682383	
4.4369470572664325	2381.0	-7.495770463832928	2686.0	1703.0	-4.418798950752187	0.0	1868.46923828125	61226.0	-1.115	75.0	0.5040485829959515	-161.0	-249.0	0.11336032388663968	4.587857470561248	-56.0	65.0	-1.3341340998764402	-439.0	-0.3048865305031376	
4.436588576274436	2387.0	-7.531618563032543	2689.0	1703.0	-4.491808654172605	0.0	1888.00048828125	61866.0	-1.115	75.0	0.5040485829959515	-161.0	-249.0	0.11336032388663968	5.10781465055819	-74.0	64.0	-1.3423113275272283	-473.0	-0.02876759693339719	
4.615737251068379	2390.0	-7.473893940781122	2684.0	1688.0	-4.525007253292891	0.0	1907.53173828125	62506.0	-1.115	75.0	0.5040485829959515	-161.0	-249.0	0.11336032388663968	4.11377886526992	-126.0	102.0	-1.8949992164509344	-408.0	0.7636186743998609	
4.449953774321308	2387.0	-7.3855749488214935	2677.0	1702.0	-4.488754129907915	0.0	1927.06298828125	63146.0	-1.1175	74.0	0.5020242914979757	-162.0	-250.0	0.11538461538461539	5.245450374675027	-198.0	95.0	-1.843643498439281	-482.0	1.8689350549649704	
4.544563222692094	2387.0	-7.448439635552497	2682.0	1694.0	-4.489065329158827	0.0	1946.59423828125	63786.0	-1.1175	74.0	0.5020242914979757	-162.0	-250.0	0.11538461538461539	2.3245144517510323	-195.0	41.0	-0.8957990716767582	-291.0	1.832380048258221	
4.758082899148273	2394.0	-7.5250434185060175	2688.0	1676.0	-4.572799557450927	0.0	1966.12548828125	64426.0	-1.1175	74.0	0.5020242914979757	-162.0	-250.0	0.11538461538461539	2.4009787429270535	-201.0	-33.0	0.2383946857552049	-296.0	1.9357888877812903	
4.817474051181787	2395.0	-7.538309167535593	2689.0	1671.0	-4.584519153682267	0.0	1985.65673828125	65066.0	-1.1175	74.0	0.5020242914979757	-162.0	-250.0	0.11538461538461539	5.016057501146965	-193.0	-73.0	0.7502578631927929	-467.0	1.818151650290667	
4.651929561762714	2388.0	-7.426091442776222	2680.0	1685.0	-4.499592894683681	0.0	2005.18798828125	170.0	-1.115	75.0	0.4959514170040486	-165.0	-271.0	0.15789473684210525	5.444257531732681	-233.0	-74.0	0.7423751056666539	-495.0	2.4318521690404014	
4.640400124783998	2394.0	-7.388558950171547	2677.0	1686.0	-4.571246695827879	0.0	2024.71923828125	810.0	-1.115	75.0	0.4959514170040486	-165.0	-271.0	0.15789473684210525	4.771371769383698	-202.0	-61.0	0.574094918611107	-451.0	1.954490373767974	
4.723600834176406	2399.0	-7.401821344264182	2678.0	1679.0	-4.63092090047123	0.0	2044.25048828125	1450.0	-1.115	75.0	0.4959514170040486	-165.0	-271.0	0.15789473684210525	4.526686037620432	-191.0	-67.0	0.6778533585487594	-435.0	1.7867386379279766	
4.616465052079415	2387.0	-7.401113839677479	2678.0	1688.0	-4.487399794947454	0.0	2063.78173828125	2090.0	-1.1175	74.0	0.5040485829959515	-161.0	-255.0	0.12550607287449392	2.966814497629607	-211.0	-68.0	0.7525541022271864	-333.0	2.094375318527259	
4.58051775039477	2390.0	-7.424415436713518	2680.0	1691.0	-4.524369878218275	0.0	2083.31298828125	2730.0	-1.1175	74.0	0.5040485829959515	-161.0	-255.0	0.12550607287449392	0.3976143141153082	-156.0	-112.0	1.540501731747401	-165.0	1.2583081936255913	
4.735621493510836	2396.0	-7.39023160129731	2677.0	1678.0	-4.594424320705295	0.0	2102.84423828125	3370.0	-1.1175	74.0	0.5040485829959515	-161.0	-255.0	0.12550607287449392	-0.6575929041137789	-147.0	-152.0	2.199315098060643	-96.0	1.1267959743655998	
4.569955101755088	2389.0	-7.290204110205458	2669.0	1692.0	-4.509743085403426	0.0	2122.37548828125	4010.0	-1.1125	76.0	0.5242914979757085	-151.0	-264.0	0.1437246963562753	1.6669215476372536	-244.0	-161.0	2.229887553559753	-248.0	2.6155166137587065	
4.440004250374018	2389.0	-7.190051153074369	2661.0	1703.0	-4.509039534774615	0.0	2141.90673828125	4650.0	-1.1125	76.0	0.5242914979757085	-151.0	-264.0	0.1437246963562753	-0.41290717235051233	-325.0	-176.0	2.531355257097633	-112.0	3.8614344671022023	
4.382690255409336	2392.0	-6.969069697161677	2643.0	1708.0	-4.541337623919261	0.0	2161.43798828125	5290.0	-1.1125	76.0	0.5242914979757085	-151.0	-264.0	0.1437246963562753	-3.5479431105673656	-433.0	-230.0	3.470732154364301	93.0	5.528032471152359	
4.289910546425016	2393.0	-6.723231071784067	2623.0	1716.0	-4.549396841272636	0.0	2180.96923828125	5930.0	-1.1125	76.0	0.5242914979757085	-151.0	-264.0	0.1437246963562753	-6.407707600550544	-552.0	-253.0	3.9206095350224937	280.0	7.358524800275805	
4.174534281766865	2385.0	-6.356095632837329	2593.0	1726.0	-4.4468223529716076	0.0	2200.50048828125	6570.0	-1.1125	76.0	0.5080971659919028	-159.0	-257.0	0.12955465587044535	-6.774736198195443	-704.0	-263.0	4.0657750360657055	304.0	9.692337971321221	
3.858244424943576	2347.0	-5.842224172309079	2551.0	1753.0	-3.981876497028071	0.0	2220.03173828125	7210.0	-1.1125	76.0	0.5080971659919028	-159.0	-257.0	0.12955465587044535	-10.185043584645971	-1048.0	-331.0	5.195282281180778	527.0	14.98213542216734	
3.4386375015593895	2330.0	-4.945773653584862	2478.0	1789.0	-3.763324278778995	0.0	2239.56298828125	7850.0	-1.1125	76.0	0.5080971659919028	-159.0	-257.0	0.12955465587044535	-16.072794005199572	-1592.0	-488.0	7.762074702572135	912.0	23.3552024564012	
3.3177182621193277	2339.0	-3.942459502352965	2396.0	1800.0	-3.8529009230885163	0.0	2259.09423828125	8490.0	-1.135	67.0	0.5101214574898786	-158.0	-251.0	0.11740890688259109	-17.403272671662336	-1981.0	-615.0	9.708954728165924	999.0	29.34367539966773	
3.1222382242755162	2367.0	-3.252368048638851	2340.0	1817.0	-4.178403291983034	0.0	2278.62548828125	9130.0	-1.135	67.0	0.5101214574898786	-158.0	-251.0	0.11740890688259109	-4.098486007034715	-2200.0	-610.0	9.066311862232183	129.0	32.69769089213774	
2.910875455453005	2329.0	-2.9600735023185263	2316.0	1835.0	-3.716839703443647	0.0	2298.15673828125	9770.0	-1.135	67.0	0.5101214574898786	-158.0	-251.0	0.11740890688259109	4.541978895855636	-2365.0	-478.0	6.665158130661943	-436.0	35.205519158412656	
2.6704986632210534	2318.0	-3.1882289159899195	2335.0	1855.0	-3.5912764591574673	0.0	2317.68798828125	10410.0	-1.135	67.0	0.5101214574898786	-158.0	-251.0	0.11740890688259109	3.0738645052760365	-1851.0	-331.0	4.54177510452682	-340.0	27.297220727875096	
2.368401326859038	2295.0	-3.6360577902866553	2372.0	1880.0	-3.3261455762720824	0.0	2337.21923828125	11050.0	-1.1475	62.0	0.5080971659919028	-159.0	-223.0	0.06072874493927126	-2.0645358617525615	-1347.0	-101.0	1.2870555452998365	-4.0	19.531053768587878	
2.3311070777892735	2293.0	-3.7940541258345184	2385.0	1883.0	-3.3055820599315684	0.0	2356.75048828125	11690.0	-1.1475	62.0	0.5080971659919028	-159.0	-223.0	0.06072874493927126	-10.76617219758373	-735.0	77.0	-1.0087814790688334	565.0	10.11727139957175	
2.6637651306318	2294.0	-3.861582174915224	2390.0	1855.0	-3.315654233155842	0.0	2376.28173828125	12330.0	-1.1475	62.0	0.5080971659919028	-159.0	-223.0	0.06072874493927126	-17.877351276953664	-109.0	359.0	-4.965676344217581	1030.0	0.472055680934071	
2.854081148403447	2294.0	-3.8775994453695626	2391.0	1839.0	-3.314071418387212	0.0	2395.81298828125	12970.0	-1.16	57.0	0.4777327935222672	-174.0	-203.0	0.020242914979757085	-16.195136871081207	788.0	592.0	-8.479037556073274	920.0	-13.327079772522527	
3.1698932949372542	2239.0	-4.439241934845971	2436.0	1812.0	-2.6594955443017634	0.0	2415.34423828125	13610.0	-1.16	57.0	0.4777327935222672	-174.0	-203.0	0.020242914979757085	-17.72442269460162	1162.0	896.0	-13.03622569641227	1020.0	-19.111488542064635	
3.104556628142436	2261.0	-5.020527661946873	2484.0	1817.0	-2.9368348664755852	0.0	2434.87548828125	14250.0	-1.16	57.0	0.4777327935222672	-174.0	-203.0	0.020242914979757085	-11.041443645817404	2037.0	1083.0	-16.04546024435541	583.0	-32.568004088403356	
2.949482993434825	2280.0	-5.051700656517489	2487.0	1830.0	-3.167924725364676	0.0	2454.40673828125	14890.0	-1.1675	54.0	0.4716599190283401	-177.0	-234.0	0.08299595141700405	-3.593821685272978	2580.0	1284.0	-19.351545993780807	96.0	-40.933119572259436	
3.4809365339381575	2273.0	-5.477775177612826	2521.0	1785.0	-3.086794330983959	0.0	2473.93798828125	15530.0	-1.1675	54.0	0.4716599190283401	-177.0	-234.0	0.08299595141700405	-1.605750114696437	3198.0	1598.0	-24.165784673551784	-34.0	-50.46415285977833	
3.7983322065124043	2217.0	-5.881065063045313	2553.0	1758.0	-2.4169873767861434	0.0	2493.46923828125	16170.0	-1.1675	54.0	0.4716599190283401	-177.0	-234.0	0.08299595141700405	4.496100321150023	3158.0	2006.0	-30.691301477761545	-433.0	-49.915628681495434	
3.960007133902665	2250.0	-6.380238990685871	2594.0	1744.0	-2.822944467510835	0.0	2513.00048828125	16810.0	-1.1675	54.0	0.4716599190283401	-177.0	-234.0	0.08299595141700405	13.33537238109803	3912.0	2417.0	-37.250623312841135	-1011.0	-61.55096257807241	
4.554078155367477	2190.0	-6.496946368014255	2602.0	1694.0	-2.096446338577695	0.0	2532.53173828125	17450.0	-1.1575	58.0	0.45546558704453444	-185.0	-279.0	0.17408906882591094	16.011622572258755	4029.0	2884.0	-44.522503315802766	-1186.0	-63.41898596610264	
4.028303944018789	2192.0	-6.6934151219306735	2619.0	1738.0	-2.1297298413116788	0.0	2552.06298828125	18090.0	-1.1575	58.0	0.45546558704453444	-185.0	-279.0	0.17408906882591094	18.22908701636336	4249.0	3109.0	-48.03809846908082	-1331.0	-66.8299283224229	
4.427905573544115	2226.0	-7.209442645588452	2661.0	1704.0	-2.545692929706448	0.0	2571.59423828125	18730.0	-1.1575	58.0	0.45546558704453444	-185.0	-279.0	0.17408906882591094	20.461844318703168	5474.0	3189.0	-49.1699055664356	-1477.0	-85.63823887459947	
5.052905427172139	2146.0	-7.804695378024073	2708.0	1651.0	-1.5874925641321336	0.0	2591.12548828125	19370.0	-1.1175	74.0	0.4534412955465587	-186.0	-365.0	0.3481781376518219	20.048937146352657	5281.0	3418.0	-52.70518559961466	-1450.0	-82.71210632891314	
5.128253804891129	2109.0	-8.603190939458507	2773.0	1644.0	-1.1569258590535116	0.0	2610.65673828125	20010.0	-1.1175	74.0	0.4534412955465587	-186.0	-365.0	0.3481781376518219	22.541673038690934	5973.0	3588.0	-55.3134326940983	-1613.0	-93.35657149128042	
5.3642156176033335	2098.0	-8.816533477761913	2790.0	1624.0	-1.0263029712105303	0.0	2630.18798828125	20650.0	-1.1175	74.0	0.4534412955465587	-186.0	-365.0	0.3481781376518219	15.017586786970487	6310.0	3678.0	-56.34505757124471	-1121.0	-98.53797873283997	
5.862631856129828	2081.0	-8.974909625112543	2802.0	1582.0	-0.819667054663844	0.0	2649.71923828125	21290.0	-1.1175	74.0	0.4534412955465587	-186.0	-365.0	0.3481781376518219	8.609879186419942	6703.0	3722.0	-56.70522838029598	-702.0	-104.57196251857357	
5.585788840121734	2047.0	-9.278258844969466	2827.0	1605.0	-0.41886391500419606	0.0	2669.25048828125	21930.0	-1.0425	104.0	0.4271255060728745	-199.0	-436.0	0.49190283400809715	11.20966508640465	6587.0	3669.0	-56.01182956632648	-872.0	-102.78506842609139	
6.16837137204333	2027.0	-9.353338986143168	2832.0	1556.0	-0.17357583708676744	0.0	2688.78173828125	22570.0	-1.0425	104.0	0.4271255060728745	-199.0	-436.0	0.49190283400809715	16.179844012846	6703.0	3636.0	-55.685255566542715	-1197.0	-104.56176279043602	
6.2874760270122065	1993.0	-9.347635394017418	2831.0	1546.0	0.2373678355223038	0.0	2708.31298828125	23210.0	-1.0425	104.0	0.4271255060728745	-199.0	-436.0	0.49190283400809715	20.630065759290414	6443.0	3631.0	-55.82623475156918	-1488.0	-100.57360683117382	
5.950616690914827	1945.0	-9.700235670422066	2860.0	1574.0	0.8052604896452852	0.0	2727.84423828125	23850.0	-0.93	149.0	0.4331983805668016	-196.0	-527.0	0.6761133603238867	22.327573023398074	6200.0	3668.0	-56.50049791984302	-1599.0	-96.85163993393222	
5.937933529098138	1904.0	-9.778075661614773	2866.0	1575.0	1.297552761817722	0.0	2747.37548828125	24490.0	-0.93	149.0	0.4331983805668016	-196.0	-527.0	0.6761133603238867	24.560330325737883	5981.0	3688.0	-56.93101455717991	-1745.0	-93.49550317917624	
6.540135612663527	1915.0	-9.081676828885433	2808.0	1525.0	1.184972638826035	0.0	2766.90673828125	25130.0	-0.93	149.0	0.4331983805668016	-196.0	-527.0	0.6761133603238867	23.67334454809604	5861.0	3764.0	-58.08288423474004	-1687.0	-91.66568383697684	
6.007516303958838	1865.0	-8.772179127925716	2783.0	1570.0	1.7882460383123993	0.0	2786.43798828125	25770.0	-0.8125	196.0	0.39271255060728744	-216.0	-587.0	0.7975708502024291	27.465973390426672	5602.0	3708.0	-57.41299265271794	-1935.0	-87.68476365370228	
6.0876998277093355	1794.0	-9.087160086209401	2808.0	1563.0	2.6381699411312187	0.0	2805.96923828125	26410.0	-0.8125	196.0	0.39271255060728744	-216.0	-587.0	0.7975708502024291	32.63495947392568	5039.0	3877.0	-60.30545235461196	-2273.0	-79.07474395119688	
6.23700354367042	1806.0	-8.442502775815132	2755.0	1551.0	2.5079778112457025	0.0	2825.50048828125	27050.0	-0.8125	196.0	0.39271255060728744	-216.0	-587.0	0.7975708502024291	34.51598103685579	5210.0	3870.0	-60.24678427468825	-2396.0	-81.698063975937	
5.846595937345568	1750.0	-8.197549122586068	2735.0	1584.0	3.183671603427758	0.0	2845.03173828125	27690.0	-0.8125	196.0	0.39271255060728744	-216.0	-587.0	0.7975708502024291	33.21608808686344	5157.0	3952.0	-61.46414380562679	-2311.0	-80.89697993736577	
6.159904237159977	1705.0	-7.819100093526112	2703.0	1558.0	3.736542341705897	0.0	2864.56298828125	28330.0	-0.6925	244.0	0.3502024291497976	-237.0	-637.0	0.8987854251012146	31.671509405107816	4867.0	4188.0	-65.07670914124128	-2210.0	-76.4832053298657	
6.162945773895165	1700.0	-7.514946420007259	2678.0	1558.0	3.8028967943990475	0.0	2884.09423828125	28970.0	-0.6925	244.0	0.3502024291497976	-237.0	-637.0	0.8987854251012146	26.823673344548098	5274.0	4293.0	-66.43534391975511	-1893.0	-82.74199652650768	
5.998172705961819	1625.0	-7.325586546675267	2662.0	1572.0	4.708650719017679	0.0	2903.62548828125	29610.0	-0.6925	244.0	0.3502024291497976	-237.0	-637.0	0.8987854251012146	34.21012387215171	5098.0	4297.0	-66.81929883214546	-2376.0	-80.04520695180157	
5.372879934237089	1563.0	-6.759625623910128	2616.0	1625.0	5.460704961562964	0.0	2923.15673828125	30250.0	-0.5625	296.0	0.30364372469635625	-260.0	-663.0	0.951417004048583	44.808074629148194	5030.0	4683.0	-73.19056205451838	-3069.0	-79.06549469527283	
5.4897389991959775	1551.0	-5.788004842307091	2536.0	1616.0	5.625884281097624	0.0	2942.68798828125	30890.0	-0.5625	296.0	0.30364372469635625	-260.0	-663.0	0.951417004048583	46.337360452668605	5240.0	4925.0	-76.94163919418162	-3169.0	-82.32534703487569	
4.766791629356259	1491.0	-5.4636942072312715	2510.0	1677.0	6.348032586365804	0.0	2962.21923828125	31530.0	-0.5625	296.0	0.30364372469635625	-260.0	-663.0	0.951417004048583	40.70958862211348	5326.0	5084.0	-79.14888891272268	-2801.0	-83.66704512665983	
4.298615225111279	1422.0	-5.852763203157835	2542.0	1716.0	7.166894743609642	0.0	2981.75048828125	32170.0	-0.5625	296.0	0.30364372469635625	-260.0	-663.0	0.951417004048583	28.88820920630066	4916.0	5228.0	-80.95380946644244	-2028.0	-77.39385603236583	
4.129734812157461	1378.0	-6.074137831872948	2560.0	1730.0	7.690898928833514	0.0	3001.28173828125	32810.0	-0.41000000000000003	357.0	0.22874493927125505	-297.0	-689.0	1.0040485829959513	22.4193301728093	5225.0	5375.0	-82.90863495411409	-1605.0	-82.15484973760313	
4.741802116126464	1317.0	-5.58169314925839	2518.0	1679.0	8.44180825456164	0.0	3020.81298828125	33450.0	-0.41000000000000003	357.0	0.22874493927125505	-297.0	-689.0	1.0040485829959513	27.068359076311364	5607.0	5763.0	-89.00368324514837	-1909.0	-88.0773929779172	
4.6918747859091	1279.0	-4.62204521861382	2439.0	1684.0	8.918333265173562	0.0	3040.34423828125	34090.0	-0.41000000000000003	357.0	0.22874493927125505	-297.0	-689.0	1.0040485829959513	30.17280929805781	5947.0	6218.0	-96.0739062298602	-2112.0	-93.36521965152679	
4.154848928039031	1214.0	-4.7532024341921355	2450.0	1729.0	9.693472392403777	0.0	3059.87548828125	34730.0	-0.25	421.0	0.12348178137651822	-349.0	-690.0	1.0060728744939271	25.14145893867564	6213.0	6502.0	-100.19998196466031	-1783.0	-97.48811306193602	
3.9547193021801195	1163.0	-5.7185459724643115	2529.0	1745.0	10.286622056705045	0.0	3079.40673828125	35370.0	-0.25	421.0	0.12348178137651822	-349.0	-690.0	1.0060728744939271	18.90197277871234	6216.0	6730.0	-103.45676925075486	-1375.0	-97.56671438577133	
4.750180686129724	1124.0	-5.934312339408544	2545.0	1678.0	10.760140861277945	0.0	3098.93798828125	36010.0	-0.25	421.0	0.12348178137651822	-349.0	-690.0	1.0060728744939271	13.625936687566908	7252.0	7018.0	-107.51644066808778	-1030.0	-113.50419616976205	
5.5953431592113	1101.0	-5.941874555060484	2544.0	1607.0	11.045549675430662	0.0	3118.46923828125	36650.0	-0.0525	500.0	-0.008097165991902834	-414.0	-692.0	1.0101214574898785	5.857164704083194	8144.0	7656.0	-116.88175525155367	-522.0	-127.28512873864415	
6.482856451134188	1064.0	-6.47625964848597	2586.0	1532.0	11.489520239011501	0.0	3138.00048828125	37290.0	-0.0525	500.0	-0.008097165991902834	-414.0	-692.0	1.0101214574898785	14.803486771677628	8767.0	8391.0	-128.4488082260883	-1107.0	-136.96041258740127	
7.449249411164117	1088.0	-7.456011264540642	2665.0	1450.0	11.190432509784683	0.0	3157.53173828125	37930.0	-0.0525	500.0	-0.008097165991902834	-414.0	-692.0	1.0101214574898785	23.795687413977674	9647.0	8986.0	-137.824965266333	-1695.0	-150.55731977695365	
8.290873604930216	1099.0	-9.007877602216643	2791.0	1378.0	11.035281304486897	0.0	3177.06298828125	38570.0	-0.0525	500.0	-0.008097165991902834	-414.0	-692.0	1.0101214574898785	34.37834531273896	10309.0	9440.0	-145.12950164052253	-2387.0	-160.78841332237425	
8.632555842273614	1176.0	-10.5539395821624	2918.0	1348.0	10.080066043887921	0.0	3196.59423828125	39210.0	0.17250000000000001	590.0	-0.1659919028340081	-492.0	-684.0	0.9939271255060729	34.638323902737426	10500.0	9171.0	-140.9731835021416	-2404.0	-163.67764651969227	
8.86455242165326	1314.0	-11.163805453721718	2969.0	1328.0	8.407538089840893	0.0	3216.12548828125	39850.0	0.17250000000000001	590.0	-0.1659919028340081	-492.0	-684.0	0.9939271255060729	15.262272518733752	10777.0	7919.0	-120.89906903474193	-1137.0	-167.72732734831888	
9.798558475880819	1390.0	-9.429866697632496	2826.0	1251.0	7.535894274902543	0.0	3235.65673828125	40490.0	0.17250000000000001	590.0	-0.1659919028340081	-492.0	-684.0	0.9939271255060729	-8.334607738186268	9706.0	6027.0	-91.01930633069713	406.0	-150.9945877234267	
11.334328646483447	1417.0	-7.0433258278459085	2628.0	1124.0	7.273681589185024	0.0	3255.18798828125	41130.0	0.3525	662.0	-0.25303643724696356	-535.0	-628.0	0.8805668016194332	-11.637865116990367	7092.0	4174.0	-62.787796805810615	622.0	-110.6017923458393	
11.0365841026643	1429.0	-5.865399257379635	2532.0	1150.0	7.149684361903146	0.0	3274.71923828125	41770.0	0.3525	662.0	-0.25303643724696356	-535.0	-628.0	0.8805668016194332	19.17724422694602	3977.0	3056.0	-47.30257611439598	-1393.0	-62.648873543866074	
9.855936940606242	1432.0	-6.0729726060425735	2551.0	1249.0	7.097581844996054	0.0	3294.25048828125	42410.0	0.3525	662.0	-0.25303643724696356	-535.0	-628.0	0.8805668016194332	46.6890961920783	977.0	2517.0	-40.5730255089054	-3192.0	-16.548127063436453	
8.709524425837685	1427.0	-6.428509797183857	2582.0	1345.0	7.139247939880963	0.0	3313.78173828125	43050.0	0.3525	662.0	-0.25303643724696356	-535.0	-628.0	0.8805668016194332	60.19269001376358	-992.0	2184.0	-36.29344122479564	-4075.0	13.707957102252584	
8.04308711239579	1405.0	-6.405574474706588	2581.0	1401.0	7.398102514159946	0.0	3333.31298828125	43690.0	0.34500000000000003	659.0	-0.2834008097165992	-550.0	-620.0	0.8643724696356275	42.6364887597492	-1915.0	1608.0	-26.873589386346126	-2927.0	27.965114037086366	
7.505165522030644	1406.0	-6.626304939792692	2600.0	1446.0	7.376260496183489	0.0	3352.84423828125	44330.0	0.34500000000000003	659.0	-0.2834008097165992	-550.0	-620.0	0.8643724696356275	13.243615231686803	-2218.0	292.0	-5.5034657106956795	-1005.0	32.82819382225472	
7.136880109732645	1370.0	-6.550084264830767	2594.0	1477.0	7.807836995318783	0.0	3372.37548828125	44970.0	0.34500000000000003	659.0	-0.2834008097165992	-550.0	-620.0	0.8643724696356275	-5.7654075546719685	-2297.0	-1007.0	15.22424158927701	238.0	34.24768510424631	
7.15239258072248	1331.0	-6.1893133563235025	2564.0	1476.0	8.285087056271117	0.0	3391.90673828125	45610.0	0.32	649.0	-0.28542510121457493	-551.0	-630.0	0.8846153846153846	-16.08808686343478	-2114.0	-2241.0	34.64498221648627	913.0	31.633852001081543	
6.075242898585451	1325.0	-5.570948236692983	2515.0	1567.0	8.358972018468862	0.0	3411.43798828125	46250.0	0.32	649.0	-0.28542510121457493	-551.0	-630.0	0.8846153846153846	-17.082122648723047	-2250.0	-3608.0	55.68930494335384	978.0	33.93114500585521	
5.840217765803825	1304.0	-5.263937705331784	2490.0	1587.0	8.615774025961041	0.0	3430.96923828125	46890.0	0.32	649.0	-0.28542510121457493	-551.0	-630.0	0.8846153846153846	-9.756843554060255	-2710.0	-3962.0	60.770517138734995	499.0	41.04041961054648	
5.485318025270447	1285.0	-5.039626044383808	2472.0	1617.0	8.84562692442527	0.0	3450.50048828125	47530.0	0.275	631.0	-0.2165991902834008	-517.0	-659.0	0.9433198380566802	-8.22755773053984	-3249.0	-4187.0	64.087313258342	399.0	49.34426426347187	
5.118279336074979	1272.0	-4.838733059168751	2456.0	1648.0	9.00260090326171	0.0	3470.03173828125	48170.0	0.275	631.0	-0.2165991902834008	-517.0	-659.0	0.9433198380566802	-5.321914665851048	-3755.0	-4383.0	66.9080831528731	209.0	57.136780693428385	
