Device	Device	Device	Device	Device	Device	Device	Device	Device	Device	Device	Device	Device	Device	Device	Device	Device	Device	Device	Device	Device	
Low Noise Accelerometer X	Low Noise Accelerometer X	Low Noise Accelerometer Z	Low Noise Accelerometer Z	Low Noise Accelerometer Y	Low Noise Accelerometer Y	Event_Marker	Timestamp	Timestamp	Magnetometer Z	Magnetometer Z	Magnetometer X	Magnetometer X	Magnetometer Y	Magnetometer Y	Gyroscope Y	Gyroscope Y	Gyroscope Z	Gyroscope Z	Gyroscope X	Gyroscope X	
CAL	UNCAL	CAL	UNCAL	CAL	UNCAL	CAL	CAL	UNCAL	CAL	UNCAL	CAL	UNCAL	UNCAL	CAL	UNCAL	CAL	CAL	UNCAL	CAL	UNCAL	
m/(s^2)	no units	m/(s^2)	no units	m/(s^2)	no units	no units	ms	no units	local_flux	no units	local_flux	no units	no units	local_flux	no units	deg/s	deg/s	no units	deg/s	no units	
8.61087130281319	2506.0	0.37284456703316615	2035.0	-5.72571150406494	1359.0	0.0	1721.405029296875	56407.0	-0.1675	454.0	1.0748987854251013	121.0	-168.0	-0.05060728744939271	-1800.0	22.480501605750117	-16.05232409539689	958.0	26.308711069311492	-1609.0	
9.622841347667986	2490.0	1.5698490525130664	1935.0	-5.498880629569444	1275.0	0.0	1740.936279296875	57047.0	-0.1675	454.0	1.0748987854251013	121.0	-168.0	-0.05060728744939271	-2204.0	10.368557883468421	-14.214854910002588	866.0	32.5262571590479	-817.0	
10.486724291255777	2460.0	2.24385769700624	1878.0	-5.115315844111173	1203.0	0.0	1760.467529296875	57687.0	-0.145	463.0	1.0607287449392713	114.0	-177.0	-0.032388663967611336	-2242.0	15.13992965285212	-5.706038697399868	300.0	33.194435700182666	-1129.0	
10.586191768048495	2445.0	2.6667958524686344	1843.0	-4.925139514667732	1195.0	0.0	1779.998779296875	58327.0	-0.145	463.0	1.0607287449392713	114.0	-177.0	-0.032388663967611336	-2129.0	28.765866340419027	4.42514846007275	-393.0	31.561820918389287	-2020.0	
9.85247648365857	2416.0	3.104791222999834	1808.0	-4.574319169739562	1257.0	0.0	1799.530029296875	58967.0	-0.145	463.0	1.0607287449392713	114.0	-177.0	-0.032388663967611336	-1927.0	41.30601009328644	10.845144067771251	-841.0	28.526435175525037	-2840.0	
8.58084442624885	2392.0	3.322537862980225	1792.0	-4.2935239310080275	1364.0	0.0	1819.061279296875	59607.0	-0.095	483.0	1.0769230769230769	122.0	-189.0	-0.008097165991902834	-1539.0	34.745373910383854	14.596972430152132	-1064.0	22.61029379979638	-2411.0	
7.698014771069455	2407.0	3.1348104402788026	1809.0	-4.486829667580115	1438.0	0.0	1838.592529296875	60247.0	-0.095	483.0	1.0769230769230769	122.0	-189.0	-0.008097165991902834	-1281.0	14.757608196972015	16.71258692251465	-1147.0	18.672573160923783	-1104.0	
7.159595936666902	2400.0	2.8643555714520343	1832.0	-4.413285603903085	1483.0	0.0	1858.123779296875	60887.0	-0.095	483.0	1.0769230769230769	122.0	-189.0	-0.008097165991902834	-1262.0	0.04587857470561248	19.05731345951236	-1261.0	18.404475236789384	-142.0	
6.824847479055824	2384.0	2.722843143677564	1844.0	-4.226692252697336	1511.0	0.0	1877.655029296875	61527.0	-0.095	483.0	1.0769230769230769	122.0	-189.0	-0.008097165991902834	-1422.0	-6.178314727022481	17.820540051014575	-1166.0	20.847224888004398	265.0	
6.549637366878037	2390.0	2.582784306851334	1856.0	-4.304534687182145	1534.0	0.0	1897.186279296875	62167.0	-0.08750000000000001	486.0	1.0789473684210527	123.0	-174.0	-0.038461538461538464	-1591.0	-1.2081358005811287	11.720391657425433	-784.0	23.37944114229161	-60.0	
5.990956186243554	2389.0	2.6670471957839066	1850.0	-4.296388048438755	1581.0	0.0	1916.717529296875	62807.0	-0.08750000000000001	486.0	1.0789473684210527	123.0	-174.0	-0.038461538461538464	-1849.0	-0.04587857470561248	3.574828741215706	-260.0	27.256862296925743	-136.0	
6.256084033110329	2376.0	2.98935569198533	1823.0	-4.130664094021961	1559.0	0.0	1936.248779296875	63447.0	-0.08750000000000001	486.0	1.0789473684210527	123.0	-174.0	-0.038461538461538464	-2067.0	-4.878421777030128	-5.970565011991273	371.0	30.5065057968649	180.0	
7.125694479306292	2381.0	3.0456384068196956	1817.0	-4.181083299118736	1486.0	0.0	1955.780029296875	64087.0	-0.1	481.0	1.0708502024291497	119.0	-175.0	-0.03643724696356275	-2079.0	-10.093286435234747	-15.038401057624036	974.0	30.599961240306072	521.0	
8.078001164839227	2377.0	3.03821172201782	1816.0	-4.123515994875107	1406.0	0.0	1975.311279296875	64727.0	-0.1	481.0	1.0708502024291497	119.0	-175.0	-0.03643724696356275	-1983.0	-16.715094051078147	-20.741922512715114	1363.0	29.06985559457517	954.0	
9.01840427602905	2372.0	3.030903793381297	1815.0	-4.054017158480517	1327.0	0.0	1994.842529296875	65367.0	-0.1	481.0	1.0708502024291497	119.0	-175.0	-0.03643724696356275	-1889.0	-26.823673344548098	-21.07685222872064	1412.0	27.624124833551374	1615.0	
10.017718155923719	2374.0	2.9622917828480646	1819.0	-4.069492645434404	1243.0	0.0	2014.373779296875	471.0	-0.1	481.0	1.0708502024291497	119.0	-175.0	-0.03643724696356275	-1808.0	-30.432787888056282	-17.597840757250395	1196.0	26.416011771957958	1851.0	
10.38463614711885	2388.0	2.7493289975993127	1836.0	-4.238757420022608	1212.0	0.0	2033.905029296875	1111.0	-0.1125	476.0	1.0303643724696356	99.0	-151.0	-0.08502024291497975	-1815.0	-30.61630218687873	-10.470305818991033	733.0	26.594698506947424	1863.0	
10.250448822362603	2413.0	2.4258346172128347	1863.0	-4.547774000155008	1223.0	0.0	2053.436279296875	1751.0	-0.1125	476.0	1.0303643724696356	99.0	-151.0	-0.08502024291497975	-1950.0	-27.358923382780244	-3.3154632880727286	258.0	28.73775222610347	1650.0	
10.07337971331017	2416.0	2.576066569112175	1851.0	-4.5826846305207996	1238.0	0.0	2072.967529296875	2391.0	-0.1125	476.0	1.0303643724696356	99.0	-151.0	-0.08502024291497975	-2247.0	-26.456644746903198	2.6628806762371875	-136.0	33.354847312209664	1591.0	
9.564001397716499	2404.0	2.8287112002212464	1831.0	-4.438147207801543	1281.0	0.0	2092.498779296875	3031.0	-0.15	461.0	1.0748987854251013	121.0	-171.0	-0.04453441295546559	-2543.0	-28.429423459244536	7.525911999793539	-450.0	37.9454447882502	1720.0	
9.699045651838485	2382.0	3.237898517181827	1797.0	-4.163552777957255	1270.0	0.0	2112.030029296875	3671.0	-0.15	461.0	1.0748987854251013	121.0	-171.0	-0.04453441295546559	-2843.0	-33.904266707447626	12.005454012286387	-730.0	42.5935853058126	2078.0	
9.499751715803935	2381.0	3.5466001518219707	1772.0	-4.147323491853714	1287.0	0.0	2131.561279296875	4311.0	-0.15	461.0	1.0748987854251013	121.0	-171.0	-0.04453441295546559	-3000.0	-34.164245297446094	15.92922565388437	-986.0	45.04190695655419	2095.0	
9.05085083424681	2361.0	3.894607234204722	1744.0	-3.9038885035999438	1325.0	0.0	2151.092529296875	4951.0	-0.18	449.0	1.0607287449392713	114.0	-155.0	-0.07692307692307693	-3080.0	-40.327267166233376	19.224208971450206	-1185.0	46.30241548237984	2498.0	
9.281357853096306	2339.0	4.326261500106931	1708.0	-3.627890107129549	1306.0	0.0	2170.623779296875	5591.0	-0.18	449.0	1.0607287449392713	114.0	-155.0	-0.07692307692307693	-3114.0	-50.45113931793853	20.19299306340257	-1222.0	46.83381576767562	3160.0	
9.711297571025767	2332.0	4.463090435910046	1696.0	-3.5365167818366015	1270.0	0.0	2190.155029296875	6231.0	-0.18	449.0	1.0607287449392713	114.0	-155.0	-0.07692307692307693	-2942.0	-56.828261202018666	19.643883921793417	-1168.0	44.18907348706204	3577.0	
10.293181206008445	2339.0	4.318120600844468	1707.0	-3.6179346915856767	1221.0	0.0	2209.686279296875	6871.0	-0.18	449.0	1.0607287449392713	114.0	-155.0	-0.07692307692307693	-2711.0	-53.157975225569665	20.870651216232748	-1255.0	40.656765434979576	3337.0	
10.639576185589561	2345.0	4.433809035146488	1697.0	-3.6844461297303313	1192.0	0.0	2229.217529296875	7511.0	-0.245	423.0	1.048582995951417	108.0	-143.0	-0.10121457489878542	-2446.0	-46.6585104756079	22.281712783558994	-1361.0	36.60458788124974	2912.0	
10.818006694063174	2359.0	4.419717025364857	1698.0	-3.8516183636364087	1177.0	0.0	2248.748779296875	8151.0	-0.245	423.0	1.048582995951417	108.0	-143.0	-0.10121457489878542	-2134.0	-37.71218840801346	25.186334244642932	-1570.0	31.846155194525608	2327.0	
10.959369897431635	2357.0	4.270323076496868	1710.0	-3.8290962250379152	1165.0	0.0	2268.280029296875	8791.0	-0.245	423.0	1.048582995951417	108.0	-143.0	-0.10121457489878542	-1897.0	-27.940051995718	30.32276442327195	-1927.0	28.260876869336297	1688.0	
10.959331094302298	2426.0	4.266442763563184	1711.0	-4.660499520532701	1165.0	0.0	2287.811279296875	9431.0	-0.2925	404.0	1.040485829959514	104.0	-139.0	-0.10931174089068826	-1532.0	-8.992200642300046	34.65042035421963	-2254.0	22.70341689343018	449.0	
11.112288768811743	2472.0	4.086019738316999	1726.0	-5.216795271762409	1152.0	0.0	2307.342529296875	10071.0	-0.2925	404.0	1.040485829959514	104.0	-139.0	-0.10931174089068826	-1293.0	22.49579446398532	40.656630220774346	-2724.0	19.096147397803875	-1610.0	
9.85985324934867	2468.0	3.8424677920097956	1748.0	-5.185997894798847	1257.0	0.0	2326.873779296875	10711.0	-0.2925	404.0	1.040485829959514	104.0	-139.0	-0.10931174089068826	-1001.0	58.54106132436153	49.41103426219627	-3384.0	14.703102210045627	-3967.0	
6.76085217647714	2471.0	3.466170028666412	1784.0	-5.260658439107683	1517.0	0.0	2346.405029296875	11351.0	-0.2925	404.0	1.040485829959514	104.0	-139.0	-0.10931174089068826	-657.0	68.54259061018504	57.892320845756636	-3958.0	9.509412697486262	-4621.0	
5.199814374876462	2472.0	3.314770820979541	1799.0	-5.2913449940485116	1648.0	0.0	2365.936279296875	11991.0	-0.245	423.0	1.0546558704453441	111.0	-113.0	-0.16194331983805668	-698.0	42.56002446857318	61.57071122226698	-4130.0	10.175320431234486	-2922.0	
4.707849826960165	2518.0	2.927839838873535	1832.0	-5.858220126639675	1689.0	0.0	2385.467529296875	12631.0	-0.245	423.0	1.0546558704453441	111.0	-113.0	-0.16194331983805668	-867.0	14.834072488148037	56.4552823664182	-3727.0	12.717383880899106	-1109.0	
4.465450072794602	2548.0	2.497388231841092	1868.0	-6.230698939454509	1709.0	0.0	2404.998779296875	13271.0	-0.245	423.0	1.0546558704453441	111.0	-113.0	-0.16194331983805668	-1073.0	-5.612478972319927	47.05942561244761	-3065.0	15.78438894693313	228.0	
4.856753411614531	2538.0	2.342007828119813	1880.0	-6.109411586429892	1676.0	0.0	2424.530029296875	13911.0	-0.24	425.0	1.0546558704453441	111.0	-69.0	-0.25101214574898784	-1329.0	-18.030279859305708	37.442444448343196	-2410.0	19.616406951772063	1040.0	
4.29744344991526	2521.0	2.363392610573613	1879.0	-5.909757713289375	1723.0	0.0	2444.061279296875	14551.0	-0.24	425.0	1.0546558704453441	111.0	-69.0	-0.25101214574898784	-1375.0	-26.930723352194526	30.131774847912155	-1912.0	20.249146504041498	1622.0	
3.9401092756573934	2505.0	2.344260899072684	1881.0	-5.720942604924622	1753.0	0.0	2463.592529296875	15191.0	-0.24	425.0	1.0546558704453441	111.0	-69.0	-0.25101214574898784	-1419.0	-48.75363205383086	24.368766654644183	-1481.0	20.866673703066315	3049.0	
4.28137110939843	2500.0	1.9466347493668514	1913.0	-5.665241545725908	1724.0	0.0	2483.123779296875	15831.0	-0.2925	404.0	1.0506072874493928	109.0	-66.0	-0.25708502024291496	-1506.0	-72.71754090839579	18.577127460426947	-1043.0	22.14372738938101	4616.0	
4.288757071266527	2495.0	1.4947547457003598	1950.0	-5.613964322325135	1723.0	0.0	2502.655029296875	16471.0	-0.2925	404.0	1.0506072874493928	109.0	-66.0	-0.25708502024291496	-1535.0	-90.3654993118214	10.696089122425793	-485.0	22.509907032086616	5770.0	
5.504361864279772	2477.0	1.6266626184533015	1937.0	-5.382302647060425	1621.0	0.0	2522.186279296875	17111.0	-0.2925	404.0	1.0506072874493928	109.0	-66.0	-0.25708502024291496	-1626.0	-103.2420859458633	2.245565309093901	97.0	23.821749806842668	6612.0	
6.038127936170917	2467.0	1.431841236139351	1952.0	-5.26037948627695	1576.0	0.0	2541.717529296875	17751.0	-0.2925	404.0	1.0506072874493928	109.0	-66.0	-0.25708502024291496	-1564.0	-96.05444257531734	-4.461536169552982	515.0	22.803320805252454	6142.0	
6.6449278842332715	2486.0	1.397550328088975	1954.0	-5.483912967607936	1525.0	0.0	2561.248779296875	18391.0	-0.395	363.0	1.0161943319838056	92.0	-63.0	-0.2631578947368421	-1527.0	-81.90854870775348	-8.097780617814596	715.0	22.199212465419215	5217.0	
6.811931588683431	2490.0	1.4312541064383588	1951.0	-5.529761626080784	1511.0	0.0	2580.780029296875	19031.0	-0.395	363.0	1.0161943319838056	92.0	-63.0	-0.2631578947368421	-1500.0	-67.54855482489678	-9.483158015695091	768.0	21.771057632671038	4278.0	
6.990456299757939	2481.0	1.426582356746302	1951.0	-5.419636079024121	1496.0	0.0	2600.311279296875	19671.0	-0.395	363.0	1.0161943319838056	92.0	-63.0	-0.2631578947368421	-1433.0	-59.61156140082582	-10.65164603735289	824.0	20.731292347360096	3759.0	
7.488680520073627	2507.0	1.2490043883150517	1965.0	-5.731458408237781	1454.0	0.0	2619.842529296875	20311.0	-0.4675	334.0	0.9939271255060729	81.0	-55.0	-0.2793522267206478	-1393.0	-53.14268236733446	-11.950126481350406	892.0	20.10452819659512	3336.0	
7.905256244292552	2501.0	1.239910143540941	1965.0	-5.6551853792645685	1419.0	0.0	2639.373779296875	20951.0	-0.4675	334.0	0.9939271255060729	81.0	-55.0	-0.2793522267206478	-1380.0	-46.627924759137485	-13.469914432560138	974.0	19.8898520295274	2910.0	
8.50051230334013	2514.0	1.2417065244893555	1964.0	-5.805823397079221	1369.0	0.0	2658.905029296875	21591.0	-0.4675	334.0	0.9939271255060729	81.0	-55.0	-0.2793522267206478	-1242.0	-39.13442422388745	-15.148095896891107	1065.0	17.755531470062856	2420.0	
8.307324824623501	2559.0	0.9705777004453078	1987.0	-6.355346523046064	1385.0	0.0	2678.436279296875	22231.0	-0.4675	334.0	0.9939271255060729	81.0	-55.0	-0.2793522267206478	-1034.0	-30.448080746291485	-16.0326878595269	1102.0	14.555032949546515	1852.0	
8.678469654503102	2540.0	1.1802987836435332	1969.0	-6.1185249904327	1354.0	0.0	2697.967529296875	22871.0	-0.505	319.0	0.9817813765182186	75.0	-52.0	-0.28542510121457493	-1147.0	-34.791252485089466	-13.830681355482401	969.0	16.310979667955074	2136.0	
8.72520173144669	2520.0	1.091601716097723	1976.0	-5.878867755592494	1350.0	0.0	2717.498779296875	23511.0	-0.505	319.0	0.9817813765182186	75.0	-52.0	-0.28542510121457493	-1090.0	-38.140388438599174	-11.365496498539745	818.0	15.460995948011382	2355.0	
8.724948292082635	2512.0	1.0662577796920958	1978.0	-5.782991626545573	1350.0	0.0	2737.030029296875	24151.0	-0.505	319.0	0.9817813765182186	75.0	-52.0	-0.28542510121457493	-1062.0	-38.20155987153999	-7.190581229547472	547.0	15.073099558273807	2359.0	
8.209844179674246	2503.0	0.7463227293292525	2005.0	-5.686107633737154	1393.0	0.0	2756.561279296875	24791.0	-0.5375	306.0	0.951417004048583	60.0	-55.0	-0.2793522267206478	-1003.0	-33.67487383391956	-3.7481111847735384	312.0	14.202199722892178	2063.0	
7.819345983757512	2473.0	0.9822174233702161	1986.0	-5.323848938682972	1426.0	0.0	2776.092529296875	25431.0	-0.5375	306.0	0.951417004048583	60.0	-55.0	-0.2793522267206478	-1040.0	-29.7751949839425	-3.017678405686393	254.0	14.77724994603367	1808.0	
7.592707322600487	2468.0	0.9373989267153708	1990.0	-5.266770731372218	1445.0	0.0	2795.623779296875	26071.0	-0.5375	306.0	0.951417004048583	60.0	-55.0	-0.2793522267206478	-1048.0	-28.934087781006273	-2.1912269600929815	198.0	14.908270329754604	1753.0	
7.211215949018775	2463.0	0.8834996637822983	1995.0	-5.211422666511274	1477.0	0.0	2815.155029296875	26711.0	-0.5675	294.0	0.9352226720647774	52.0	-49.0	-0.291497975708502	-986.0	-24.36152316868023	-2.6568321330116462	217.0	13.952256291221673	1454.0	
7.484703772110712	2444.0	0.851329592023557	1997.0	-4.9804155270649275	1454.0	0.0	2834.686279296875	27351.0	-0.5675	294.0	0.9352226720647774	52.0	-49.0	-0.291497975708502	-859.0	-24.942651781617986	-3.5984692591620675	281.0	11.994090495378305	1492.0	
7.12592965220317	2447.0	0.6882033155550517	2011.0	-5.023410372106626	1484.0	0.0	2854.217529296875	27991.0	-0.5675	294.0	0.9352226720647774	52.0	-49.0	-0.291497975708502	-602.0	-19.62073711576694	-5.971334826762503	424.0	8.0268295395642	1144.0	
6.400749237173962	2456.0	0.7892094316818477	2004.0	-5.137075788874141	1545.0	0.0	2873.748779296875	28631.0	-0.5675	294.0	0.9352226720647774	52.0	-49.0	-0.291497975708502	-452.0	-21.226487230463377	-8.821812585905853	615.0	5.696652213254031	1249.0	
6.147999326297274	2459.0	0.5142183440130864	2027.0	-5.181247688049536	1566.0	0.0	2893.280029296875	29271.0	-0.5775	290.0	0.9210526315789473	45.0	-64.0	-0.2611336032388664	-338.0	-28.18473772748127	-12.601907799602047	880.0	3.9095801240908297	1704.0	
6.094912671474177	2466.0	-0.03254237639179046	2072.0	-5.277051118403456	1570.0	0.0	2912.811279296875	29911.0	-0.5775	290.0	0.9210526315789473	45.0	-64.0	-0.2611336032388664	-329.0	-33.7972166998012	-16.897979202167125	1174.0	3.7285190571420546	2071.0	
5.00071422579058	2438.0	0.07142257905799287	2065.0	-4.9485644061609335	1662.0	0.0	2932.342529296875	30551.0	-0.5775	290.0	0.9210526315789473	45.0	-64.0	-0.2611336032388664	-466.0	-30.081052148646584	-19.036361745823307	1302.0	5.8093294928686054	1828.0	
3.898370704483055	2392.0	0.5513561625912101	2027.0	-4.395772302233466	1755.0	0.0	2951.873779296875	31191.0	-0.6025	280.0	0.9210526315789473	45.0	-70.0	-0.24898785425101214	-719.0	-24.2544731610338	-21.461518777149916	1442.0	9.667232288060939	1447.0	
4.222415341736364	2391.0	0.8129627450650422	2005.0	-4.375251531440371	1728.0	0.0	2971.405029296875	31831.0	-0.6025	280.0	0.9210526315789473	45.0	-70.0	-0.24898785425101214	-768.0	-31.931487995106288	-32.251479430645546	2163.0	10.311212380774103	1949.0	
4.446471171432784	2377.0	0.5994980956593419	2022.0	-4.20860556733634	1709.0	0.0	2990.936279296875	32471.0	-0.6025	280.0	0.9210526315789473	45.0	-70.0	-0.24898785425101214	-684.0	-32.680838048631294	-41.836945317519664	2789.0	8.92642109462287	1998.0	
3.683566970497859	2331.0	0.4995541926430628	2031.0	-3.6640166199361364	1773.0	0.0	3010.467529296875	33111.0	-0.6025	280.0	0.9210526315789473	45.0	-70.0	-0.24898785425101214	-536.0	-24.33093745220982	-48.79266745157705	3221.0	6.585880291879811	1452.0	
2.971304151634498	2272.0	0.7018437348783416	2015.0	-2.956250083786088	1833.0	0.0	3029.998779296875	33751.0	-0.62	273.0	0.917004048582996	43.0	-85.0	-0.21862348178137653	-399.0	-17.907936993424073	-52.67377040271625	3458.0	4.444875001205307	1032.0	
3.518220520971284	2286.0	0.6315759066521718	2020.0	-3.120860975452424	1787.0	0.0	3049.530029296875	34391.0	-0.62	273.0	0.917004048582996	43.0	-85.0	-0.21862348178137653	-355.0	-9.863893561706684	-62.40174408729653	4070.0	3.672437983402008	506.0	
4.458613997470404	2273.0	0.6233045089450594	2019.0	-2.954995962617479	1708.0	0.0	3069.061279296875	35031.0	-0.62	273.0	0.917004048582996	43.0	-85.0	-0.21862348178137653	-21.0	-14.619972472855178	-78.77144218119297	5150.0	-1.6163165393506747	817.0	
4.669898484430929	2246.0	0.32318177642619556	2043.0	-2.6335843675789743	1690.0	0.0	3088.592529296875	35671.0	-0.6225	272.0	0.9089068825910931	39.0	-118.0	-0.15182186234817813	100.0	-7.860529132894939	-90.02043614279157	5865.0	-3.585489001599774	375.0	
5.564136878588702	2226.0	0.4613069064892485	2030.0	-2.380915625614448	1615.0	0.0	3108.123779296875	36311.0	-0.6225	272.0	0.9089068825910931	39.0	-118.0	-0.15182186234817813	81.0	0.24468573176326658	-97.03813668410113	6300.0	-3.364120817508497	-155.0	
5.716132846470977	2182.0	0.18471321852630096	2052.0	-1.8548070577671736	1602.0	0.0	3127.655029296875	36951.0	-0.6225	272.0	0.9089068825910931	39.0	-118.0	-0.15182186234817813	391.0	1.605750114696437	-104.4431325740718	6781.0	-8.194960710426923	-244.0	
6.59518473354978	2168.0	-0.005336168831536356	2066.0	-1.6811428278483616	1528.0	0.0	3147.186279296875	37591.0	-0.6025	280.0	0.9392712550607287	54.0	-179.0	-0.02834008097165992	426.0	7.722893408778101	-109.665774111072	7105.0	-8.784244053831298	-644.0	
8.00152905948893	2198.0	0.15290594889315967	2051.0	-2.0253603253670067	1410.0	0.0	3166.717529296875	38231.0	-0.6025	280.0	0.9392712550607287	54.0	-179.0	-0.02834008097165992	88.0	16.9139012081358	-114.48412012425852	7391.0	-3.6459920375169443	-1245.0	
8.692168132699186	2246.0	0.16919422229951184	2049.0	-2.596441422178825	1352.0	0.0	3186.248779296875	38871.0	-0.6025	280.0	0.9392712550607287	54.0	-179.0	-0.02834008097165992	88.0	36.10643829331703	-118.05103421328808	7573.0	-3.68166117840724	-2500.0	
7.713770935530852	2174.0	-0.05147787548619895	2068.0	-1.7431689565881505	1434.0	0.0	3205.780029296875	39511.0	-0.6025	280.0	0.9392712550607287	54.0	-179.0	-0.02834008097165992	-146.0	60.223275730233986	-115.51395026741837	7343.0	-0.0656811629473153	-4077.0	
5.928050256238333	1972.0	-0.052117233309664474	2069.0	0.6726959892214911	1584.0	0.0	3225.311279296875	40151.0	-0.535	307.0	0.9574898785425101	63.0	-224.0	0.06275303643724696	-598.0	79.46169139012082	-107.10895287993036	6742.0	6.954075424400023	-5335.0	
6.229772515266128	1886.0	0.3582039075652522	2034.0	1.7200642129425203	1559.0	0.0	3244.842529296875	40791.0	-0.535	307.0	0.9574898785425101	63.0	-224.0	0.06275303643724696	-1410.0	71.92231228016517	-99.68767782560688	6271.0	19.488008905340678	-4842.0	
6.20132267727192	1940.0	1.0846486795728711	1975.0	1.0837062003641766	1562.0	0.0	3264.373779296875	41431.0	-0.535	307.0	0.9574898785425101	63.0	-224.0	0.06275303643724696	-1555.0	62.99128307080594	-123.17744070478386	7820.0	21.478061406977023	-4258.0	
9.519242319533657	1872.0	1.9242319533657777	1900.0	1.9529541706963869	1284.0	0.0	3283.905029296875	42071.0	-0.4525	340.0	0.9473684210526316	58.0	-270.0	0.15587044534412955	-2166.0	28.6741091910078	-139.9709716312751	8995.0	30.68560561282643	-2014.0	
9.950001632402373	1837.0	2.143020383094462	1881.0	2.3833242794075997	1248.0	0.0	3303.436279296875	42711.0	-0.4525	340.0	0.9473684210526316	58.0	-270.0	0.15587044534412955	-2082.0	19.284294234592448	-145.45796004189322	9377.0	29.34179910143775	-1400.0	
9.032068621570867	1746.0	2.016385966610371	1892.0	3.467997803138277	1325.0	0.0	3322.967529296875	43351.0	-0.4525	340.0	0.9473684210526316	58.0	-270.0	0.15587044534412955	-1656.0	25.844930417495032	-138.1799728295405	8891.0	22.877828935200068	-1829.0	
9.09272362178216	1683.0	2.129505035358786	1882.0	4.229902879093673	1320.0	0.0	3342.498779296875	43991.0	-0.4525	340.0	0.9473684210526316	58.0	-270.0	0.15587044534412955	-1437.0	13.350665239333233	-132.90939220475082	8583.0	19.570092820318614	-1012.0	
9.403706142509034	1630.0	2.275376155665293	1869.0	4.87448434357454	1294.0	0.0	3362.030029296875	44631.0	-0.4225	352.0	0.8967611336032388	33.0	-332.0	0.2813765182186235	-1570.0	-5.0466432176173734	-137.14656845301468	8905.0	21.568537384366586	191.0	
10.391799688627115	1591.0	2.275206957949579	1867.0	5.354241413153696	1211.0	0.0	3381.561279296875	45271.0	-0.4225	352.0	0.8967611336032388	33.0	-332.0	0.2813765182186235	-1589.0	-14.48233674873834	-143.44732210429729	9339.0	21.797075037358137	808.0	
9.507811491264393	1555.0	1.9716253169154792	1893.0	5.773064838118422	1285.0	0.0	3401.092529296875	45911.0	-0.4225	352.0	0.8967611336032388	33.0	-332.0	0.2813765182186235	-1459.0	-2.8597644899831782	-144.7535524804024	9395.0	19.789229858040844	48.0	
9.368777944358992	1467.0	2.353984912089713	1861.0	6.839562658408275	1297.0	0.0	3420.623779296875	46551.0	-0.40750000000000003	358.0	0.8076923076923077	-11.0	-411.0	0.44129554655870445	-1260.0	7.56996482642606	-143.325243593063	9277.0	16.749960698947383	-634.0	
10.539978848188856	1479.0	2.8074086284095596	1822.0	6.715764828519959	1199.0	0.0	3440.155029296875	47191.0	-0.40750000000000003	358.0	0.8076923076923077	-11.0	-411.0	0.44129554655870445	-1448.0	0.8411072029362289	-144.14622999181108	9346.0	19.626513762687384	-194.0	
11.077742406127182	1448.0	3.0123358508134337	1804.0	7.098734984451035	1154.0	0.0	3459.686279296875	47831.0	-0.40750000000000003	358.0	0.8076923076923077	-11.0	-411.0	0.44129554655870445	-1509.0	10.460315032879647	-145.58620736646833	9414.0	20.548127492086433	-823.0	
10.494964507352277	1407.0	3.0678793066563745	1800.0	7.587993978194602	1203.0	0.0	3479.217529296875	48471.0	-0.3825	368.0	0.728744939271255	-50.0	-467.0	0.5546558704453441	-1464.0	43.06468879033492	-138.54700232407006	8872.0	19.92801777789479	-2955.0	
6.258440155598775	1397.0	3.224967940829994	1794.0	7.669252435071382	1559.0	0.0	3498.748779296875	49111.0	-0.3825	368.0	0.728744939271255	-50.0	-467.0	0.5546558704453441	-1511.0	82.76494876892492	-132.45170971740018	8372.0	20.710161435893365	-5551.0	
6.715937354945779	1267.0	3.7365926374350464	1750.0	9.250324961237917	1521.0	0.0	3518.280029296875	49751.0	-0.3825	368.0	0.728744939271255	-50.0	-467.0	0.5546558704453441	-1168.0	65.46872610490901	-134.44507019733626	8550.0	15.427069936357158	-4420.0	
7.711579712704133	1257.0	3.3008284132703647	1784.0	9.37204802804305	1437.0	0.0	3537.811279296875	50391.0	-0.3825	368.0	0.728744939271255	-50.0	-467.0	0.5546558704453441	-1610.0	23.015751643982263	-137.4137693833008	8849.0	22.17964472138872	-1644.0	
7.637623608638406	1272.0	3.048075149554882	1805.0	9.185530510161819	1443.0	0.0	3557.342529296875	51031.0	-0.3425	384.0	0.6396761133603239	-94.0	-505.0	0.631578947368421	-1020.0	12.876586634041903	-142.7470093326596	9228.0	13.073066963601438	-981.0	
7.839124094463005	1182.0	2.9600284939196415	1811.0	10.270121931304951	1426.0	0.0	3576.873779296875	51671.0	-0.3425	384.0	0.6396761133603239	-94.0	-505.0	0.631578947368421	-760.0	-3.5479431105673656	-143.03456765815793	9292.0	9.080625629233982	93.0	
6.289819791415231	1144.0	2.7915029510469522	1827.0	10.709089702718222	1556.0	0.0	3596.405029296875	52311.0	-0.3425	384.0	0.6396761133603239	-94.0	-505.0	0.631578947368421	-583.0	-2.3245144517510323	-142.82563222870684	9277.0	6.366741376040384	13.0	
6.775504430304993	1147.0	2.550443030499339	1846.0	10.672980772382916	1515.0	0.0	3615.936279296875	52951.0	-0.325	391.0	0.520242914979757	-153.0	-549.0	0.7206477732793523	-566.0	-5.214864658204619	-145.3682844500728	9450.0	6.080458631638601	202.0	
5.984677305309014	1123.0	2.039159102329893	1889.0	10.944003449075591	1581.0	0.0	3635.467529296875	53591.0	-0.325	391.0	0.520242914979757	-153.0	-549.0	0.7206477732793523	-207.0	-23.321608808686346	-148.4341836190007	9700.0	0.5411300066824809	1386.0	
6.074987654815034	1096.0	1.5463845291224902	1929.0	11.260352265925782	1573.0	0.0	3654.998779296875	54231.0	-0.325	391.0	0.520242914979757	-153.0	-549.0	0.7206477732793523	-228.0	-28.169444869246064	-148.39731869348694	9710.0	0.8637328127582411	1703.0	
5.312860632681014	1088.0	1.524158506196624	1932.0	11.348672017414598	1637.0	0.0	3674.530029296875	54871.0	-0.325	391.0	0.520242914979757	-153.0	-549.0	0.7206477732793523	-170.0	-34.148952439210895	-149.2874359959106	9784.0	-0.03514841243724032	2094.0	
6.279151662634901	1092.0	1.724690073013982	1914.0	11.314152787966146	1556.0	0.0	3694.061279296875	55511.0	-0.3225	392.0	0.35627530364372473	-234.0	-549.0	0.7206477732793523	-165.0	-35.11240250802875	-150.54011440745597	9868.0	-0.1243976148433179	2157.0	
6.658209806828462	1101.0	1.5352663971319727	1929.0	11.205721160950684	1524.0	0.0	3713.592529296875	56151.0	-0.3225	392.0	0.35627530364372473	-234.0	-549.0	0.7206477732793523	146.0	-39.3332313809451	-151.13875923477352	9921.0	-4.902518480793339	2433.0	
7.1672503795144005	1035.0	1.248847475249617	1951.0	12.00026391113146	1481.0	0.0	3733.123779296875	56791.0	-0.3225	392.0	0.35627530364372473	-234.0	-549.0	0.7206477732793523	89.0	-46.09267472090534	-145.30933670282056	9559.0	-3.96958868696069	2875.0	
7.5598741703200085	1008.0	1.2255122700960426	1952.0	12.329024649755723	1448.0	0.0	3752.655029296875	57431.0	-0.3025	400.0	0.2165991902834008	-303.0	-572.0	0.7672064777327935	80.0	-49.36534638323903	-137.4894683842948	9059.0	-3.753289650852308	3089.0	
7.322804397550684	1010.0	1.3280588026873654	1944.0	12.304608497137687	1468.0	0.0	3772.186279296875	58071.0	-0.3025	400.0	0.2165991902834008	-303.0	-572.0	0.7672064777327935	251.0	-50.48172503440894	-129.52827661247412	8546.0	-6.297584438673459	3162.0	
7.504995813416153	1009.0	1.6900575320914633	1914.0	12.32571857865551	1453.0	0.0	3791.717529296875	58711.0	-0.3025	400.0	0.2165991902834008	-303.0	-572.0	0.7672064777327935	233.0	-52.04159657439976	-122.71651767340535	8107.0	-5.953266143436524	3264.0	
10.171814488478025	1074.0	1.705258371612118	1909.0	11.569558252076058	1229.0	0.0	3811.248779296875	59351.0	-0.2775	410.0	0.0728744939271255	-374.0	-567.0	0.757085020242915	573.0	-29.7751949839425	-116.75664447283025	7665.0	-11.110791855193241	1808.0	
9.356737165893643	1085.0	1.1499070655547778	1956.0	11.417770332247139	1297.0	0.0	3830.780029296875	59991.0	-0.2775	410.0	0.0728744939271255	-374.0	-567.0	0.757085020242915	882.0	-2.82917877351277	-102.56006392885914	6675.0	-15.710271500114125	46.0	
9.466192705396477	1100.0	1.3811753015524046	1937.0	11.242767360795856	1288.0	0.0	3850.311279296875	60631.0	-0.2775	410.0	0.0728744939271255	-374.0	-567.0	0.757085020242915	887.0	8.701636335831168	-85.7787064449522	5554.0	-15.61918034356568	-708.0	
8.931090525147257	1114.0	1.4423858480589427	1933.0	11.069965851128314	1333.0	0.0	3869.842529296875	61271.0	-0.2775	410.0	0.0728744939271255	-374.0	-567.0	0.757085020242915	888.0	16.10337972166998	-69.24809551668507	4460.0	-15.469218717941136	-1192.0	
8.380704022209153	1154.0	1.165640316153545	1957.0	10.576999364617452	1379.0	0.0	3889.373779296875	61911.0	-0.25	421.0	-0.020242914979757085	-420.0	-565.0	0.7530364372469636	710.0	24.88148034867717	-51.9540581577925	3311.0	-12.564960253205976	-1766.0	
7.389927420347881	1192.0	0.8975039395500208	1981.0	10.103897545765562	1462.0	0.0	3908.905029296875	62551.0	-0.25	421.0	-0.020242914979757085	-420.0	-565.0	0.7530364372469636	525.0	28.505887750420555	-38.515475343874705	2426.0	-9.59184494831369	-2003.0	
6.4843889418486835	1206.0	0.8198465658207962	1989.0	9.924614314710805	1538.0	0.0	3928.436279296875	63191.0	-0.25	421.0	-0.020242914979757085	-420.0	-565.0	0.7530364372469636	298.0	29.239944945710356	-27.213317899477122	1687.0	-5.995625583475361	-2051.0	
6.507984802942683	1235.0	0.7984802942682928	1991.0	9.575025357529249	1536.0	0.0	3947.967529296875	63831.0	-0.245	423.0	-0.058704453441295545	-439.0	-568.0	0.7591093117408907	99.0	31.044502217464448	-16.288055788645792	970.0	-2.8328207144001913	-2169.0	
5.567206350052126	1232.0	0.7682540528316699	1995.0	9.601157626484865	1615.0	0.0	3967.498779296875	64471.0	-0.245	423.0	-0.058704453441295545	-439.0	-568.0	0.7591093117408907	24.0	37.16164551154611	-7.6234119943556475	390.0	-1.595338002097922	-2569.0	
5.33049385393846	1227.0	0.9065282509887835	1984.0	9.661796949342293	1635.0	0.0	3987.030029296875	65111.0	-0.245	423.0	-0.058704453441295545	-439.0	-568.0	0.7591093117408907	-331.0	33.904266707447626	0.5887986798068316	-139.0	3.934075803278044	-2356.0	
4.854739469614576	1206.0	0.9501374376480924	1981.0	9.91092363742501	1675.0	0.0	4006.561279296875	215.0	-0.245	423.0	-0.058704453441295545	-439.0	-568.0	0.7591093117408907	-463.0	41.97889585563542	7.843664257977533	-633.0	6.0320963019322384	-2884.0	
5.271814846543585	1210.0	0.991008463882294	1977.0	9.867719040634647	1640.0	0.0	4026.092529296875	855.0	-0.25	421.0	-0.05465587044534413	-437.0	-565.0	0.7530364372469636	-580.0	55.4977825355559	12.499072576011683	-972.0	7.873954973113194	-3768.0	
5.108209955484272	1194.0	1.2971860246175533	1952.0	10.06497762727611	1654.0	0.0	4045.623779296875	1495.0	-0.25	421.0	-0.05465587044534413	-437.0	-565.0	0.7530364372469636	-830.0	85.6247132589081	18.346266154461226	-1433.0	11.768547823428916	-5738.0	
4.430491827082365	1182.0	1.3825160415698283	1946.0	10.204485359584147	1711.0	0.0	4065.155029296875	2135.0	-0.25	421.0	-0.05465587044534413	-437.0	-565.0	0.7530364372469636	-815.0	109.34393638170975	22.106391048353295	-1739.0	11.575981817495963	-7289.0	
4.754658366672349	1181.0	1.6563128577111794	1923.0	10.225251154073959	1684.0	0.0	4084.686279296875	2775.0	-0.265	415.0	0.0020242914979757085	-409.0	-587.0	0.7975708502024291	-864.0	136.04526686037622	25.460571293008332	-2027.0	12.361403319190634	-9035.0	
4.470336390531602	1176.0	1.795543815064998	1912.0	10.285433517315049	1708.0	0.0	4104.217529296875	3415.0	-0.265	415.0	0.0020242914979757085	-409.0	-587.0	0.7975708502024291	-820.0	178.8958556354183	27.475602041859787	-2269.0	11.706396345721654	-11837.0	
4.400133967839704	1170.0	1.9181586887323017	1902.0	10.359472947187982	1714.0	0.0	4123.748779296875	4055.0	-0.265	415.0	0.0020242914979757085	-409.0	-587.0	0.7975708502024291	-713.0	230.8304022021716	25.35332200916796	-2265.0	10.043313793975368	-15233.0	
3.6259766516805474	1157.0	1.8833794537689745	1906.0	10.50766229535122	1779.0	0.0	4143.280029296875	4695.0	-0.28500000000000003	407.0	0.08502024291497975	-368.0	-582.0	0.7874493927125507	-341.0	282.5355558953969	21.94275374895759	-2174.0	4.301060190550801	-18614.0	
2.7196862854435486	1154.0	1.7305333062596342	1920.0	10.531687047051918	1855.0	0.0	4162.811279296875	5335.0	-0.28500000000000003	407.0	0.08502024291497975	-368.0	-582.0	0.7874493927125507	268.0	321.9299587092828	19.26087831641	-2096.0	-5.070549111572743	-21190.0	
1.7995503378310067	1157.0	1.3836052116721111	1950.0	10.479402547370787	1932.0	0.0	4182.342529296875	5975.0	-0.28500000000000003	407.0	0.08502024291497975	-368.0	-582.0	0.7874493927125507	912.0	346.75026762501915	15.952202227236237	-1939.0	-14.98548334829692	-22813.0	
0.7240704554380625	1157.0	0.9784741152348138	1985.0	10.460545126618113	2022.0	0.0	4201.873779296875	6615.0	-0.28500000000000003	407.0	0.08502024291497975	-368.0	-582.0	0.7874493927125507	1530.0	358.0058112861294	12.551464184415506	-1741.0	-24.50238162944632	-23549.0	
-0.4685961616180879	1164.0	0.7594314572388272	2005.0	10.359900257890041	2122.0	0.0	4221.405029296875	7255.0	-0.25	421.0	0.20242914979757085	-310.0	-597.0	0.8178137651821863	2189.0	352.6380180455728	8.529904031850151	-1459.0	-34.65461196167628	-23198.0	
-0.9803739851824393	1184.0	0.7721252912798793	2005.0	10.114072500913531	2165.0	0.0	4240.936279296875	7895.0	-0.25	421.0	0.20242914979757085	-310.0	-597.0	0.8178137651821863	2840.0	330.55513075393793	5.1756533516880285	-1177.0	-44.67741332991722	-21754.0	
-1.4320280383568877	1206.0	0.8448152119302917	2000.0	9.84594951783094	2203.0	0.0	4260.467529296875	8535.0	-0.25	421.0	0.20242914979757085	-310.0	-597.0	0.8178137651821863	3382.0	301.88102156293013	1.7606871541694709	-875.0	-53.028273134596105	-19879.0	
-1.536185173574791	1238.0	1.1433874044256878	1976.0	9.465337221653968	2212.0	0.0	4279.998779296875	9175.0	-0.14	465.0	0.25708502024291496	-283.0	-603.0	0.8299595141700405	3856.0	269.735433552531	-2.8947502430870253	-484.0	-60.348112762519875	-17777.0	
-1.211369379202268	1270.0	1.4821096988208144	1948.0	9.089817656810899	2185.0	0.0	4299.530029296875	9815.0	-0.14	465.0	0.25708502024291496	-283.0	-603.0	0.8299595141700405	4211.0	239.2873528062395	-7.451770721535432	-105.0	-65.8409746659387	-15786.0	
-0.9478975829227386	1299.0	1.6388131362975686	1935.0	8.746188853161785	2163.0	0.0	4319.061279296875	10455.0	-0.14	465.0	0.25708502024291496	-283.0	-603.0	0.8299595141700405	4307.0	220.58418718458483	-12.79513186350367	292.0	-67.36747870853837	-14563.0	
-0.9960780358703716	1331.0	1.5826726034390373	1940.0	8.359042069300436	2167.0	0.0	4338.592529296875	11095.0	-0.14	465.0	0.25708502024291496	-283.0	-603.0	0.8299595141700405	4240.0	210.44502217464446	-18.567550628080113	693.0	-66.39712249108977	-13900.0	
-1.0662539631628287	1347.0	1.707937017050462	1930.0	8.168074513962393	2173.0	0.0	4358.123779296875	11735.0	-0.015	515.0	0.22469635627530365	-299.0	-592.0	0.8076923076923077	3782.0	199.83177855941278	-23.735009222404138	1052.0	-59.421023561611804	-13206.0	
-0.9052844558502939	1365.0	2.328697272113458	1879.0	7.965231944257259	2160.0	0.0	4377.655029296875	12375.0	-0.015	515.0	0.22469635627530365	-299.0	-592.0	0.8076923076923077	3250.0	184.73772748126626	-26.55054628663185	1269.0	-51.28591362613163	-12219.0	
-0.9138786020580987	1379.0	2.659758841809174	1852.0	7.803092535393915	2161.0	0.0	4397.186279296875	13015.0	-0.015	515.0	0.22469635627530365	-299.0	-592.0	0.8076923076923077	2753.0	163.5418259672733	-25.902095146045365	1277.0	-43.653220736637685	-10833.0	
-0.9608532793387005	1400.0	2.7241958756537703	1847.0	7.550899481105231	2165.0	0.0	4416.717529296875	13655.0	0.075	551.0	0.20647773279352227	-308.0	-587.0	0.7975708502024291	2156.0	140.48019574858543	-21.45685254107242	1042.0	-34.44811156668739	-9325.0	
-0.8409557891965227	1417.0	2.809182985109642	1840.0	7.348978921087336	2155.0	0.0	4436.248779296875	14295.0	0.075	551.0	0.20647773279352227	-308.0	-587.0	0.7975708502024291	1562.0	112.95305092521794	-13.725643339335257	605.0	-25.25617618174382	-7525.0	
-0.826752931165321	1404.0	3.0389925977536163	1821.0	7.510343647944624	2154.0	0.0	4455.780029296875	14935.0	0.075	551.0	0.20647773279352227	-308.0	-587.0	0.7975708502024291	833.0	85.74705612478974	-3.1056567810802638	-22.0	-13.963847729388219	-5746.0	
-0.586880608988805	1401.0	3.216701005881403	1806.0	7.552441117642198	2134.0	0.0	4475.311279296875	15575.0	0.1275	572.0	0.18421052631578946	-319.0	-596.0	0.8157894736842105	155.0	62.41015445786818	9.120807463597178	-763.0	-3.4380231667327563	-4220.0	
-0.5255667193042676	1379.0	3.3957090219541834	1791.0	7.821694657824354	2129.0	0.0	4494.842529296875	16215.0	0.1275	572.0	0.18421052631578946	-319.0	-596.0	0.8157894736842105	-531.0	41.97889585563542	21.1529266170796	-1499.0	7.208613814275753	-2884.0	
-0.2498882671611926	1357.0	3.58260185530931	1775.0	8.093249539976743	2106.0	0.0	4514.373779296875	16855.0	0.1275	572.0	0.18421052631578946	-319.0	-596.0	0.8157894736842105	-1135.0	23.55100168221441	32.82526691908341	-2216.0	16.593405346803234	-1679.0	
-0.271778699878077	1327.0	3.7745109645732535	1759.0	8.458314600967382	2108.0	0.0	4533.905029296875	17495.0	0.1275	572.0	0.18421052631578946	-319.0	-596.0	0.8157894736842105	-1713.0	7.768771983483714	43.44217632008404	-2871.0	25.568685995209435	-647.0	
-0.4598315640517779	1283.0	4.016843594822208	1739.0	8.991401206858335	2124.0	0.0	4553.436279296875	18135.0	0.1225	570.0	0.20040485829959515	-311.0	-609.0	0.8421052631578947	-2183.0	-5.6736504052607435	52.22867213952842	-3412.0	32.868458272722584	232.0	
-0.3039082259964554	1261.0	4.132986924163984	1729.0	9.260343547789581	2111.0	0.0	4572.967529296875	18775.0	0.1225	570.0	0.20040485829959515	-311.0	-609.0	0.8421052631578947	-2437.0	-16.86802263343019	59.95864951158495	-3888.0	36.84325689560688	964.0	
-0.16097353995093555	1248.0	4.14074124300168	1728.0	9.418554487050885	2099.0	0.0	4592.498779296875	19415.0	0.1225	570.0	0.20040485829959515	-311.0	-609.0	0.8421052631578947	-2548.0	-25.50848753632054	64.63994403578234	-4171.0	38.593307526900716	1529.0	
0.30164861197238135	1260.0	3.974385006761947	1741.0	9.275275270592312	2060.0	0.0	4612.030029296875	20055.0	0.085	555.0	0.2651821862348178	-279.0	-619.0	0.8623481781376519	-2522.0	-34.607738186267014	64.42339982433055	-4133.0	38.19218550967495	2124.0	
0.6566268987342574	1243.0	3.7579279686638363	1758.0	9.479315189806401	2030.0	0.0	4631.561279296875	20695.0	0.085	555.0	0.2651821862348178	-279.0	-619.0	0.8623481781376519	-2662.0	-36.04526686037621	61.367892219091885	-3932.0	40.309858145760046	2218.0	
0.43189170584684455	1199.0	3.903456298970169	1746.0	10.010098886411365	2049.0	0.0	4651.092529296875	21335.0	0.085	555.0	0.2651821862348178	-279.0	-619.0	0.8623481781376519	-2701.0	-27.40480195748586	53.17216191613855	-3422.0	40.82633570539739	1653.0	
0.17251641556074204	1130.0	4.156403460836108	1725.0	10.843889377950642	2071.0	0.0	4670.623779296875	21975.0	0.085	555.0	0.2651821862348178	-279.0	-619.0	0.8623481781376519	-2646.0	-18.93255849518275	45.259054254224615	-2929.0	39.90325802758138	1099.0	
0.33034563055835275	1071.0	4.46313448440671	1699.0	11.562445664066006	2058.0	0.0	4690.155029296875	22615.0	0.0425	538.0	0.3502024291497976	-237.0	-630.0	0.8846153846153846	-2412.0	-15.751643982260285	41.27641306173588	-2676.0	36.27282243965526	891.0	
0.21350292485108419	1060.0	4.68362581844175	1681.0	11.698217184171563	2068.0	0.0	4709.686279296875	23255.0	0.0425	538.0	0.3502024291497976	-237.0	-630.0	0.8846153846153846	-1904.0	-12.463679461691392	39.34640309494907	-2554.0	28.458524641659942	676.0	
