Device	Device	Device	Device	Device	Device	Device	Device	Device	Device	Device	Device	Device	Device	Device	Device	Device	Device	Device	Device	Device	
Low Noise Accelerometer X	Low Noise Accelerometer X	Low Noise Accelerometer Z	Low Noise Accelerometer Z	Low Noise Accelerometer Y	Low Noise Accelerometer Y	Event_Marker	Timestamp	Timestamp	Magnetometer Z	Magnetometer Z	Magnetometer X	Magnetometer X	Magnetometer Y	Magnetometer Y	Gyroscope Y	Gyroscope Y	Gyroscope Z	Gyroscope Z	Gyroscope X	Gyroscope X	
CAL	UNCAL	UNCAL	CAL	CAL	UNCAL	CAL	UNCAL	CAL	CAL	UNCAL	CAL	UNCAL	CAL	UNCAL	CAL	UNCAL	CAL	UNCAL	CAL	UNCAL	
m/(s^2)	no units	no units	m/(s^2)	m/(s^2)	no units	no units	no units	ms	local_flux	no units	local_flux	no units	local_flux	no units	deg/s	no units	deg/s	no units	deg/s	no units	
-7.721247667431466	2437.0	1856.0	2.875233256853364	-5.007659618766163	2733.0	0.0	46041.0	1405.059814453125	0.04	537.0	-0.7145748987854251	-763.0	-0.11740890688259109	-135.0	-2.0186572870469495	4685.0	34.664007108313875	-2211.0	-72.69310214159141	-7.0	
-8.271426495786363	2447.0	1878.0	2.6192551832682938	-5.138762896232256	2779.0	0.0	46681.0	1424.591064453125	0.04	537.0	-0.7145748987854251	-763.0	-0.11740890688259109	-135.0	-9.22159351582811	4857.0	32.34838407236213	-2040.0	-75.35550956114841	464.0	
-8.159856903300923	2432.0	1939.0	1.8714525270505271	-4.971880361865492	2769.0	0.0	47321.0	1444.122314453125	0.0425	538.0	-0.7165991902834008	-764.0	-0.0931174089068826	-147.0	-22.465208747514914	4940.0	31.02974435197866	-1919.0	-76.64228810197662	1330.0	
-8.119399918038518	2465.0	1998.0	1.1552462913863921	-5.383390278171934	2765.0	0.0	47961.0	1463.653564453125	0.0425	538.0	-0.7165991902834008	-764.0	-0.0931174089068826	-147.0	-32.833766630983334	5059.0	29.49397232282075	-1791.0	-78.48363937758506	2008.0	
-8.07202581233042	2472.0	2000.0	1.1307521002914152	-5.467743770334343	2761.0	0.0	48601.0	1483.184814453125	0.0425	538.0	-0.7165991902834008	-764.0	-0.0931174089068826	-147.0	-39.34852423918031	4844.0	29.014036532162528	-1745.0	-75.18937474899478	2434.0	
-7.7615986081517	2464.0	1992.0	1.2210915657823942	-5.366447166814061	2735.0	0.0	49241.0	1502.716064453125	0.0725	550.0	-0.7145748987854251	-763.0	-0.08097165991902834	-153.0	-32.22205230157517	4431.0	29.08091896879585	-1772.0	-68.85143417382287	1968.0	
-8.229681074162297	2473.0	2024.0	0.8414163932940779	-5.487155229863693	2774.0	0.0	49881.0	1522.247314453125	0.0725	550.0	-0.7145748987854251	-763.0	-0.08097165991902834	-153.0	-21.53234439516746	3977.0	29.291229114417295	-1818.0	-61.882935491577946	1269.0	
-8.578006017412466	2484.0	2050.0	0.5327315920867598	-5.629342295802269	2803.0	0.0	50521.0	1541.778564453125	0.0725	550.0	-0.7145748987854251	-763.0	-0.08097165991902834	-153.0	-16.8986083499006	3483.0	29.383860384558567	-1841.0	-54.30183425176283	966.0	
-8.851163059248186	2474.0	2045.0	0.5979797894671708	-5.510286974562174	2826.0	0.0	51161.0	1561.309814453125	0.0725	550.0	-0.7145748987854251	-763.0	-0.08097165991902834	-153.0	-19.314879951062856	2995.0	28.005983307545495	-1750.0	-46.827504997368	1124.0	
-8.815579055900889	2473.0	2046.0	0.5849515527682996	-5.498143506491595	2823.0	0.0	51801.0	1580.841064453125	0.08750000000000001	556.0	-0.7186234817813765	-765.0	-0.07489878542510121	-156.0	-22.694601621042974	2781.0	25.093705425686256	-1554.0	-43.57290827334786	1345.0	
-9.195488107778498	2466.0	2038.0	0.6892844602453243	-5.41551858946324	2855.0	0.0	52441.0	1600.372314453125	0.08750000000000001	556.0	-0.7186234817813765	-765.0	-0.07489878542510121	-156.0	-24.468573176326657	2431.0	22.127098972090856	-1360.0	-38.2320050575401	1461.0	
-9.62350147504792	2453.0	2034.0	0.7450905904460366	-5.262056094507823	2891.0	0.0	53081.0	1619.903564453125	0.08750000000000001	556.0	-0.7186234817813765	-765.0	-0.07489878542510121	-156.0	-27.05306621807616	2241.0	17.66400706298916	-1065.0	-35.36118408158739	1630.0	
-9.600798673409809	2449.0	2043.0	0.63441837330472	-5.21584973974993	2889.0	0.0	53721.0	1639.434814453125	0.1125	566.0	-0.7368421052631579	-774.0	-0.10323886639676114	-142.0	-31.45740938981496	2116.0	13.622050435401974	-792.0	-33.48354319059765	1918.0	
-9.28977159223842	2433.0	2030.0	0.7847455380627035	-5.016961841305708	2863.0	0.0	54361.0	1658.966064453125	0.1125	566.0	-0.7368421052631579	-774.0	-0.10323886639676114	-142.0	-35.922923994494575	1940.0	9.359385564904052	-505.0	-30.825540715472645	2210.0	
-9.073816277721415	2438.0	2016.0	0.9517055611919133	-5.071704051553376	2845.0	0.0	55001.0	1678.497314453125	0.1125	566.0	-0.7368421052631579	-774.0	-0.10323886639676114	-142.0	-36.7640311974308	1872.0	6.583303915267715	-323.0	-29.809876643216516	2265.0	
-8.9556446896741	2439.0	2023.0	0.8641024611613426	-5.084322590444598	2835.0	0.0	55641.0	1698.028564453125	0.1125	566.0	-0.7368421052631579	-774.0	-0.10323886639676114	-142.0	-33.858388132742014	1689.0	4.33185483527798	-186.0	-27.024350624579554	2075.0	
-8.789143046606698	2431.0	2024.0	0.8476001012347669	-4.986602079043781	2821.0	0.0	56281.0	1717.559814453125	0.155	583.0	-0.7550607287449392	-783.0	-0.10121457489878542	-143.0	-33.369016669215476	1519.0	3.2710720064050545	-120.0	-24.42639623098705	2043.0	
-8.538704462781487	2432.0	2020.0	0.8914584837559648	-4.995268718326189	2800.0	0.0	56921.0	1737.091064453125	0.155	583.0	-0.7550607287449392	-783.0	-0.10121457489878542	-143.0	-36.213488300963455	1449.0	2.46663749236326	-61.0	-23.360326720058723	2229.0	
-8.169843260217585	2440.0	2021.0	0.8728168353845719	-5.088338481436653	2769.0	0.0	57561.0	1756.622314453125	0.155	583.0	-0.7550607287449392	-783.0	-0.10121457489878542	-143.0	-33.307845236274666	1333.0	0.30237174251539045	71.0	-21.602009273214716	2039.0	
-8.16910582451584	2445.0	2015.0	0.9465604055588033	-5.147097199531572	2769.0	0.0	58201.0	1776.153564453125	0.1875	596.0	-0.7327935222672065	-772.0	-0.09919028340080972	-144.0	-32.573788040984866	1202.0	0.006821753953919707	87.0	-19.594837413885966	1991.0	
-8.155617519795955	2446.0	2002.0	1.1049146870711957	-5.1558434236252095	2768.0	0.0	58841.0	1795.684814453125	0.1875	596.0	-0.7327935222672065	-772.0	-0.09919028340080972	-144.0	-33.15491665392262	1119.0	0.8017461777169448	36.0	-18.313296026023966	2029.0	
-7.856236960594603	2440.0	1987.0	1.28106584530163	-5.077037438242082	2743.0	0.0	59481.0	1815.216064453125	0.1875	596.0	-0.7327935222672065	-772.0	-0.09919028340080972	-144.0	-31.977366569811903	990.0	1.8576483688038736	-37.0	-16.323298612214984	1952.0	
-8.000283219706258	2441.0	1997.0	1.1621542198503803	-5.092904326113308	2755.0	0.0	60121.0	1834.747314453125	0.2125	606.0	-0.7327935222672065	-772.0	-0.0931174089068826	-147.0	-29.255237803945562	960.0	4.235846372606889	-199.0	-15.839182122433208	1774.0	
-7.951690090631408	2448.0	1989.0	1.2595623654305916	-5.174807581308546	2751.0	0.0	60761.0	1854.278564453125	0.2125	606.0	-0.7327935222672065	-772.0	-0.0931174089068826	-147.0	-27.42009481572106	875.0	5.25681766454397	-271.0	-14.52469129857322	1654.0	
-8.020305374273853	2444.0	1966.0	1.5408911440432878	-5.121674387488378	2757.0	0.0	61401.0	1873.809814453125	0.2125	606.0	-0.7327935222672065	-772.0	-0.0931174089068826	-147.0	-22.556965896926137	786.0	6.632869947241228	-374.0	-13.14527173017313	1336.0	
-8.35271841810669	2444.0	1959.0	1.6329200940928543	-5.123157938925716	2785.0	0.0	62041.0	1893.341064453125	0.2125	606.0	-0.7327935222672065	-772.0	-0.0931174089068826	-147.0	-15.76693684049549	740.0	7.09251230473529	-422.0	-12.434829058324445	892.0	
-8.423648641809624	2441.0	1955.0	1.6827548666565162	-5.086725967398219	2791.0	0.0	62681.0	1912.872314453125	0.23750000000000002	616.0	-0.7105263157894737	-761.0	-0.06882591093117409	-159.0	-13.30478666462762	692.0	5.510123291506449	-326.0	-11.714117732866738	731.0	
-8.446974202830832	2434.0	1951.0	1.7311511454881783	-5.001653948034207	2793.0	0.0	63321.0	1932.403564453125	0.23750000000000002	616.0	-0.7105263157894737	-761.0	-0.06882591093117409	-159.0	-12.295458021104146	721.0	4.443696013473445	-259.0	-12.169772031732691	665.0	
-8.339842033742856	2443.0	1951.0	1.7300823400000052	-5.10903773739285	2784.0	0.0	63961.0	1951.934814453125	0.23750000000000002	616.0	-0.7105263157894737	-761.0	-0.06882591093117409	-159.0	-13.473008105214866	784.0	3.792946667776862	-213.0	-13.142981995651526	742.0	
-8.342632539786665	2454.0	1974.0	1.4510317356191325	-5.247176775022833	2784.0	0.0	64601.0	1971.466064453125	0.2525	622.0	-0.7044534412955465	-758.0	-0.0728744939271255	-157.0	-11.362593668756691	820.0	3.2218792468643684	-181.0	-13.701094081553148	604.0	
-8.423389180763877	2454.0	1953.0	1.7087009712312615	-5.242830956720363	2791.0	0.0	65241.0	1990.997314453125	0.2525	622.0	-0.7044534412955465	-758.0	-0.0728744939271255	-157.0	-6.83590763113626	702.0	3.407243000387285	-206.0	-11.88859137235918	308.0	
-8.460672590806599	2461.0	1966.0	1.5517885383878114	-5.330679388875248	2794.0	0.0	345.0	2010.528564453125	0.2525	622.0	-0.7044534412955465	-758.0	-0.0728744939271255	-157.0	-5.1842789417342106	669.0	2.8593192501506506	-175.0	-11.387702649143423	200.0	
-8.271797723020965	2479.0	1979.0	1.3916562693320726	-5.548860755458025	2778.0	0.0	985.0	2030.059814453125	0.2525	622.0	-0.7044534412955465	-758.0	-0.0728744939271255	-157.0	-1.513992965285212	536.0	1.0156188894216789	-66.0	-9.3653233262201	-40.0	
-8.258922542993469	2477.0	1971.0	1.4886980816053996	-5.522694781870116	2777.0	0.0	1625.0	2049.591064453125	0.2575	624.0	-0.7186234817813765	-765.0	-0.06477732793522267	-161.0	1.0705000764642914	345.0	-0.16294386392549798	2.0	-6.446312575051715	-209.0	
-8.139539157597435	2472.0	1968.0	1.5222747164470756	-5.4605884514639005	2767.0	0.0	2265.0	2069.122314453125	0.2575	624.0	-0.7186234817813765	-765.0	-0.06477732793522267	-161.0	1.330478666462762	233.0	-1.3902215144708647	80.0	-4.74000318184718	-226.0	
-8.057308849553076	2481.0	1977.0	1.4119721875495854	-5.570405933901165	2760.0	0.0	2905.0	2088.653564453125	0.2575	624.0	-0.7186234817813765	-765.0	-0.06477732793522267	-161.0	1.881021562930112	192.0	-1.9876179377241818	117.0	-4.116853316096591	-262.0	
-7.901850238454028	2478.0	1971.0	1.481642821263936	-5.5313133568026345	2747.0	0.0	3545.0	2108.184814453125	0.25	621.0	-0.7348178137651822	-773.0	-0.10931174089068826	-139.0	-0.6728857623489831	119.0	-2.2042864286300974	137.0	-2.9988726939625328	-95.0	
-7.507725080845494	2483.0	1960.0	1.6084442964029457	-5.5850770395791915	2714.0	0.0	4185.0	2127.716064453125	0.25	621.0	-0.7348178137651822	-773.0	-0.10931174089068826	-139.0	-0.1529285823520416	89.0	-3.0294824833308645	189.0	-2.5467901447657932	-129.0	
-7.496787090505081	2492.0	1968.0	1.511767139968032	-5.695334937744244	2713.0	0.0	4825.0	2147.247314453125	0.25	621.0	-0.7348178137651822	-773.0	-0.10931174089068826	-139.0	0.382321455880104	85.0	-2.513179183568908	154.0	-2.480249177135674	-164.0	
-7.437037457479572	2487.0	1966.0	1.5343494901380699	-5.634044830555167	2708.0	0.0	5465.0	2166.778564453125	0.255	623.0	-0.7145748987854251	-763.0	-0.13157894736842105	-128.0	0.6117143294081664	-15.0	-1.8609456545904273	110.0	-0.9392784760333986	-179.0	
-7.2680893373243	2486.0	1947.0	1.7624948389986368	-5.615744249605319	2694.0	0.0	6105.0	2186.309814453125	0.255	623.0	-0.7145748987854251	-763.0	-0.13157894736842105	-128.0	3.3338430952745073	-117.0	-0.6934900177979434	26.0	0.6375334134632666	-357.0	
-7.362454981021734	2486.0	1940.0	1.8497399930646785	-5.614943002960971	2702.0	0.0	6745.0	2205.841064453125	0.255	623.0	-0.7145748987854251	-763.0	-0.13157894736842105	-128.0	4.771371769383698	-165.0	1.0873352667277711	-94.0	1.3918768818985192	-451.0	
-7.479909607085055	2473.0	1927.0	2.009039291494478	-5.456305057228913	2712.0	0.0	7385.0	2225.372314453125	0.255	623.0	-0.7145748987854251	-763.0	-0.13157894736842105	-128.0	7.355864811133202	-264.0	2.245375359664271	-177.0	2.92256116498225	-620.0	
-7.672301577589195	2470.0	1943.0	1.8174612886995254	-5.4259159586766	2728.0	0.0	8025.0	2244.903564453125	0.2525	622.0	-0.7246963562753036	-768.0	-0.12753036437246965	-130.0	8.48753632053831	-212.0	3.792304573002014	-280.0	2.1401173068931323	-694.0	
-7.623097732494632	2478.0	1930.0	1.975941036251155	-5.518639867443296	2724.0	0.0	8665.0	2264.434814453125	0.2525	622.0	-0.7246963562753036	-768.0	-0.12753036437246965	-130.0	7.539379109955651	-151.0	4.547098965717705	-326.0	1.21165174767467	-632.0	
-7.170808876573704	2477.0	1930.0	1.9667313902486339	-5.502252979033053	2686.0	0.0	9305.0	2283.966064453125	0.2525	622.0	-0.7246963562753036	-768.0	-0.12753036437246965	-130.0	5.5818932558495185	-130.0	4.767038987411071	-335.0	0.8916169910709806	-504.0	
-6.455913584093357	2495.0	1924.0	2.0276892097119985	-5.7107523395985	2626.0	0.0	9945.0	2303.497314453125	0.25	621.0	-0.7348178137651822	-773.0	-0.08097165991902834	-153.0	10.58265789876128	-117.0	5.1073478646499755	-370.0	0.6955417922877458	-831.0	
-5.732922593778949	2490.0	1949.0	1.7077406221051583	-5.649680437592072	2565.0	0.0	10585.0	2323.028564453125	0.25	621.0	-0.7348178137651822	-773.0	-0.08097165991902834	-153.0	20.50772289340878	-255.0	8.103729491675864	-592.0	2.8430443533792418	-1480.0	
-4.678626519688823	2476.0	1990.0	1.1849670787366686	-5.480918248923359	2476.0	0.0	11225.0	2342.559814453125	0.25	621.0	-0.7348178137651822	-773.0	-0.08097165991902834	-153.0	28.62823061630219	-265.0	13.083752597335248	-937.0	3.046289421017084	-2011.0	
-3.0803264846423972	2487.0	2060.0	0.30068486909361747	-5.615151013247684	2341.0	0.0	11865.0	2362.091064453125	0.25	621.0	-0.7348178137651822	-773.0	-0.08097165991902834	-153.0	33.21608808686344	-214.0	19.106508010206298	-1340.0	2.323948308581425	-2311.0	
-2.801259556678403	2481.0	2114.0	-0.36405090593557166	-5.553365902842122	2317.0	0.0	12505.0	2381.622314453125	0.23	613.0	-0.7449392712550608	-778.0	-0.06680161943319839	-160.0	36.7487383391956	-354.0	30.23317773745254	-2074.0	4.583442717991374	-2542.0	
-3.7771356079058944	2478.0	2113.0	-0.33260840963707183	-5.526351235115174	2399.0	0.0	13145.0	2401.153564453125	0.23	613.0	-0.7449392712550608	-778.0	-0.06680161943319839	-160.0	48.61599632971403	-399.0	46.45508249858816	-3160.0	5.436163530218351	-3318.0	
-4.227618811167121	2460.0	2098.0	-0.14283349766441822	-5.310193099028814	2437.0	0.0	13785.0	2420.684814453125	0.23	613.0	-0.7449392712550608	-778.0	-0.06680161943319839	-160.0	56.247132589080906	-685.0	60.594616321038316	-4102.0	9.966081194666575	-3817.0	
-4.5137100455109085	2403.0	2101.0	-0.18052836061469463	-4.62706092067945	2461.0	0.0	14425.0	2440.216064453125	0.17250000000000001	590.0	-0.7469635627530364	-779.0	-0.0020242914979757085	-192.0	56.27771830555131	-947.0	70.22766158919939	-4731.0	14.08266636577691	-3819.0	
-5.13343816439964	2342.0	2107.0	-0.2485783447258874	-3.8996794425144174	2513.0	0.0	15065.0	2459.747314453125	0.17250000000000001	590.0	-0.7469635627530364	-779.0	-0.0020242914979757085	-192.0	48.72304633736046	-992.0	74.39885305010108	-4983.0	14.81488004500155	-3325.0	
-5.694490888902511	2295.0	2120.0	-0.40146984263206176	-3.342082739476606	2560.0	0.0	15705.0	2479.278564453125	0.17250000000000001	590.0	-0.7469635627530364	-779.0	-0.0020242914979757085	-192.0	26.578987612784832	-784.0	74.94730310685246	-4959.0	11.628711944679084	-1877.0	
-6.47698650323274	2306.0	2095.0	-0.0796027042263982	-3.4760004733337224	2626.0	0.0	16345.0	2498.809814453125	0.135	575.0	-0.7408906882591093	-776.0	0.06477732793522267	-225.0	2.2480501605750116	-520.0	79.02171012916867	-5158.0	7.618512329157269	-286.0	
-6.285592633812429	2290.0	2087.0	0.01216519018575371	-3.2794800924139267	2610.0	0.0	16985.0	2518.341064453125	0.135	575.0	-0.7408906882591093	-776.0	0.06477732793522267	-225.0	-16.562165468726107	-426.0	80.06531868804963	-5176.0	6.186566950882339	944.0	
-6.472191100300394	2239.0	2055.0	0.3999375890081687	-2.6591327977770574	2626.0	0.0	17625.0	2537.872314453125	0.135	575.0	-0.7408906882591093	-776.0	0.06477732793522267	-225.0	-31.365652240403733	-613.0	83.16652491984271	-5341.0	9.086997457269625	1912.0	
-7.371885492657212	2247.0	2015.0	0.9066888295169062	-2.7543802590591255	2702.0	0.0	18265.0	2557.403564453125	0.135	575.0	-0.7408906882591093	-776.0	0.06477732793522267	-225.0	-30.601009328643528	-669.0	88.57212183804651	-5695.0	10.00034451130666	1862.0	
-7.587044094625389	2195.0	2022.0	0.8194000612706155	-2.1317715963473476	2720.0	0.0	18905.0	2576.934814453125	0.135	575.0	-0.7186234817813765	-765.0	0.14979757085020243	-267.0	-29.7751949839425	-936.0	88.77497968703256	-5713.0	14.099350226515869	1808.0	
-8.025052750622955	2146.0	2002.0	1.0661535091331529	-1.54085516816694	2757.0	0.0	19545.0	2596.466064453125	0.135	575.0	-0.7186234817813765	-765.0	0.14979757085020243	-267.0	-30.66218076158434	-1118.0	89.73613547315861	-5775.0	16.90165781015586	1866.0	
-8.722569702636854	2120.0	1963.0	1.5525535458383701	-1.2248493249047818	2816.0	0.0	20185.0	2615.997314453125	0.135	575.0	-0.7186234817813765	-765.0	0.14979757085020243	-267.0	-27.89417342101239	-1241.0	90.5140163607499	-5834.0	18.79680810898114	1685.0	
-9.300568119218322	2100.0	1920.0	2.086045221024843	-0.9789956201451803	2865.0	0.0	20825.0	2635.528564453125	0.1325	574.0	-0.7024291497975709	-757.0	0.21862348178137653	-301.0	-21.777030126930725	-1276.0	91.9712439631574	-5945.0	19.348437313039582	1285.0	
-9.809365827200736	2064.0	1895.0	2.39675061325974	-0.5441345496212703	2908.0	0.0	21465.0	2655.059814453125	0.1325	574.0	-0.7024291497975709	-757.0	0.21862348178137653	-301.0	-16.302186878727635	-1419.0	92.2840373021166	-5981.0	21.54582640954104	927.0	
-10.28246846852622	2018.0	1870.0	2.705534099758871	0.011526961165336878	2948.0	0.0	22105.0	2674.591064453125	0.1325	574.0	-0.7024291497975709	-757.0	0.21862348178137653	-301.0	-7.600550542896468	-1396.0	92.52400254102274	-6019.0	21.195302937793226	358.0	
-11.259227944518894	1990.0	1876.0	2.648634119539147	0.33797076439137713	3030.0	0.0	22745.0	2694.122314453125	0.1325	574.0	-0.7024291497975709	-757.0	0.21862348178137653	-301.0	-2.2174644441046034	-1281.0	89.92695413209204	-5863.0	19.40471683301956	6.0	
-10.745748305586444	1966.0	1862.0	2.806121822308064	0.635411941342104	2987.0	0.0	23385.0	2713.653564453125	0.1125	566.0	-0.6417004048582996	-727.0	0.2793522267206478	-331.0	-4.572564612326044	-856.0	85.90280291282781	-5591.0	12.84306976612383	160.0	
-9.820239458982195	1906.0	1885.0	2.4998636255899624	1.3614334321388446	2909.0	0.0	24025.0	2733.184814453125	0.1125	566.0	-0.6417004048582996	-727.0	0.2793522267206478	-331.0	-5.8112861293775815	-814.0	78.91442530517462	-5133.0	12.128717676406051	241.0	
-10.143987300763273	1951.0	1905.0	2.26793659033941	0.8113887383172277	2936.0	0.0	24665.0	2752.716064453125	0.1125	566.0	-0.6417004048582996	-727.0	0.2793522267206478	-331.0	-0.3058571647040832	-590.0	77.23666942374568	-5036.0	8.674775778171783	-119.0	
-9.917482585306306	1946.0	1902.0	2.2993605169884996	0.8745232278602009	2917.0	0.0	25305.0	2772.247314453125	0.0975	560.0	-0.6153846153846154	-714.0	0.34615384615384615	-364.0	2.8597644899831782	-576.0	77.35829660470883	-5052.0	8.461169278767667	-326.0	
-9.166954851658618	1902.0	1896.0	2.3521338817572675	1.413204454419764	2854.0	0.0	25945.0	2791.778564453125	0.0975	560.0	-0.6153846153846154	-714.0	0.34615384615384615	-364.0	-0.7952286282306164	-718.0	75.63700942518635	-4932.0	10.622873086426177	-87.0	
-8.6182256036441	1903.0	1886.0	2.463153921304172	1.4088639549197628	2808.0	0.0	26585.0	2811.309814453125	0.0975	560.0	-0.6153846153846154	-714.0	0.34615384615384615	-364.0	-7.677014834072489	-548.0	73.43128050031106	-4769.0	7.992253575296191	363.0	
-8.265933985634431	1882.0	1925.0	1.9780300079853528	1.655696441026254	2778.0	0.0	27225.0	2830.841064453125	0.08	553.0	-0.562753036437247	-688.0	0.4271255060728745	-404.0	-11.744915124636796	-525.0	71.3980674739531	-4626.0	7.618998320895739	629.0	
-8.680829572539349	1866.0	1911.0	2.155137984160606	1.8478607290180593	2813.0	0.0	27865.0	2850.372314453125	0.08	553.0	-0.562753036437247	-688.0	0.4271255060728745	-404.0	-10.490900749350054	-424.0	75.00863675620262	-4863.0	6.105311164247618	547.0	
-7.729111924972038	1879.0	1915.0	2.0888075027961395	1.6994247898423467	2733.0	0.0	28505.0	2869.903564453125	0.08	553.0	-0.562753036437247	-688.0	0.4271255060728745	-404.0	-14.237651016975073	-335.0	77.540776471649	-5017.0	4.764973515828965	792.0	
-7.823790020514104	1822.0	1910.0	2.1448074723991937	2.3863449962307945	2741.0	0.0	29145.0	2889.434814453125	0.08	553.0	-0.562753036437247	-688.0	0.4271255060728745	-404.0	-9.29805780700413	-439.0	79.88045382738477	-5183.0	6.384196589831313	469.0	
-8.33549291085897	1803.0	1909.0	2.164994628388641	2.610547373097737	2784.0	0.0	29785.0	2908.966064453125	0.0625	546.0	-0.5141700404858299	-664.0	0.48380566801619435	-432.0	-2.6915430493959325	-529.0	81.67880696592051	-5318.0	7.783183650447913	37.0	
-7.979278740021607	1800.0	1916.0	2.0721259978392506	2.648396720508376	2754.0	0.0	30425.0	2928.497314453125	0.0625	546.0	-0.5141700404858299	-664.0	0.48380566801619435	-432.0	-8.212264872304635	-384.0	83.62911993505558	-5429.0	5.577736649711151	398.0	
-7.528714581859207	1784.0	1930.0	1.890446575984111	2.842039857990247	2716.0	0.0	31065.0	2948.028564453125	0.0625	546.0	-0.5141700404858299	-664.0	0.48380566801619435	-432.0	-17.72442269460162	-322.0	83.94217727765731	-5424.0	4.629509236333425	1020.0	
-6.976500748207315	1743.0	1891.0	2.3499251792684674	3.3507274720069105	2670.0	0.0	31705.0	2967.559814453125	0.04	537.0	-0.4331983805668016	-624.0	0.548582995951417	-464.0	-25.768466126319012	-357.0	84.56615102596656	-5444.0	5.172805901850889	1546.0	
-7.6045671652671185	1706.0	1868.0	2.6385215685262655	3.796001868151589	2723.0	0.0	32345.0	2987.091064453125	0.04	537.0	-0.4331983805668016	-624.0	0.548582995951417	-464.0	-31.151552225110876	-568.0	87.48684584141013	-5622.0	8.43969890186968	1898.0	
-7.2471363797356805	1701.0	1865.0	2.667314407384416	3.8603929966394883	2693.0	0.0	32985.0	3006.622314453125	0.04	537.0	-0.4331983805668016	-624.0	0.548582995951417	-464.0	-36.19819544272825	-572.0	90.57965130056253	-5810.0	8.532004891093703	2228.0	
-7.540857380620915	1649.0	1833.0	3.0571190807655935	4.491757904194644	2718.0	0.0	33625.0	3026.153564453125	0.04	537.0	-0.4331983805668016	-624.0	0.548582995951417	-464.0	-36.7487383391956	-690.0	92.65996209407152	-5945.0	10.363457070687533	2264.0	
-7.705483255154483	1595.0	1816.0	3.261198294075403	5.14479563935406	2732.0	0.0	34265.0	3045.684814453125	0.0275	532.0	-0.3603238866396761	-588.0	0.6072874493927125	-493.0	-33.24667380333385	-950.0	93.4951287648548	-6011.0	14.36137448850784	2035.0	
-7.605790038733488	1565.0	1779.0	3.7067104123654793	5.516148597016602	2724.0	0.0	34905.0	3065.216064453125	0.0275	532.0	-0.3603238866396761	-588.0	0.6072874493927125	-493.0	-35.51001682214406	-972.0	91.9826840596551	-5907.0	14.68382868193459	2183.0	
-8.269559952804586	1531.0	1756.0	3.996385671922277	5.924942957283894	2780.0	0.0	35545.0	3084.747314453125	0.0275	532.0	-0.3603238866396761	-588.0	0.6072874493927125	-493.0	-35.21945251567519	-1105.0	90.72019966178786	-5827.0	16.71202016448653	2164.0	
-8.680668136918202	1522.0	1711.0	4.55223392722738	6.040382575488618	2815.0	0.0	36185.0	3104.278564453125	0.005	523.0	-0.2975708502024291	-557.0	0.6558704453441295	-517.0	-40.4190243156446	-939.0	89.90774269818996	-5759.0	14.156711307601817	2504.0	
-8.428491343268233	1448.0	1692.0	4.769913292224585	6.938824195785303	2794.0	0.0	36825.0	3123.809814453125	0.005	523.0	-0.2975708502024291	-557.0	0.6558704453441295	-517.0	-46.337360452668605	-865.0	88.94073010093949	-5680.0	13.011549390928069	2891.0	
-8.168365105214152	1432.0	1706.0	4.592060907156265	7.1306394948018275	2772.0	0.0	37465.0	3143.341064453125	0.005	523.0	-0.2975708502024291	-557.0	0.6558704453441295	-517.0	-60.6361829025845	-614.0	85.07534976547856	-5389.0	9.12143018938411	3826.0	
-7.573212883458174	1460.0	1706.0	4.583473558944515	6.79906987246479	2722.0	0.0	38105.0	3162.872314453125	-0.005	519.0	-0.22672064777327935	-522.0	0.6639676113360324	-521.0	-67.33445480960393	-94.0	81.30100668996624	-5121.0	1.1045552564040357	4264.0	
-7.037427462642431	1406.0	1704.0	4.590587069090144	7.455172406514415	2677.0	0.0	38745.0	3182.403564453125	-0.005	519.0	-0.22672064777327935	-522.0	0.6639676113360324	-521.0	-57.60819697201408	20.0	78.80694814758655	-4983.0	-0.6696564660460005	3628.0	
-6.278862103671433	1392.0	1730.0	4.256646775713842	7.624753953031779	2613.0	0.0	39385.0	3201.934814453125	-0.005	519.0	-0.22672064777327935	-522.0	0.6639676113360324	-521.0	-49.778253555589544	-73.0	77.52590871421405	-4921.0	0.7445701198258908	3116.0	
-4.721121686842676	1386.0	1742.0	4.078307506208586	7.7090537284364675	2482.0	0.0	40025.0	3221.466064453125	-0.005	519.0	-0.22672064777327935	-522.0	0.6639676113360324	-521.0	-46.53616760972626	-175.0	78.04195900006549	-4964.0	2.3148679558131455	2904.0	
-3.7908273363633023	1352.0	1726.0	4.2505996970031354	8.13144106997402	2404.0	0.0	40665.0	3240.997314453125	0.005	523.0	-0.1680161943319838	-493.0	0.6761133603238867	-527.0	-44.226946016210434	-556.0	79.89063514099561	-5094.0	8.179602990968036	2753.0	
-4.645961011446257	1359.0	1711.0	4.451517902993373	8.042570747945405	2476.0	0.0	41305.0	3260.528564453125	0.005	523.0	-0.1680161943319838	-493.0	0.6761133603238867	-527.0	-33.0631595045114	-867.0	87.47128493588454	-5619.0	13.027543906593769	2023.0	
-4.902873666814974	1347.0	1768.0	3.7602523661216165	8.170754623907294	2497.0	0.0	41945.0	3280.059814453125	0.005	523.0	-0.1680161943319838	-493.0	0.6761133603238867	-527.0	-19.712494265178165	-981.0	95.17926246831831	-6156.0	14.85389481894435	1150.0	
-4.062007883925485	1299.0	1802.0	3.323021131260926	8.748731910051022	2426.0	0.0	42585.0	3299.591064453125	0.005	523.0	-0.09716599190283401	-458.0	0.7105263157894737	-544.0	-16.684508334607738	-1146.0	99.7700982060002	-6464.0	17.431642979911775	952.0	
-3.3453719729477016	1244.0	1781.0	3.558040800467945	9.42324926495458	2366.0	0.0	43225.0	3319.122314453125	0.005	523.0	-0.09716599190283401	-458.0	0.7105263157894737	-544.0	-12.723658051689862	-1340.0	102.84262540724143	-6676.0	20.439198081600416	693.0	
-3.947092970305197	1191.0	1737.0	4.100226779004108	10.0666299914192	2417.0	0.0	43865.0	3338.653564453125	0.005	523.0	-0.09716599190283401	-458.0	0.7105263157894737	-544.0	-10.185043584645971	-1502.0	106.60755523990134	-6929.0	22.962653732543252	527.0	
-4.01555022152082	1217.0	1713.0	4.397358800299032	9.758635047284749	2423.0	0.0	44505.0	3358.184814453125	0.005	523.0	-0.09716599190283401	-458.0	0.7105263157894737	-544.0	-16.715094051078147	-1467.0	110.19633470900605	-7145.0	22.461484599199927	954.0	
-2.732339084976003	1175.0	1731.0	4.1470438833520635	10.272484956696799	2315.0	0.0	45145.0	3377.716064453125	-0.005	519.0	-0.006072874493927126	-413.0	0.728744939271255	-553.0	-20.11010857929347	-1566.0	113.90063781115826	-7378.0	24.017631512375814	1176.0	
-2.701682961558258	1131.0	1772.0	3.6412276536980213	10.792795675265607	2312.0	0.0	45785.0	3397.247314453125	-0.005	519.0	-0.006072874493927126	-413.0	0.728744939271255	-553.0	-9.45098638935617	-2119.0	116.94241324377387	-7609.0	32.53354872964505	479.0	
-3.2584233394966446	1122.0	1750.0	3.919570812240306	10.901228869596826	2359.0	0.0	46425.0	3416.778564453125	-0.005	519.0	-0.006072874493927126	-413.0	0.728744939271255	-553.0	-11.469643676403122	-2090.0	118.67333697381581	-7716.0	32.105867940859845	611.0	
-2.777354630148921	1102.0	1709.0	4.4073941279650555	11.156759878426486	2319.0	0.0	47065.0	3436.309814453125	-0.0325	508.0	0.10526315789473684	-358.0	0.7510121457489879	-564.0	-6.270071876433706	-2061.0	121.9612457080511	-7943.0	31.693757002116577	271.0	
-3.110050017417932	1070.0	1704.0	4.471188734397226	11.540250985357138	2347.0	0.0	47705.0	3455.841064453125	-0.0325	508.0	0.10526315789473684	-358.0	0.7510121457489879	-564.0	9.48157210582658	-2065.0	124.4836749478717	-8148.0	31.78035922914728	-759.0	
-3.0792683786544974	1029.0	1744.0	3.9779240393121733	12.024669411457529	2344.0	0.0	48345.0	3475.372314453125	-0.0325	508.0	0.10526315789473684	-358.0	0.7510121457489879	-564.0	17.586786970484784	-1991.0	121.84836522056229	-7997.0	30.618514341172943	-1289.0	
-2.310373336690123	1025.0	1783.0	3.486475854797188	12.07072216927121	2279.0	0.0	48985.0	3494.903564453125	-0.0575	498.0	0.23481781376518218	-294.0	0.728744939271255	-553.0	25.707294693378195	-1824.0	119.25747420462395	-7848.0	28.0300766601067	-1820.0	
-4.967695937221228	1051.0	1711.0	4.4208824683534385	11.74958406348883	2503.0	0.0	49625.0	3514.434814453125	-0.0575	498.0	0.23481781376518218	-294.0	0.728744939271255	-553.0	20.76770148340725	-1314.0	121.57892175660069	-7981.0	20.227604469982765	-1497.0	
-3.96575199238225	1010.0	1693.0	4.615276952251202	12.257467296229636	2419.0	0.0	50265.0	3533.966064453125	-0.0575	498.0	0.23481781376518218	-294.0	0.728744939271255	-553.0	5.0925217923229855	-1627.0	114.22139603841589	-7465.0	24.95685259779401	-472.0	
-3.195785120450902	985.0	1723.0	4.23101176443359	12.558686480469703	2354.0	0.0	50905.0	3553.497314453125	-0.0575	498.0	0.23481781376518218	-294.0	0.728744939271255	-553.0	8.64046490289035	-1461.0	110.10597698872604	-7205.0	22.368514120048378	-704.0	
-3.0833573942633814	974.0	1777.0	3.569022478423749	12.679101092493312	2344.0	0.0	51545.0	3573.028564453125	-0.0625	496.0	0.3522267206477733	-236.0	0.7064777327935223	-542.0	24.132130295152166	-1361.0	104.8259791954978	-6901.0	20.781265776303606	-1717.0	
-4.9152192325942154	979.0	1768.0	3.7161719786736787	12.60348450025958	2498.0	0.0	52185.0	3592.559814453125	-0.0625	496.0	0.3522267206477733	-236.0	0.7064777327935223	-542.0	39.97553142682368	-976.0	102.5902601046668	-6793.0	14.851282377017208	-2753.0	
-6.883743776841284	978.0	1806.0	3.2922889825382193	12.587369787665484	2663.0	0.0	52825.0	3612.091064453125	-0.0625	496.0	0.3522267206477733	-236.0	0.7064777327935223	-542.0	26.915430493959324	-322.0	90.96990898792677	-5997.0	4.69978655343612	-1899.0	
-7.213698300222869	995.0	1779.0	3.6301699777131655	12.386008585226731	2691.0	0.0	53465.0	3631.622314453125	-0.06	497.0	0.4352226720647773	-195.0	0.659919028340081	-519.0	2.0645358617525615	116.0	77.15790014093334	-5030.0	-2.1592173772925234	-274.0	
