Device	Device	Device	Device	Device	Device	Device	Device	Device	Device	Device	Device	Device	Device	Device	Device	Device	Device	Device	Device	Device	
Low Noise Accelerometer X	Low Noise Accelerometer X	Low Noise Accelerometer Z	Low Noise Accelerometer Z	Low Noise Accelerometer Y	Low Noise Accelerometer Y	Event_Marker	Timestamp	Timestamp	Magnetometer Z	Magnetometer Z	Magnetometer X	Magnetometer X	Magnetometer Y	Magnetometer Y	Gyroscope Y	Gyroscope Y	Gyroscope Z	Gyroscope Z	Gyroscope X	Gyroscope X	
UNCAL	CAL	CAL	UNCAL	CAL	UNCAL	CAL	CAL	UNCAL	CAL	UNCAL	UNCAL	CAL	UNCAL	CAL	CAL	UNCAL	UNCAL	CAL	CAL	UNCAL	
no units	m/(s^2)	m/(s^2)	no units	m/(s^2)	no units	no units	ms	no units	local_flux	no units	no units	local_flux	no units	local_flux	deg/s	no units	no units	deg/s	deg/s	no units	
2488.0	7.9007742604505715	1.9821879498190584	1904.0	-5.4837581369533295	1420.0	0.0	1809.14306640625	59282.0	-0.685	247.0	-85.0	0.6578947368421053	271.0	-0.9392712550607287	-0.5964214711729623	130.0	-197.0	2.9315004417570596	-3.1163041454980354	-100.0	
2499.0	8.100689751531881	1.735641819854746	1924.0	-5.619220025123731	1403.0	0.0	1828.67431640625	59922.0	-0.685	247.0	-85.0	0.6578947368421053	271.0	-0.9392712550607287	5.428964673497477	148.0	-199.0	2.7240322476176924	-3.394579533285677	-494.0	
2499.0	7.672692040634856	1.7930135872951662	1920.0	-5.622352566883893	1439.0	0.0	1848.20556640625	60562.0	-0.68	249.0	-86.0	0.6558704453441295	257.0	-0.9109311740890689	10.383850741703625	159.0	-176.0	2.173787998166685	-3.568871296019561	-818.0	
2492.0	7.328368196440881	1.8844386917071434	1913.0	-5.539629953840002	1468.0	0.0	1867.73681640625	61202.0	-0.68	249.0	-86.0	0.6558704453441295	257.0	-0.9109311740890689	4.81725034408931	134.0	-100.0	1.2236599907136634	-3.1947604846409687	-454.0	
2500.0	7.458938194196032	1.8462003719842375	1916.0	-5.635474562425584	1457.0	0.0	1887.26806640625	61842.0	-0.68	249.0	-86.0	0.6558704453441295	257.0	-0.9109311740890689	-3.150328796452057	75.0	-37.0	0.5642941678177357	-2.2960296070405586	67.0	
2502.0	7.933938282109438	1.7271615442771655	1925.0	-5.65720172364276	1417.0	0.0	1906.79931640625	62482.0	-0.685	247.0	-92.0	0.6437246963562753	268.0	-0.9331983805668016	-1.896314421165316	56.0	-51.0	0.7265533993750839	-2.0028618252206116	-15.0	
2501.0	7.755279625334872	1.7184387239634666	1926.0	-5.647114573845695	1432.0	0.0	1926.33056640625	63122.0	-0.685	247.0	-92.0	0.6437246963562753	268.0	-0.9331983805668016	3.027985930570424	20.0	-143.0	1.939103013627704	-1.438334917385589	-337.0	
2499.0	7.601277820594235	1.7944487260902235	1920.0	-5.623038006308398	1445.0	0.0	1945.86181640625	63762.0	-0.685	247.0	-92.0	0.6437246963562753	268.0	-0.9331983805668016	4.710200336442882	-18.0	-102.0	1.23538170145767	-0.8622817514985429	-447.0	
2493.0	7.387637446137719	1.8589827090100481	1915.0	-5.55159457376806	1463.0	0.0	1965.39306640625	64402.0	-0.685	247.0	-92.0	0.6437246963562753	268.0	-0.9331983805668016	2.492735892338278	-56.0	-68.0	0.7952969218269733	-0.2835922202861035	-302.0	
2501.0	7.625694480963828	1.8551623820971128	1915.0	-5.645675952126733	1443.0	0.0	1984.92431640625	65042.0	-0.6875	246.0	-81.0	0.6659919028340081	258.0	-0.9129554655870445	-0.7340571952897997	-69.0	-37.0	0.44555912080824644	-0.08761131074066697	-91.0	
2505.0	7.756259661373626	1.8164423278389121	1918.0	-5.693337472492136	1432.0	0.0	2004.45556640625	146.0	-0.6875	246.0	-81.0	0.6659919028340081	258.0	-0.9129554655870445	1.605750114696437	-16.0	-36.0	0.34472723905099195	-0.9018772634388595	-244.0	
2501.0	7.518207443892871	1.8207443892871424	1918.0	-5.647439182353642	1452.0	0.0	2023.98681640625	786.0	-0.6875	246.0	-81.0	0.6659919028340081	258.0	-0.9129554655870445	3.318550237039303	-40.0	-43.0	0.380204752521489	-0.5332548805091568	-356.0	
2485.0	7.638187093272562	1.913947422494352	1910.0	-5.451604240858352	1442.0	0.0	2043.51806640625	1426.0	-0.6825	248.0	-87.0	0.6538461538461539	259.0	-0.9149797570850202	4.4196360299740025	-57.0	-34.0	0.19513102599179016	-0.27424939558633044	-428.0	
2490.0	7.803851076355634	1.813679064134852	1918.0	-5.512193932050132	1428.0	0.0	2063.04931640625	2066.0	-0.6825	248.0	-87.0	0.6538461538461539	259.0	-0.9149797570850202	9.95565071111791	-12.0	1.0	-0.5577079706756866	-0.972279550168626	-790.0	
2507.0	7.778360177346391	1.6455415441629435	1932.0	-5.720630868548096	1430.0	0.0	2082.58056640625	2706.0	-0.6825	248.0	-87.0	0.6538461538461539	259.0	-0.9149797570850202	14.451751032267932	4.0	13.0	-0.9196476587850202	-1.2214106855797175	-1084.0	
2506.0	7.555383403634975	1.9669117920689583	1906.0	-5.704385038556005	1449.0	0.0	2102.11181640625	3346.0	-0.6825	248.0	-87.0	0.6538461538461539	259.0	-0.9149797570850202	11.515522251108733	-111.0	-11.0	-0.4507175835181356	0.5478942358573153	-892.0	
2502.0	7.674767993367349	2.000608860544457	1903.0	-5.654324480204835	1439.0	0.0	2121.64306640625	3986.0	-0.685	247.0	-94.0	0.6396761133603239	274.0	-0.9453441295546559	3.135035938216853	-162.0	27.0	-0.7078235646918909	1.327891842609948	-344.0	
2500.0	7.876496363126389	1.93535059835322	1908.0	-5.629515976208901	1422.0	0.0	2141.17431640625	4626.0	-0.685	247.0	-94.0	0.6396761133603239	274.0	-0.9453441295546559	-0.9022786358770455	-187.0	-4.0	-0.07338083148759106	1.7178483613951134	-80.0	
2506.0	8.053088701859167	1.7374416144882168	1924.0	-5.703997389125378	1407.0	0.0	2160.70556640625	5266.0	-0.685	247.0	-94.0	0.6396761133603239	274.0	-0.9453441295546559	0.764642911760208	-195.0	-33.0	0.30476215127481426	1.8443856604877369	-189.0	
2503.0	7.864231899118608	1.8993803880513105	1911.0	-5.6665026033682695	1423.0	0.0	2180.23681640625	5906.0	-0.675	251.0	-85.0	0.6578947368421053	283.0	-0.9635627530364372	4.679614619972473	-221.0	-51.0	0.4210425690795959	2.244505039777032	-445.0	
2497.0	7.697347688332447	1.8776259761017982	1913.0	-5.596317377088615	1437.0	0.0	2199.76806640625	6546.0	-0.675	251.0	-85.0	0.6578947368421053	283.0	-0.9635627530364372	5.031350359382169	-253.0	-54.0	0.4482069349503819	2.735800160495737	-468.0	
2506.0	7.4961153582744755	1.9924882083998772	1904.0	-5.704466190682992	1454.0	0.0	2219.29931640625	7186.0	-0.675	251.0	-85.0	0.6578947368421053	283.0	-0.9635627530364372	-0.8105214864658206	-278.0	1.0	-0.16791638846117113	3.1132510187147444	-86.0	
2503.0	7.73525626643094	2.0970552145225505	1895.0	-5.663838863165721	1434.0	0.0	2238.83056640625	7826.0	-0.67	253.0	-88.0	0.6518218623481782	284.0	-0.965587044534413	-7.447621960544426	-319.0	6.0	0.014346921447216332	3.7441974817969492	348.0	
2510.0	8.16253099366228	1.9673850805137831	1905.0	-5.746496867971173	1398.0	0.0	2258.36181640625	8466.0	-0.67	253.0	-88.0	0.6518218623481782	284.0	-0.965587044534413	-5.841871845847989	-282.0	-8.0	0.17113018187383974	3.178019419050594	243.0	
2504.0	7.794403613791102	2.0594089981579367	1898.0	-5.676048506790496	1429.0	0.0	2277.89306640625	9106.0	-0.67	253.0	-88.0	0.6518218623481782	284.0	-0.965587044534413	0.22939287352806242	-249.0	-58.0	0.7024025897045436	2.676964182410779	-154.0	
2501.0	7.438060314599035	2.139364793236866	1892.0	-5.6418682455675855	1459.0	0.0	2297.42431640625	9746.0	-0.67	253.0	-88.0	0.6518218623481782	284.0	-0.965587044534413	2.5997858999847074	-251.0	-75.0	0.8687615741160524	2.709316739571144	-309.0	
2502.0	7.057429483392079	2.171519767779367	1890.0	-5.65707964715989	1491.0	0.0	2316.95556640625	10386.0	-0.675	251.0	-93.0	0.6417004048582996	273.0	-0.9433198380566802	-0.6117143294081664	-206.0	27.0	-0.5647194372092134	2.0044801648422705	-99.0	
2508.0	7.116339047760584	2.1100952522488337	1895.0	-5.730008198453321	1486.0	0.0	2336.48681640625	11026.0	-0.675	251.0	-93.0	0.6417004048582996	273.0	-0.9433198380566802	-6.637100474078606	-204.0	88.0	-1.2616445912058378	1.9668219459860545	295.0	
2504.0	6.996579116327478	2.0388640137001888	1901.0	-5.684437651454287	1496.0	0.0	2356.01806640625	11666.0	-0.675	251.0	-93.0	0.6417004048582996	273.0	-0.9433198380566802	-5.872457562318398	-225.0	139.0	-2.07986552027568	2.280873893515979	245.0	
2506.0	6.852899768562187	1.956643522885319	1908.0	-5.711615240290406	1508.0	0.0	2375.54931640625	12306.0	-0.675	251.0	-96.0	0.6356275303643725	283.0	-0.9635627530364372	-3.9455574246826735	-279.0	174.0	-2.703543890087059	3.1032392273566103	119.0	
2507.0	6.461951297725238	2.147510724904741	1893.0	-5.723755573729472	1541.0	0.0	2395.08056640625	12946.0	-0.675	251.0	-96.0	0.6356275303643725	283.0	-0.9635627530364372	-4.526686037620432	-266.0	329.0	-5.0623166625587235	2.8801732120762695	157.0	
2498.0	6.343038660967167	2.1610089538596093	1892.0	-5.616241000578197	1551.0	0.0	2414.61181640625	13586.0	-0.675	251.0	-96.0	0.6356275303643725	283.0	-0.9635627530364372	-6.637100474078606	-235.0	454.0	-6.89574106332467	2.386159974666738	295.0	
2496.0	6.496913746025776	2.072326983530039	1899.0	-5.592379503592032	1538.0	0.0	2434.14306640625	14226.0	-0.675	251.0	-96.0	0.6356275303643725	283.0	-0.9635627530364372	-6.988836213488302	-175.0	616.0	-9.364142422752952	1.4408069415849611	318.0	
2507.0	6.650073073436732	1.9120692484350634	1912.0	-5.726583185501751	1525.0	0.0	2453.67431640625	14866.0	-0.67	253.0	-82.0	0.6639676113360324	265.0	-0.9271255060728745	-1.7586786970484785	-125.0	747.0	-11.58052944678617	0.6514188884383836	-24.0	
2502.0	6.105483687523818	2.215035419048504	1888.0	-5.66572879209319	1571.0	0.0	2473.20556640625	15506.0	-0.67	253.0	-82.0	0.6639676113360324	265.0	-0.9271255060728745	4.29729316409237	-205.0	814.0	-12.86552608377533	1.8661276147184844	-420.0	
2469.0	5.655835735574245	2.4883354621864346	1866.0	-5.267168909304143	1609.0	0.0	2492.73681640625	16146.0	-0.67	253.0	-82.0	0.6639676113360324	265.0	-0.9271255060728745	-0.22939287352806242	-308.0	843.0	-13.146320598645717	3.4438014863566457	-124.0	
2470.0	5.547862293492927	2.4052769683402127	1873.0	-5.281958006372966	1618.0	0.0	2512.26806640625	16786.0	-0.68	249.0	-86.0	0.6558704453441295	275.0	-0.9473684210526316	-7.784064841718918	-210.0	1112.0	-16.966539054095264	1.9018399033059095	370.0	
2468.0	5.937468634290109	2.0801967623442597	1899.0	-5.260467161542744	1585.0	0.0	2531.79931640625	17426.0	-0.68	249.0	-86.0	0.6558704453441295	275.0	-0.9473684210526316	-11.255543661110263	-100.0	1451.0	-22.02487750739312	0.16336331637919144	597.0	
2471.0	6.303154354418768	1.744006870448258	1926.0	-5.2996786804926295	1554.0	0.0	2551.33056640625	18066.0	-0.68	249.0	-86.0	0.6558704453441295	275.0	-0.9473684210526316	-3.593821685272978	-31.0	1727.0	-26.565805292125233	-0.9408153338787482	96.0	
2452.0	5.730842493009973	1.6556778724259174	1934.0	-5.0782527164165625	1602.0	0.0	2570.86181640625	18706.0	-0.6675	254.0	-65.0	0.6983805668016194	249.0	-0.8947368421052632	10.001529285823521	-14.0	2007.0	-31.413555681448628	-1.2501490599601055	-793.0	
2424.0	5.471150873503713	1.8769921122760707	1916.0	-4.7390739502242605	1624.0	0.0	2590.39306640625	19346.0	-0.6675	254.0	-65.0	0.6983805668016194	249.0	-0.8947368421052632	16.623336901666924	-144.0	2333.0	-36.712459060940525	0.6916447818012132	-1226.0	
2422.0	5.700341053376549	2.1769624805120458	1891.0	-4.706686255518645	1605.0	0.0	2609.92431640625	19986.0	-0.6675	254.0	-65.0	0.6983805668016194	249.0	-0.8947368421052632	13.580058112861295	-76.0	2798.0	-43.73233740409239	-0.421978890382799	-1027.0	
2406.0	6.00600443173423	1.7909193638992005	1922.0	-4.518579399729974	1579.0	0.0	2629.45556640625	20626.0	-0.6675	254.0	-65.0	0.6983805668016194	249.0	-0.8947368421052632	12.096650864046492	3.0	3024.0	-47.13692676107603	-1.668238992944503	-930.0	
2389.0	6.3839341421529205	1.488652310530106	1946.0	-4.316026166584736	1547.0	0.0	2648.98681640625	21266.0	-0.6625	256.0	-43.0	0.742914979757085	236.0	-0.868421052631579	14.971708212264874	-5.0	3216.0	-50.20624146810581	-1.5761762707498017	-1118.0	
2365.0	6.182540166659113	1.5873499992444846	1938.0	-4.026909526059362	1564.0	0.0	2668.51806640625	21906.0	-0.6625	256.0	-43.0	0.742914979757085	236.0	-0.868421052631579	25.324973237498092	-162.0	3392.0	-53.35142419390832	0.8014558363177835	-1795.0	
2340.0	5.649219552342828	1.8267171390446815	1919.0	-3.726250570129413	1609.0	0.0	2688.04931640625	22546.0	-0.6625	256.0	-43.0	0.742914979757085	236.0	-0.868421052631579	34.5465667533262	-298.0	3615.0	-57.171015974445936	2.8501096960173946	-2398.0	
2348.0	5.855592254258907	2.2258920925573964	1886.0	-3.8125888862086725	1592.0	0.0	2707.58056640625	23186.0	-0.6375000000000001	266.0	-13.0	0.8036437246963563	232.0	-0.8603238866396761	31.35035938216853	-229.0	4182.0	-65.75345685946122	1.7055159147566232	-2189.0	
2315.0	7.008863378449697	2.076814035445931	1896.0	-3.406447374663211	1495.0	0.0	2727.11181640625	23826.0	-0.6375000000000001	266.0	-13.0	0.8036437246963563	232.0	-0.8603238866396761	27.985930570423616	-268.0	4503.0	-70.56208508481217	2.255864495169985	-1969.0	
2286.0	8.224698728436572	2.2317776055618497	1881.0	-3.0417921593995776	1393.0	0.0	2746.64306640625	24466.0	-0.6375000000000001	266.0	-13.0	0.8036437246963563	232.0	-0.8603238866396761	45.23627465973391	-257.0	4608.0	-72.8653167649168	2.0640428581295645	-3097.0	
2245.0	7.526310395020871	2.63103950208708	1849.0	-2.5468149011887724	1452.0	0.0	2766.17431640625	25106.0	-0.6375000000000001	266.0	-13.0	0.8036437246963563	232.0	-0.8603238866396761	86.23642758831626	-197.0	4393.0	-71.1891003032822	1.1601360032584163	-5778.0	
2220.0	4.8944377460635105	3.7294888920652345	1763.0	-2.249959820601674	1674.0	0.0	2785.70556640625	25746.0	-0.5775	290.0	44.0	0.9190283400809717	198.0	-0.791497975708502	115.53754396696743	-134.0	4340.0	-71.53618403445681	0.1899626954848015	-7694.0	
2208.0	5.744855267321839	4.247431494088666	1719.0	-2.0865184800956107	1603.0	0.0	2805.23681640625	26386.0	-0.5775	290.0	44.0	0.9190283400809717	198.0	-0.791497975708502	83.0096345006882	-129.0	5161.0	-82.86199418501775	-1.7824311432601547E-5	-5567.0	
2216.0	7.974099202054743	3.3623011578553212	1788.0	-2.178314189641623	1415.0	0.0	2824.76806640625	27026.0	-0.5775	290.0	44.0	0.9190283400809717	198.0	-0.791497975708502	53.24973237498089	-35.0	5694.0	-89.85521361899887	-1.512331482514985	-3621.0	
2225.0	9.19481235130208	2.814568463541271	1831.0	-2.28549544697519	1312.0	0.0	2844.29931640625	27666.0	-0.4875	326.0	79.0	0.9898785425101214	155.0	-0.7044534412955465	57.89876127848295	-207.0	5529.0	-87.52972876952603	1.1501745551772276	-3925.0	
2178.0	7.280790320801018	3.0790320801017916	1812.0	-1.7330813347080263	1473.0	0.0	2863.83056640625	28306.0	-0.4875	326.0	79.0	0.9898785425101214	155.0	-0.7044534412955465	88.28567059183362	-580.0	4940.0	-79.74307413842845	6.951533505968793	-5912.0	
2159.0	5.731796763804419	4.132057332822812	1728.0	-1.4985951025729694	1604.0	0.0	2883.36181640625	28946.0	-0.4875	326.0	79.0	0.9898785425101214	155.0	-0.7044534412955465	94.64749961767855	-1215.0	4927.0	-79.89500034256871	16.693761366836704	-6328.0	
2127.0	5.89453458935017	4.929649411207406	1662.0	-1.0954737140751214	1591.0	0.0	2902.89306640625	29586.0	-0.3825	368.0	128.0	1.0890688259109311	113.0	-0.6194331983805668	53.310903807921704	-1593.0	5764.0	-91.1733531396931	22.381192661636675	-3625.0	
2074.0	7.924656132541579	4.370375158919822	1704.0	-0.4478037668214889	1420.0	0.0	2922.42431640625	30226.0	-0.3825	368.0	128.0	1.0890688259109311	113.0	-0.6194331983805668	15.002293928735282	-1878.0	6081.0	-94.56057469727303	26.720498288626473	-1120.0	
2034.0	8.3666582230646	3.3324889731265954	1788.0	0.017786241211250192	1382.0	0.0	2941.95556640625	30866.0	-0.3825	368.0	128.0	1.0890688259109311	113.0	-0.6194331983805668	18.04557271754091	-1871.0	5910.0	-92.0511181213282	26.63818146877905	-1319.0	
2024.0	6.689631032113378	3.486912735147398	1778.0	0.1245863722529974	1523.0	0.0	2961.48681640625	31506.0	-0.3825	368.0	128.0	1.0890688259109311	113.0	-0.6194331983805668	38.44624560330326	-2044.0	5702.0	-89.69441889537416	29.316344133894198	-2653.0	
1957.0	6.032891710470278	4.479647237504107	1697.0	0.9451025847463512	1579.0	0.0	2981.01806640625	32146.0	-0.3025	400.0	160.0	1.153846153846154	51.0	-0.4939271255060729	37.51338125095581	-2675.0	6140.0	-96.49067339924933	38.93075077713226	-2592.0	
1924.0	7.380989238889698	4.765590555636499	1671.0	1.3618927878389766	1466.0	0.0	3000.54931640625	32786.0	-0.3025	400.0	160.0	1.153846153846154	51.0	-0.4939271255060729	14.48233674873834	-3118.0	6787.0	-105.58881289627358	45.637375642711355	-1086.0	
1877.0	7.97349118635013	4.491975777870079	1692.0	1.9286105719992162	1416.0	0.0	3020.08056640625	33426.0	-0.3025	400.0	160.0	1.153846153846154	51.0	-0.4939271255060729	8.105214864658205	-3206.0	6929.0	-107.53131625783311	46.96826517101075	-669.0	
1854.0	7.011200051116096	4.691433683038192	1677.0	2.2000852524851777	1497.0	0.0	3039.61181640625	34066.0	-0.24	425.0	198.0	1.2307692307692308	-16.0	-0.3582995951417004	16.684508334607738	-3079.0	6788.0	-105.68628791246486	45.03796602988257	-1230.0	
1803.0	7.929937264880976	4.898488392859472	1658.0	2.827871550144553	1420.0	0.0	3059.14306640625	34706.0	-0.24	425.0	198.0	1.2307692307692308	-16.0	-0.3582995951417004	9.558036397002601	-3366.0	6762.0	-105.0453933215141	49.44824178567392	-764.0	
1760.0	8.907098842340336	4.995598519747789	1648.0	3.3576576576135397	1338.0	0.0	3078.67431640625	35346.0	-0.24	425.0	198.0	1.2307692307692308	-16.0	-0.3582995951417004	5.5818932558495185	-3481.0	7036.0	-109.11832265357324	51.172128113037694	-504.0	
1725.0	8.706788740176883	5.202683541497777	1631.0	3.7814830040148566	1355.0	0.0	3098.20556640625	35986.0	-0.24	425.0	198.0	1.2307692307692308	-16.0	-0.3582995951417004	15.644593974613857	-3415.0	7069.0	-110.0182275458182	50.15039314267901	-1162.0	
1726.0	7.222041252083833	5.537458541716602	1606.0	3.761282836367218	1480.0	0.0	3117.73681640625	36626.0	-0.185	447.0	219.0	1.2732793522267207	-83.0	-0.22267206477732793	25.003823214558803	-3355.0	6808.0	-106.36898799024728	49.26621651874722	-1774.0	
1644.0	7.364770936585338	5.524712706152946	1606.0	4.750407023729876	1468.0	0.0	3137.26806640625	37266.0	-0.185	447.0	219.0	1.2732793522267207	-83.0	-0.22267206477732793	15.13992965285212	-3458.0	6888.0	-107.22073180234864	50.83818089741307	-1129.0	
1616.0	8.185513136288309	5.456075533592647	1610.0	5.094591099866061	1399.0	0.0	3156.79931640625	37906.0	-0.185	447.0	219.0	1.2732793522267207	-83.0	-0.22267206477732793	3.1962073711576697	-3482.0	7073.0	-109.59214448957566	51.182734378335795	-348.0	
1589.0	7.708776307252994	5.401440249108863	1615.0	5.414032230705309	1439.0	0.0	3176.33056640625	38546.0	-0.145	463.0	231.0	1.2975708502024292	-139.0	-0.10931174089068826	6.3924147423153395	-3313.0	7178.0	-111.30902505188614	48.572347834489584	-557.0	
1543.0	6.317484542692755	5.557978078799302	1604.0	5.957466937123396	1556.0	0.0	3195.86181640625	39186.0	-0.145	463.0	231.0	1.2975708502024292	-139.0	-0.10931174089068826	9.45098638935617	-3119.0	7231.0	-112.2167680360663	45.58644057497155	-757.0	
1442.0	6.351972893712827	5.435384609377911	1613.0	7.172227421124686	1553.0	0.0	3215.39306640625	39826.0	-0.145	463.0	231.0	1.2975708502024292	-139.0	-0.10931174089068826	-8.212264872304635	-3344.0	7377.0	-113.79041404640851	49.023212937946234	398.0	
1507.0	8.508208681850338	5.5827729469383325	1598.0	6.413605015636787	1372.0	0.0	3234.92431640625	40466.0	-0.14250000000000002	464.0	218.0	1.271255060728745	-212.0	0.038461538461538464	-29.163480654534336	-3127.0	7926.0	-121.36316524820906	45.61773247211512	1768.0	
1417.0	7.933860875174723	5.290849422234209	1622.0	7.48636041647354	1420.0	0.0	3254.45556640625	41106.0	-0.14250000000000002	464.0	218.0	1.271255060728745	-212.0	0.038461538461538464	-28.33766630983331	-2829.0	8062.0	-123.44224920063166	41.024285502469674	1714.0	
1394.0	7.4664712844213525	4.9804617754686475	1648.0	7.752587201365635	1459.0	0.0	3273.98681640625	41746.0	-0.14250000000000002	464.0	218.0	1.271255060728745	-212.0	0.038461538461538464	-17.49502982107356	-2567.0	7828.0	-120.23662643623405	37.03608701168492	1005.0	
1410.0	6.836762064474025	5.104777875973838	1639.0	7.556005346838916	1512.0	0.0	3293.51806640625	42386.0	-0.14250000000000002	464.0	218.0	1.271255060728745	-212.0	0.038461538461538464	-12.616608044043433	-2490.0	7723.0	-118.80495508913059	35.868878483480344	686.0	
1383.0	7.397725668087865	5.24875728497706	1626.0	7.889795775874395	1465.0	0.0	3313.04931640625	43026.0	-0.1375	466.0	224.0	1.2834008097165992	-313.0	0.24291497975708504	-23.000458785747057	-2367.0	8007.0	-122.73889263408795	33.942167618081406	1365.0	
1301.0	6.73824237100544	4.776618052924977	1665.0	8.861709965491444	1520.0	0.0	3332.58056640625	43666.0	-0.1375	466.0	224.0	1.2834008097165992	-313.0	0.24291497975708504	-29.652852118060867	-2318.0	8067.0	-123.3881481113424	33.183795364060735	1800.0	
1278.0	6.116853384184109	4.54248127555382	1685.0	9.12792177381075	1572.0	0.0	3352.11181640625	44306.0	-0.1375	466.0	224.0	1.2834008097165992	-313.0	0.24291497975708504	-30.57042361217312	-2305.0	7862.0	-120.19640862127004	33.01623447140584	1860.0	
1326.0	6.712395399676877	4.572873301021101	1682.0	8.556171781462973	1522.0	0.0	3371.64306640625	44946.0	-0.16	457.0	193.0	1.2206477732793521	-387.0	0.39271255060728744	-31.90090227863588	-2264.0	7920.0	-121.02898541395008	32.37878487349592	1947.0	
1297.0	6.632091442292558	4.875810895922419	1657.0	8.910825084148602	1529.0	0.0	3391.17431640625	45586.0	-0.16	457.0	193.0	1.2206477732793521	-387.0	0.39271255060728744	-33.99602385685885	-2232.0	8125.0	-124.09332490348292	31.857118001540595	2084.0	
1214.0	6.7966742250844625	4.667422508446284	1673.0	9.908303144226998	1515.0	0.0	3410.70556640625	46226.0	-0.16	457.0	193.0	1.2206477732793521	-387.0	0.39271255060728744	-44.21165315797523	-2102.0	8255.0	-125.66428716147921	29.84662550340439	2752.0	
1158.0	6.304830639535015	4.292587763025301	1704.0	10.570586808643807	1556.0	0.0	3430.23681640625	46866.0	-0.16	457.0	193.0	1.2206477732793521	-387.0	0.39271255060728744	-45.97033185502371	-1975.0	8044.0	-122.32913152022554	27.931227635235064	2867.0	
1110.0	4.837733762141172	4.011471452212471	1729.0	11.12860676666566	1679.0	0.0	3449.76806640625	47506.0	-0.1975	442.0	149.0	1.131578947368421	-467.0	0.5546558704453441	-43.370545955039	-1716.0	7795.0	-118.56357732665778	23.994661909716392	2697.0	
1234.0	7.257477476648358	4.319176236264357	1701.0	9.664982395877312	1476.0	0.0	3469.29931640625	48146.0	-0.1975	442.0	149.0	1.131578947368421	-467.0	0.5546558704453441	-48.46306774736199	-1533.0	7772.0	-117.97806287696537	21.19247654477646	3030.0	
1201.0	7.183951173785097	4.109403092795413	1718.0	10.057642031425083	1482.0	0.0	3488.83056640625	48786.0	-0.1975	442.0	149.0	1.131578947368421	-467.0	0.5546558704453441	-41.520110108579296	-764.0	8445.0	-128.488984510484	9.287459395343221	2576.0	
1133.0	6.684213543303101	4.135640044595843	1716.0	10.872446502590009	1524.0	0.0	3508.36181640625	49426.0	-0.23	429.0	93.0	1.0182186234817814	-547.0	0.7165991902834008	-22.358158739868482	-791.0	8061.0	-123.35333556895606	9.753116943527871	1323.0	
1105.0	6.719521224895915	4.094979632448695	1719.0	11.209335768753355	1521.0	0.0	3527.89306640625	50066.0	-0.23	429.0	93.0	1.0182186234817814	-547.0	0.7165991902834008	-17.862058418718462	-398.0	7604.0	-116.44387896633825	3.791829431910962	1029.0	
1099.0	5.504618941830605	4.033322754489098	1726.0	11.268242764990015	1623.0	0.0	3547.42431640625	50706.0	-0.23	429.0	93.0	1.0182186234817814	-547.0	0.7165991902834008	-8.992200642300046	42.0	7054.0	-108.27173787677536	-2.8780219667683675	449.0	
1132.0	5.109442427972849	3.801385654427718	1746.0	10.862061896404427	1656.0	0.0	3566.95556640625	51346.0	-0.1975	442.0	36.0	0.902834008097166	-610.0	0.8441295546558705	-3.0738645052760365	370.0	6718.0	-103.29020394396254	-7.861197267305208	62.0	
1143.0	5.404211172098293	3.5163553050674397	1769.0	10.726778856376548	1631.0	0.0	3586.48681640625	51986.0	-0.1975	442.0	36.0	0.902834008097166	-610.0	0.8441295546558705	-2.2327573023398077	679.0	6644.0	-102.13826255424112	-12.59112330376859	7.0	
1156.0	6.1762961485339725	3.3439005676829465	1782.0	10.574424105369118	1566.0	0.0	3606.01806640625	52626.0	-0.1975	442.0	36.0	0.902834008097166	-610.0	0.8441295546558705	6.163021868787277	827.0	6601.0	-101.78998201128064	-14.858624079741471	-542.0	
1186.0	6.91549824241062	3.454586145823918	1772.0	10.222584054738174	1504.0	0.0	3625.54931640625	53266.0	-0.1975	442.0	36.0	0.902834008097166	-610.0	0.8441295546558705	30.157516439822604	954.0	6389.0	-99.46946958754377	-16.784168380085966	-2111.0	
1202.0	6.7624933344174725	3.6302858226996517	1758.0	10.031796914858408	1517.0	0.0	3645.08056640625	53906.0	-0.1475	462.0	-16.0	0.7975708502024291	-660.0	0.9453441295546559	60.865575776112564	1189.0	5969.0	-94.20171466828019	-20.337444490552684	-4119.0	
1213.0	6.716359930130214	3.778850155878643	1746.0	9.901776746997188	1521.0	0.0	3664.61181640625	54546.0	-0.1475	462.0	-16.0	0.7975708502024291	-660.0	0.9453441295546559	86.741091910078	1321.0	5128.0	-82.28120133443763	-22.243711200086743	-5811.0	
1234.0	6.44202119935423	3.7259294592324004	1751.0	9.644962897563731	1544.0	0.0	3684.14306640625	55186.0	-0.1475	462.0	-16.0	0.7975708502024291	-660.0	0.9453441295546559	107.75347912524852	1297.0	4184.0	-68.6059040816088	-21.73869061976346	-7185.0	
1266.0	5.977379698506317	3.690350803012556	1755.0	9.254062740756156	1583.0	0.0	3703.67431640625	55826.0	-0.025	511.0	-57.0	0.7145748987854251	-677.0	0.979757085020243	125.86022327573025	1163.0	3261.0	-55.15426489898985	-19.548013417748532	-8369.0	
1300.0	6.571076318240221	3.536203252593523	1767.0	8.847278201728248	1533.0	0.0	3723.20556640625	56466.0	-0.025	511.0	-57.0	0.7145748987854251	-677.0	0.979757085020243	169.7660192690014	317.0	1833.0	-35.07646744273829	-6.365802268412346	-11240.0	
1323.0	6.557373112919102	3.3563589109578613	1782.0	8.566435849107384	1534.0	0.0	3742.73681640625	57106.0	-0.025	511.0	-57.0	0.7145748987854251	-677.0	0.979757085020243	207.47820767701486	-403.0	1255.0	-27.805222530481693	4.7549384145601525	-13706.0	
1326.0	6.201768453765115	3.5101787098448454	1770.0	8.52981162018033	1564.0	0.0	3762.26806640625	57746.0	-0.025	511.0	-57.0	0.7145748987854251	-677.0	0.979757085020243	245.8632818473773	-884.0	351.0	-15.510108983199093	12.258586189591057	-16216.0	
1336.0	5.671049940290849	4.009755933846767	1730.0	8.414014051814783	1609.0	0.0	3781.79931640625	58386.0	0.1075	564.0	-99.0	0.6295546558704453	-650.0	0.9251012145748988	266.4780547484325	-1221.0	-858.0	2.208956186021325	17.606867834071355	-17564.0	
1303.0	4.480041782494622	3.956559201843097	1736.0	8.798630397042531	1709.0	0.0	3801.33056640625	59026.0	0.1075	564.0	-99.0	0.6295546558704453	-650.0	0.9251012145748988	276.8007340571953	-1584.0	-1598.0	13.122121396213144	23.286047054072615	-18239.0	
1302.0	3.2509270067074034	3.664129242168937	1762.0	8.792538842862259	1812.0	0.0	3820.86181640625	59666.0	0.1075	564.0	-99.0	0.6295546558704453	-650.0	0.9251012145748988	279.7828414130601	-1743.0	-2480.0	26.544240677416106	25.860041148526506	-18434.0	
1280.0	1.1666448344197604	3.5692453467379517	1773.0	9.03485858419462	1987.0	0.0	3840.39306640625	60306.0	0.265	627.0	-117.0	0.5931174089068826	-696.0	1.0182186234817814	267.9155834225417	-1883.0	-3131.0	37.01024614336519	28.112928915323483	-17658.0	
1260.0	0.3719657109829255	3.8632377649592193	1750.0	9.273755496746363	2054.0	0.0	3859.92431640625	60946.0	0.265	627.0	-117.0	0.5931174089068826	-696.0	1.0182186234817814	243.93638170974157	-1887.0	-3756.0	47.58164884525252	28.280020876974856	-16090.0	
1256.0	-0.3296694250784899	3.937819396912918	1745.0	9.31642354910916	2113.0	0.0	3879.45556640625	61586.0	0.265	627.0	-117.0	0.5931174089068826	-696.0	1.0182186234817814	211.22495794463987	-1636.0	-4384.0	58.587572157153495	24.538614711904515	-13951.0	
1263.0	-1.6057745345187064	3.7082608338436454	1766.0	9.214733977355781	2220.0	0.0	3898.98681640625	62226.0	0.375	671.0	-132.0	0.562753036437247	-682.0	0.9898785425101214	166.04985471784678	-1265.0	-4970.0	69.46441448284946	18.95457969799713	-10997.0	
1274.0	-1.429419978777587	3.486573550812723	1784.0	9.079533656770646	2205.0	0.0	3918.51806640625	62866.0	0.375	671.0	-132.0	0.562753036437247	-682.0	0.9898785425101214	113.42712953050926	-1222.0	-5494.0	79.6352029550971	18.396474785420235	-7556.0	
1244.0	-1.3495527842472486	3.1399596705132518	1812.0	9.434845834242491	2198.0	0.0	3938.04931640625	63506.0	0.375	671.0	-132.0	0.562753036437247	-682.0	0.9898785425101214	72.88576234898304	-1426.0	-5882.0	87.1931116721212	21.60232853884796	-4905.0	
1187.0	-1.099671661276355	3.128071967602601	1812.0	10.123853879365795	2177.0	0.0	3957.58056640625	64146.0	0.375	671.0	-132.0	0.562753036437247	-682.0	0.9898785425101214	40.93898149564154	-1709.0	-6174.0	92.91860214281309	26.002072318804224	-2816.0	
1132.0	-0.632619813430718	3.404685323594877	1788.0	10.796707267373735	2138.0	0.0	3977.11181640625	64786.0	0.4	681.0	-96.0	0.6356275303643725	-663.0	0.951417004048583	22.572258755161343	-1976.0	-6240.0	94.62735883179214	30.116137022413366	-1615.0	
1094.0	-0.2508145193015248	3.489976641276088	1780.0	11.260062471969855	2106.0	0.0	3996.64306640625	65426.0	0.4	681.0	-96.0	0.6356275303643725	-663.0	0.951417004048583	19.33017280929806	-1948.0	-6116.0	92.8541171875018	29.668759063542968	-1403.0	
1080.0	-0.6063177498365869	3.653939302055589	1767.0	11.428461391675276	2136.0	0.0	4016.17431640625	530.0	0.4	681.0	-96.0	0.6356275303643725	-663.0	0.951417004048583	28.70469490747821	-1686.0	-5626.0	84.98282402652936	25.569791413504515	-2016.0	
