Device	Device	Device	Device	Device	Device	Device	Device	Device	Device	Device	Device	Device	Device	Device	Device	Device	Device	Device	Device	Device	
Low Noise Accelerometer X	Low Noise Accelerometer X	Low Noise Accelerometer Z	Low Noise Accelerometer Z	Low Noise Accelerometer Y	Low Noise Accelerometer Y	Event_Marker	Timestamp	Timestamp	Magnetometer Z	Magnetometer Z	Magnetometer X	Magnetometer X	Magnetometer Y	Magnetometer Y	Gyroscope Y	Gyroscope Y	Gyroscope Z	Gyroscope Z	Gyroscope X	Gyroscope X	
CAL	UNCAL	UNCAL	CAL	CAL	UNCAL	CAL	UNCAL	CAL	CAL	UNCAL	UNCAL	CAL	CAL	UNCAL	UNCAL	CAL	CAL	UNCAL	UNCAL	CAL	
m/(s^2)	no units	no units	m/(s^2)	m/(s^2)	no units	no units	no units	ms	local_flux	no units	no units	local_flux	local_flux	no units	no units	deg/s	deg/s	no units	no units	deg/s	
-6.156814692724867	2660.0	1913.0	2.1756735846562067	-7.692753470414847	2601.0	0.0	30646.0	935.24169921875	0.3775	672.0	-715.0	-0.6174089068825911	-0.402834008097166	6.0	-670.0	6.147729010552073	-0.39869796393068085	-6.0	-541.0	9.125980796945012	
-5.930066172594549	2655.0	1908.0	2.231477978640334	-7.62912893347844	2582.0	0.0	31286.0	954.77294921875	0.3775	672.0	-715.0	-0.6174089068825911	-0.402834008097166	6.0	-596.0	3.211500229392874	-1.1773687119049334	53.0	-349.0	7.982702298764027	
-6.013624158642614	2657.0	1910.0	2.2090127071671777	-7.654510204310553	2589.0	0.0	31926.0	974.30419921875	0.3575	664.0	-718.0	-0.6234817813765182	-0.3785425101214575	-6.0	-479.0	2.5386144670438906	-1.4554996490177827	74.0	-305.0	6.184616401392283	
-5.989575613955723	2657.0	1908.0	2.232914794903863	-7.65379167710895	2587.0	0.0	32566.0	993.83544921875	0.3575	664.0	-718.0	-0.6234817813765182	-0.3785425101214575	-6.0	-392.0	1.804557271754091	-1.9203553880476887	107.0	-257.0	4.844997765745117	
-5.845286754507056	2655.0	1896.0	2.3760864540563262	-7.625388969789245	2575.0	0.0	33206.0	1013.36669921875	0.3575	664.0	-718.0	-0.6234817813765182	-0.3785425101214575	-6.0	-383.0	0.948157210582658	-2.0231483427392134	116.0	-201.0	4.7058694832750785	
-5.762457773806365	2655.0	1900.0	2.325651190792017	-7.625569385247524	2568.0	0.0	33846.0	1032.89794921875	0.3775	672.0	-711.0	-0.6093117408906883	-0.3441295546558705	-23.0	-346.0	-0.8564000611714331	-2.3913369917094682	145.0	-83.0	4.1344417014347545	
-5.6086985694027405	2658.0	1908.0	2.2253811549640465	-7.662181772233301	2555.0	0.0	34486.0	1052.42919921875	0.3775	672.0	-711.0	-0.6093117408906883	-0.3441295546558705	-23.0	-327.0	-0.42820003058571654	-2.128695325278331	127.0	-111.0	3.845522928594693	
-5.620359543408837	2656.0	1906.0	2.249759944830613	-7.637714420633861	2556.0	0.0	35126.0	1071.96044921875	0.3775	672.0	-711.0	-0.6093117408906883	-0.3441295546558705	-23.0	-326.0	0.061171432940816645	-1.1791300157721836	64.0	-143.0	3.8396740980316295	
-5.679143592431651	2653.0	1900.0	2.323735994930136	-7.600678161808847	2561.0	0.0	35766.0	1091.49169921875	0.3775	672.0	-711.0	-0.6093117408906883	-0.3441295546558705	-23.0	-294.0	-1.7586786970484785	-0.778438618361227	43.0	-24.0	3.352657534945742	
-5.464897319300774	2656.0	1900.0	2.3197918794464347	-7.634759159700464	2543.0	0.0	36406.0	1111.02294921875	0.375	671.0	-706.0	-0.5991902834008097	-0.32388663967611336	-33.0	-267.0	-1.7128001223428662	-0.5608010301335631	29.0	-27.0	2.9405328520586465	
-5.381457622580369	2657.0	1899.0	2.3304282181535436	-7.645760228730202	2536.0	0.0	37046.0	1130.55419921875	0.375	671.0	-706.0	-0.5991902834008097	-0.32388663967611336	-33.0	-259.0	-1.1775500841107205	-0.28874794946731336	10.0	-62.0	2.8204975136003094	
-5.345390827231724	2652.0	1896.0	2.365679181589453	-7.584453577652576	2533.0	0.0	37686.0	1150.08544921875	0.375	671.0	-706.0	-0.5991902834008097	-0.32388663967611336	-33.0	-255.0	2.46215017586787	1.0120791319417008	-84.0	-300.0	2.7721278497819	
-5.4646655579908066	2646.0	1898.0	2.3429680104432355	-7.513811391756585	2543.0	0.0	38326.0	1169.61669921875	0.375	671.0	-709.0	-0.6052631578947368	-0.32793522267206476	-31.0	-180.0	5.704236121731152	2.3243219788512595	-177.0	-512.0	1.6344140038916275	
-5.4888323920053566	2649.0	1901.0	2.307236989940503	-7.550912258820038	2545.0	0.0	38966.0	1189.14794921875	0.375	671.0	-709.0	-0.6052631578947368	-0.32793522267206476	-31.0	13.0	4.985471784676556	3.5977577241172667	-256.0	-465.0	-1.314336984673819	
-5.5734959294378665	2644.0	1912.0	2.174216580022911	-7.494178338537294	2552.0	0.0	39606.0	1208.67919921875	0.375	671.0	-709.0	-0.6052631578947368	-0.32793522267206476	-31.0	129.0	2.9209359229239946	4.897824165999988	-334.0	-330.0	-3.081296424597481	
-5.561838568440785	2643.0	1914.0	2.149476489254873	-7.4825083739716	2551.0	0.0	40246.0	1228.21044921875	0.375	671.0	-709.0	-0.6052631578947368	-0.32793522267206476	-31.0	111.0	3.4867716776265487	5.995223157443727	-407.0	-367.0	-2.794121728836795	
-5.849682464645392	2649.0	1932.0	1.936515440222706	-7.561935190540795	2575.0	0.0	40886.0	1247.74169921875	0.37	669.0	-718.0	-0.6234817813765182	-0.3522267206477733	-19.0	76.0	4.205536014681145	6.084151112963943	-415.0	-414.0	-2.256175521247221	
-5.813602421597026	2655.0	1929.0	1.9730911736306758	-7.633132032068658	2572.0	0.0	41526.0	1267.27294921875	0.37	669.0	-718.0	-0.6234817813765182	-0.3522267206477733	-19.0	11.0	3.058571647040832	5.997006496675107	-407.0	-339.0	-1.259655529631991	
-5.801347592279952	2644.0	1926.0	2.0080979148619957	-7.499779228468932	2571.0	0.0	42166.0	1286.80419921875	0.37	669.0	-718.0	-0.6234817813765182	-0.3522267206477733	-19.0	-36.0	2.5386144670438906	5.349220953064189	-364.0	-305.0	-0.5449426531362295	
-5.933487868375822	2648.0	1936.0	1.8893084005130407	-7.551669192601207	2582.0	0.0	42806.0	1306.33544921875	0.37	669.0	-712.0	-0.611336032388664	-0.3643724696356275	-13.0	-94.0	5.061936075852578	5.0086886081528155	-349.0	-470.0	0.34163207558590136	
-6.2202310305413375	2657.0	1945.0	1.7864207553900142	-7.665028112065082	2606.0	0.0	43446.0	1325.86669921875	0.37	669.0	-712.0	-0.611336032388664	-0.3643724696356275	-13.0	-162.0	6.010093286435235	4.806525798275103	-339.0	-532.0	1.3830353362396177	
-6.194486692168038	2648.0	1929.0	1.97990221176755	-7.55246730461404	2604.0	0.0	44086.0	1345.39794921875	0.37	669.0	-712.0	-0.611336032388664	-0.3643724696356275	-13.0	-250.0	5.352500382321456	3.7426753319320514	-269.0	-489.0	2.722711393491179	
-6.18125182681221	2641.0	1918.0	2.1129125568743152	-7.465337399660756	2603.0	0.0	44726.0	1364.92919921875	0.37	669.0	-722.0	-0.631578947368421	-0.36639676113360325	-12.0	-320.0	5.520721822908702	2.2948009768981907	-176.0	-500.0	3.7823465060095836	
-6.276837698212734	2640.0	1921.0	2.0781349406313447	-7.4549406179285365	2611.0	0.0	45366.0	1384.46044921875	0.37	669.0	-722.0	-0.631578947368421	-0.36639676113360325	-12.0	-343.0	4.37375745526839	1.4604455694703207	-119.0	-425.0	4.126926076072178	
-6.22971221452334	2643.0	1925.0	2.0287785476660356	-7.491601069264201	2607.0	0.0	46006.0	1403.99169921875	0.37	669.0	-722.0	-0.631578947368421	-0.36639676113360325	-12.0	-326.0	3.1809145129224654	0.6186815904662959	-61.0	-347.0	3.8576522140940144	
-6.1927824681272625	2646.0	1915.0	2.1503246158451663	-7.524945428749911	2604.0	0.0	46646.0	1423.52294921875	0.37	669.0	-722.0	-0.631578947368421	-0.36639676113360325	-12.0	-310.0	5.153693225263802	0.2192382771087521	-40.0	-476.0	3.6081460424304406	
-6.240272454490345	2644.0	1914.0	2.1632307414417427	-7.501065820559442	2608.0	0.0	47286.0	1443.05419921875	0.375	671.0	-726.0	-0.6396761133603239	-0.3340080971659919	-28.0	-324.0	7.141764795840343	-0.7545058743289466	18.0	-606.0	3.813231372129812	
-6.251694441168444	2638.0	1910.0	2.2115082641080526	-7.4279253333463915	2609.0	0.0	47926.0	1462.58544921875	0.375	671.0	-726.0	-0.6396761133603239	-0.3340080971659919	-28.0	-340.0	7.401743385838814	-1.5825365231430126	71.0	-623.0	4.05046280417167	
-6.311089206210972	2634.0	1909.0	2.2244127122361577	-7.380068420949916	2614.0	0.0	48566.0	1482.11669921875	0.375	671.0	-726.0	-0.6396761133603239	-0.3340080971659919	-28.0	-317.0	3.884385991741857	-2.2688858009884765	125.0	-393.0	3.6906761872563423	
-6.156964294797322	2637.0	1914.0	2.1607133774107434	-7.415945736845542	2601.0	0.0	49206.0	1501.64794921875	0.36	665.0	-728.0	-0.6437246963562753	-0.354251012145749	-18.0	-225.0	-0.7340571952897997	-3.3158886079287844	206.0	-91.0	2.2685136626394478	
-5.978060629013067	2639.0	1911.0	2.1939370986933033	-7.437588611304217	2586.0	0.0	49846.0	1521.17919921875	0.36	665.0	-728.0	-0.6437246963562753	-0.354251012145749	-18.0	-157.0	-4.603150328796453	-3.858219849277059	252.0	162.0	1.2196654614734719	
-5.763082941862138	2642.0	1905.0	2.263134385214715	-7.470199467015531	2568.0	0.0	50486.0	1540.71044921875	0.36	665.0	-728.0	-0.6437246963562753	-0.354251012145749	-18.0	-185.0	-1.7433858388132744	-3.70004222213721	234.0	-25.0	1.6508927801723674	
-5.717297179539834	2646.0	1920.0	2.0798058555405223	-7.52160095107013	2564.0	0.0	51126.0	1560.24169921875	0.36	665.0	-728.0	-0.6437246963562753	-0.354251012145749	-18.0	-201.0	1.529285823520416	-2.941309643956032	176.0	-239.0	1.9039918444841777	
-5.8113019335725955	2642.0	1910.0	2.203139976073826	-7.471881545115454	2572.0	0.0	51766.0	1579.77294921875	0.37	669.0	-712.0	-0.611336032388664	-0.3076923076923077	-41.0	-209.0	3.5479431105673656	-2.100432648742864	116.0	-371.0	2.0351564837013085	
-5.858306719261653	2638.0	1905.0	2.2645661690728303	-7.422930298028027	2576.0	0.0	52406.0	1599.30419921875	0.37	669.0	-712.0	-0.611336032388664	-0.3076923076923077	-41.0	-155.0	2.0492430035173577	-1.555403410780877	85.0	-273.0	1.2120046585421838	
-5.788350509915781	2642.0	1917.0	2.1173299608028415	-7.473368231184305	2570.0	0.0	53046.0	1618.83544921875	0.37	669.0	-712.0	-0.611336032388664	-0.3076923076923077	-41.0	-80.0	-0.8105214864658206	-1.3987556354459156	83.0	-86.0	0.06273486193616537	
-5.787858083223727	2646.0	1913.0	2.1665726300082118	-7.520571224617615	2570.0	0.0	53686.0	1638.36669921875	0.3575	664.0	-721.0	-0.6295546558704453	-0.34210526315789475	-24.0	-77.0	0.5046643217617374	-1.2048061460576218	67.0	-172.0	0.018640905855673594	
-5.918663455297863	2645.0	1912.0	2.1812735178328455	-7.509537067810779	2581.0	0.0	54326.0	1657.89794921875	0.3575	664.0	-721.0	-0.6295546558704453	-0.34210526315789475	-24.0	-106.0	1.0705000764642914	-0.8473689981017019	42.0	-209.0	0.4672053034208551	
-5.740742234225039	2641.0	1917.0	2.1162527679723127	-7.460865499512924	2566.0	0.0	54966.0	1677.42919921875	0.3575	664.0	-721.0	-0.6295546558704453	-0.34210526315789475	-24.0	-96.0	-0.3058571647040832	-0.7600244967697137	40.0	-119.0	0.3146339118529259	
-5.646125559836225	2647.0	1922.0	2.054110683044251	-7.533451331094103	2558.0	0.0	55606.0	1696.96044921875	0.3575	664.0	-714.0	-0.6153846153846154	-0.3097165991902834	-40.0	-86.0	2.5080287505734824	-0.7479886975166335	32.0	-303.0	0.16130943326420763	
-5.753853992907854	2649.0	1927.0	1.99555309016689	-7.559796152824536	2567.0	0.0	56246.0	1716.49169921875	0.3575	664.0	-714.0	-0.6153846153846154	-0.3097165991902834	-40.0	-64.0	4.771371769383698	-0.0199602438159161	-21.0	-451.0	-0.16898892267753313	
-5.670297211196129	2646.0	1925.0	2.017897928006223	-7.522369109937378	2560.0	0.0	56886.0	1736.02294921875	0.3575	664.0	-714.0	-0.6153846153846154	-0.3097165991902834	-40.0	-50.0	5.153693225263802	0.8743583780012658	-80.0	-476.0	-0.37486850767311	
-5.601071211533969	2651.0	1943.0	1.7976407513649448	-7.586322957329004	2554.0	0.0	57526.0	1755.55419921875	0.3575	664.0	-714.0	-0.6153846153846154	-0.3097165991902834	-40.0	2.0	4.434928888209207	1.3417443131661928	-108.0	-429.0	-1.1681077985439559	
-5.447681327149384	2651.0	1954.0	1.6604387136329466	-7.587533099239798	2541.0	0.0	58166.0	1775.08544921875	0.3575	664.0	-716.0	-0.6194331983805668	-0.32186234817813764	-34.0	-32.0	6.10185043584646	1.8081823939764028	-143.0	-538.0	-0.6417309733596069	
-5.152426178013577	2661.0	1973.0	1.4240488653089194	-7.7097902724257645	2516.0	0.0	58806.0	1794.61669921875	0.3575	664.0	-716.0	-0.6194331983805668	-0.32186234817813764	-34.0	-64.0	8.839272059948005	2.7396750691397376	-211.0	-717.0	-0.1413925695479766	
-4.893360930899428	2675.0	1996.0	1.1400973862476402	-7.881553348331029	2494.0	0.0	59446.0	1814.14794921875	0.3575	664.0	-716.0	-0.6194331983805668	-0.32186234817813764	-34.0	-111.0	11.867257990518429	5.3491230812884645	-389.0	-915.0	0.6058926425053812	
-4.383514275340469	2671.0	2012.0	0.9342867516674658	-7.832378323382706	2451.0	0.0	60086.0	1833.67919921875	0.3425	658.0	-719.0	-0.6255060728744939	-0.3319838056680162	-29.0	-341.0	25.11087322220523	8.214041169106014	-612.0	-1781.0	4.163773064752285	
-4.161854340605714	2692.0	2049.0	0.48123260609521734	-8.092234855139575	2432.0	0.0	60726.0	1853.21044921875	0.3425	658.0	-719.0	-0.6255060728744939	-0.3319838056680162	-29.0	-650.0	50.43584645970332	11.96789630052766	-925.0	-3437.0	8.942757066427097	
-4.441246466656943	2667.0	2095.0	-0.07702761807518754	-7.804989161606387	2455.0	0.0	61366.0	1872.74169921875	0.3425	658.0	-719.0	-0.6255060728744939	-0.3319838056680162	-29.0	-932.0	74.09389814956415	17.11530535314205	-1324.0	-4984.0	13.321375548544465	
-4.898899025391579	2668.0	2139.0	-0.6041882534434955	-7.832157092672183	2493.0	0.0	62006.0	1892.27294921875	0.3425	658.0	-719.0	-0.6255060728744939	-0.3319838056680162	-29.0	-1036.0	84.75302033950146	22.30236658824862	-1690.0	-5681.0	14.96907246134052	
-4.695381863681572	2633.0	2129.0	-0.490567320538132	-7.4061627554090235	2476.0	0.0	62646.0	1911.80419921875	0.2975	640.0	-744.0	-0.6761133603238867	-0.32186234817813764	-34.0	-1272.0	84.00367028597645	25.572219636111278	-1903.0	-5632.0	18.62306913513662	
-3.8756982462458565	2637.0	2142.0	-0.6650627198237431	-7.449648598304717	2407.0	0.0	63286.0	1931.33544921875	0.2975	640.0	-744.0	-0.6761133603238867	-0.32186234817813764	-34.0	-1484.0	76.52546260896162	27.838283386483916	-2033.0	-5143.0	21.89876030816283	
-2.4612774918540565	2628.0	2158.0	-0.8896539473104306	-7.331562480370772	2288.0	0.0	63926.0	1950.86669921875	0.2975	640.0	-744.0	-0.6761133603238867	-0.32186234817813764	-34.0	-1799.0	72.25875516133966	30.775274407679596	-2216.0	-4864.0	26.76164257068413	
-0.9886978564952157	2609.0	2185.0	-1.2507380304739435	-7.095142703029853	2164.0	0.0	64566.0	1970.39794921875	0.23500000000000001	615.0	-768.0	-0.7246963562753036	-0.2975708502024291	-46.0	-2057.0	80.40984860070348	37.93084604976369	-2705.0	-5397.0	30.7920750709012	
-0.6518233025381474	2605.0	2253.0	-2.08709215857663	-7.060308268967998	2135.0	0.0	65206.0	1989.92919921875	0.23500000000000001	615.0	-768.0	-0.7246963562753036	-0.2975708502024291	-46.0	-2165.0	97.15552836825204	52.30223133638874	-3684.0	-6492.0	32.59299315884493	
-0.32664514979810044	2533.0	2221.0	-1.712134027429091	-6.182087445299574	2108.0	0.0	310.0	2009.46044921875	0.23500000000000001	615.0	-768.0	-0.7246963562753036	-0.2975708502024291	-46.0	-2250.0	111.98960085640007	69.98355141775697	-4873.0	-7462.0	34.07408747059923	
0.728981713847629	2474.0	2153.0	-0.9113524247609167	-5.444672171115778	2020.0	0.0	950.0	2028.99169921875	0.14250000000000002	578.0	-787.0	-0.7631578947368421	-0.1902834008097166	-99.0	-2099.0	116.19513687108122	86.4958244624133	-5956.0	-7737.0	31.92219316866894	
1.5664373428621101	2392.0	2117.0	-0.4991228566461175	-4.440101216234422	1950.0	0.0	1590.0	2048.52294921875	0.14250000000000002	578.0	-787.0	-0.7631578947368421	-0.1902834008097166	-99.0	-1828.0	107.6464291176021	101.79860746320925	-6926.0	-7178.0	27.916865927325052	
2.401470581515485	2323.0	2101.0	-0.32913232464198716	-3.5970257720029863	1880.0	0.0	2230.0	2068.05419921875	0.14250000000000002	578.0	-787.0	-0.7631578947368421	-0.1902834008097166	-99.0	-1230.0	80.21104144364583	117.49167437410608	-7869.0	-5384.0	18.897795368875325	
2.969669340588631	2267.0	2126.0	-0.6521135601845439	-2.9231046139423826	1832.0	0.0	2870.0	2087.58544921875	0.14250000000000002	578.0	-787.0	-0.7631578947368421	-0.1902834008097166	-99.0	-479.0	37.02400978742927	134.8533456702477	-8878.0	-2560.0	7.547704854584938	
3.050184585565169	2269.0	2149.0	-0.9339223958640634	-2.952032023748376	1825.0	0.0	3510.0	2107.11669921875	0.0525	542.0	-795.0	-0.7793522267206477	-0.058704453441295545	-164.0	260.0	-25.233216088086866	156.74418145744602	-10132.0	1511.0	-3.5729602108973837	
5.8193273078159775	2197.0	2182.0	-1.4006025517355551	-2.066204320125226	1592.0	0.0	4150.0	2126.64794921875	0.0525	542.0	-795.0	-0.7793522267206477	-0.058704453441295545	-164.0	539.0	-112.98363664168835	187.38208588466333	-11893.0	7249.0	-7.547692107242059	
6.899025160026316	2092.0	2209.0	-1.7641506640350884	-0.7976180628852578	1501.0	0.0	4790.0	2146.17919921875	0.0525	542.0	-795.0	-0.7793522267206477	-0.058704453441295545	-164.0	-1003.0	-71.84584798898915	214.0775112859411	-13751.0	4559.0	16.380455947599323	
6.0881359002729765	1900.0	2122.0	-0.7102194965119352	1.5286046799158646	1570.0	0.0	5430.0	2165.71044921875	0.085	555.0	-771.0	-0.7307692307692307	0.12753036437246965	-256.0	-2664.0	-25.936687566906258	237.5799848924212	-15415.0	1557.0	42.10266803980959	
5.916862731185302	1618.0	1962.0	1.2100826423396207	4.962888352447802	1586.0	0.0	6070.0	2185.24169921875	0.085	555.0	-771.0	-0.7307692307692307	0.12753036437246965	-256.0	-3967.0	-12.371922312280166	256.15570268768363	-16671.0	670.0	62.282287424298964	
4.290177745436644	1310.0	1829.0	2.827298353188254	8.689809190301263	1724.0	0.0	6710.0	2204.77294921875	0.085	555.0	-771.0	-0.7307692307692307	0.12753036437246965	-256.0	-4568.0	-26.19666615690473	273.7043957363768	-17782.0	1574.0	71.67980903331896	
2.9619110835291456	1108.0	1690.0	4.524441686247905	11.144204330102417	1837.0	0.0	7350.0	2224.30419921875	0.085	555.0	-771.0	-0.7307692307692307	0.12753036437246965	-256.0	-3973.0	-58.0669827190702	292.2198640363367	-18897.0	3658.0	62.73499593973425	
1.7364413617547114	858.0	1586.0	5.786993318328274	14.169248858297365	1941.0	0.0	7990.0	2243.83544921875	0.03	533.0	-704.0	-0.5951417004048583	0.38461538461538464	-383.0	-3228.0	-63.679461691390124	305.5861077795227	-19744.0	4025.0	51.437018051863056	
0.23077125947395394	657.0	1633.0	5.219983090252535	16.564538699700996	2067.0	0.0	8630.0	2263.36669921875	0.03	533.0	-704.0	-0.5951417004048583	0.38461538461538464	-383.0	-2274.0	-61.7372686955192	306.7006878999399	-19812.0	3898.0	36.809526443216065	
-2.1478859858268162	546.0	1617.0	5.4494966554136575	17.88269179614157	2267.0	0.0	9270.0	2282.89794921875	0.03	533.0	-704.0	-0.5951417004048583	0.38461538461538464	-383.0	-862.0	-51.0781465055819	306.3372009814391	-19802.0	3201.0	15.13948064875869	
-3.680305579436535	495.0	1592.0	5.778965865870356	18.488414815739908	2396.0	0.0	9910.0	2302.42919921875	-0.04	505.0	-607.0	-0.39878542510121456	0.5323886639676113	-456.0	-18.0	-54.13671815262273	308.54237638022335	-19929.0	3401.0	2.210788195289114	
-5.392202220423736	472.0	1575.0	6.017873195721611	18.753182429661997	2540.0	0.0	10550.0	2321.96044921875	-0.04	505.0	-607.0	-0.39878542510121456	0.5323886639676113	-456.0	-148.0	-60.05505428964674	312.8504093970004	-20195.0	3788.0	4.248651401013122	
-5.384949939889184	356.0	1612.0	5.5526250587006905	20.14154035117271	2539.0	0.0	11190.0	2341.49169921875	-0.04	505.0	-607.0	-0.39878542510121456	0.5323886639676113	-456.0	-914.0	-58.18932558495183	315.8113064356688	-20400.0	3666.0	16.032134853523484	
-5.36359070971778	212.0	1533.0	6.498071885364892	21.895602639043855	2538.0	0.0	11830.0	2361.02294921875	-0.0975	482.0	-491.0	-0.16396761133603238	0.6902834008097166	-534.0	-2019.0	-51.842789417342104	306.23640784795276	-19805.0	3251.0	32.892040309874346	
-6.990115281642848	175.0	1499.0	6.940852788096203	22.33397614390935	2675.0	0.0	12470.0	2380.55419921875	-0.0975	482.0	-491.0	-0.16396761133603238	0.6902834008097166	-534.0	-3190.0	-43.47759596268543	301.27714220499064	-19516.0	2704.0	50.810838017108985	
-6.507554074359274	115.0	1543.0	6.387449706929727	23.050625260623917	2634.0	0.0	13110.0	2400.08544921875	-0.0975	482.0	-491.0	-0.16396761133603238	0.6902834008097166	-534.0	-3618.0	-61.0032115002294	288.16207344031255	-18622.0	3850.0	57.24712633513967	
-5.8080939109766	135.0	1566.0	6.095370807101869	22.810814428839496	2575.0	0.0	13750.0	2419.61669921875	-0.0975	482.0	-491.0	-0.16396761133603238	0.6902834008097166	-534.0	-3402.0	-91.28307080593363	275.90202338140523	-17744.0	5830.0	53.810117364395616	
-6.050405985680075	100.0	1503.0	6.864163336754428	23.245453905673465	2596.0	0.0	14390.0	2439.14794921875	-0.125	471.0	-366.0	0.08906882591093118	0.7327935222672065	-555.0	-3270.0	-103.94555742468269	268.5076588253742	-17229.0	6658.0	51.71070187596281	
-8.608699779488003	87.0	1497.0	6.987164908342725	23.37895750519125	2811.0	0.0	15030.0	2458.67919921875	-0.125	471.0	-366.0	0.08906882591093118	0.7327935222672065	-555.0	-3368.0	-88.05627771830557	260.9050338097121	-16777.0	5619.0	53.13843502430243	
-8.935925419401133	115.0	1643.0	5.2169818694106205	23.002932190423117	2837.0	0.0	15670.0	2478.21044921875	-0.125	471.0	-366.0	0.08906882591093118	0.7327935222672065	-555.0	-3031.0	-105.59718611408474	245.20094515761429	-15707.0	6766.0	47.81030314499336	
-6.659053501083364	203.0	1615.0	5.52322132023497	21.971584734767358	2646.0	0.0	16310.0	2497.74169921875	-0.1825	448.0	-263.0	0.2975708502024291	0.6659919028340081	-522.0	-2203.0	-141.01544578681757	225.5499540050917	-14329.0	9082.0	34.90856076454072	
-10.000371027491013	232.0	1491.0	7.105754393755893	21.620424630612252	2928.0	0.0	16950.0	2517.27294921875	-0.1825	448.0	-263.0	0.2975708502024291	0.6659919028340081	-522.0	-2039.0	-90.73252790946628	206.15303619739893	-13197.0	5794.0	32.1980962665313	
-11.033683240386376	333.0	1474.0	7.345961675648239	20.398028184241632	3015.0	0.0	17590.0	2536.80419921875	-0.1825	448.0	-263.0	0.2975708502024291	0.6659919028340081	-522.0	-2147.0	-62.56308304022022	178.1089374706586	-11448.0	3952.0	33.57485951434139	
-10.969034130046314	384.0	1530.0	6.668015566797133	19.77065792184271	3009.0	0.0	18230.0	2556.33544921875	-0.1825	448.0	-263.0	0.2975708502024291	0.6659919028340081	-522.0	-2021.0	-75.0114696436764	147.58788084036902	-9430.0	4766.0	31.336244007114754	
-10.395391944870532	532.0	1610.0	5.698900751041895	17.97387951725888	2960.0	0.0	18870.0	2575.86669921875	-0.23500000000000001	427.0	-196.0	0.4331983805668016	0.6072874493927125	-493.0	-1569.0	-83.71310597950757	126.54917003673955	-8035.0	5335.0	24.190150285606002	
-8.152737813133534	642.0	1570.0	6.15479011521812	16.680122641040494	2772.0	0.0	19510.0	2595.39794921875	-0.23500000000000001	427.0	-196.0	0.4331983805668016	0.6072874493927125	-493.0	-869.0	-117.6173726869552	98.17402676848447	-6095.0	7552.0	13.16526029223602	
-9.403609841761208	685.0	1482.0	7.258063442926876	16.171607098151767	2878.0	0.0	20150.0	2614.92919921875	-0.23500000000000001	427.0	-196.0	0.4331983805668016	0.6072874493927125	-493.0	-277.0	-121.2876586634042	77.70921703284885	-4749.0	7792.0	3.8766778692697192	
-10.08391227032657	754.0	1498.0	7.084963443533455	15.330016772673428	2935.0	0.0	20790.0	2634.46044921875	-0.28500000000000003	407.0	-173.0	0.47975708502024295	0.5850202429149798	-482.0	169.0	-128.79645205688945	52.99202895342392	-3118.0	8283.0	-3.214133723048238	
-8.4514894171239	830.0	1484.0	7.2320106685621734	14.433619295103618	2798.0	0.0	21430.0	2653.99169921875	-0.28500000000000003	407.0	-173.0	0.47975708502024295	0.5850202429149798	-482.0	964.0	-146.44441046031505	29.841324993656148	-1559.0	9437.0	-15.644505270855214	
-8.846536802626954	869.0	1503.0	7.012986403971255	13.955408817884479	2831.0	0.0	22070.0	2673.52294921875	-0.28500000000000003	407.0	-173.0	0.47975708502024295	0.5850202429149798	-482.0	2103.0	-177.8406484171892	14.060789732246695	-440.0	11490.0	-33.27967751007358	
-6.471719950916365	929.0	1550.0	6.399433479792042	13.243994361652941	2631.0	0.0	22710.0	2693.05419921875	-0.3425	384.0	-186.0	0.4534412955465587	0.5991902834008097	-489.0	3293.0	-227.05306621807617	5.706645225954999	243.0	14708.0	-51.623154508305134	
-4.504194210632346	947.0	1618.0	5.532959889146331	13.029472677363351	2465.0	0.0	23350.0	2712.58544921875	-0.3425	384.0	-186.0	0.4534412955465587	0.5991902834008097	-489.0	4154.0	-276.3113625936688	2.1641619928816542	610.0	17929.0	-64.87017977028141	
-3.0737066359482914	991.0	1698.0	4.53409830993274	12.493679839598208	2344.0	0.0	23990.0	2732.11669921875	-0.3425	384.0	-186.0	0.4534412955465587	0.5991902834008097	-489.0	5086.0	-312.55543661110266	7.894187488730839	341.0	20299.0	-79.11393828469534	
-0.7302596951431342	1045.0	1807.0	3.164506676162769	11.839120066692306	2146.0	0.0	24630.0	2751.64794921875	-0.3425	384.0	-186.0	0.4534412955465587	0.5991902834008097	-489.0	6220.0	-357.3940969567212	24.011797560235568	-579.0	23231.0	-96.35340665229393	
1.2692399475051175	1101.0	1906.0	1.923994750511745	11.159606029425044	1977.0	0.0	25270.0	2771.17919921875	-0.395	363.0	-234.0	0.35627530364372473	0.6032388663967612	-491.0	7522.0	-364.9487689249121	35.941587558588864	-1322.0	23725.0	-116.21262647518901	
3.284960328406315	1200.0	1970.0	1.1150804596791217	9.970813863080057	1807.0	0.0	25910.0	2790.71044921875	-0.395	363.0	-234.0	0.35627530364372473	0.6032388663967612	-491.0	8966.0	-345.4044961003212	41.226117112892155	-1702.0	22447.0	-138.31721558197833	
4.209030169330712	1261.0	2006.0	0.6649216949759412	9.236111627159092	1729.0	0.0	26550.0	2810.24169921875	-0.395	363.0	-234.0	0.35627530364372473	0.6032388663967612	-491.0	10283.0	-299.00596421471175	42.95618443516619	-1922.0	19413.0	-158.50859988650612	
4.540855379534261	1279.0	2018.0	0.5141093819976065	9.01954616312204	1701.0	0.0	27190.0	2829.77294921875	-0.3575	378.0	-267.0	0.2894736842105263	0.6619433198380567	-520.0	10138.0	-249.80883927205997	42.9503606246744	-2051.0	16196.0	-156.28370799418292	
5.26341295563719	1319.0	2047.0	0.15081937324275654	8.537578227864602	1640.0	0.0	27830.0	2849.30419921875	-0.3575	378.0	-267.0	0.2894736842105263	0.6619433198380567	-520.0	10342.0	-202.72212876586636	43.6054360117708	-2214.0	13117.0	-159.40743190656943	
5.3671703980610825	1360.0	2075.0	-0.1877220986535862	8.037869069236455	1631.0	0.0	28470.0	2868.83544921875	-0.3575	378.0	-267.0	0.2894736842105263	0.6619433198380567	-520.0	10457.0	-152.68389662027835	41.29875632354241	-2193.0	9845.0	-161.19511432413609	
