Device	Device	Device	Device	Device	Device	Device	Device	Device	Device	Device	Device	Device	Device	Device	Device	Device	Device	Device	Device	Device	
Low Noise Accelerometer X	Low Noise Accelerometer X	Low Noise Accelerometer Z	Low Noise Accelerometer Z	Low Noise Accelerometer Y	Low Noise Accelerometer Y	Event_Marker	Timestamp	Timestamp	Magnetometer Z	Magnetometer Z	Magnetometer X	Magnetometer X	Magnetometer Y	Magnetometer Y	Gyroscope Y	Gyroscope Y	Gyroscope Z	Gyroscope Z	Gyroscope X	Gyroscope X	
UNCAL	CAL	UNCAL	CAL	CAL	UNCAL	CAL	CAL	UNCAL	UNCAL	CAL	CAL	UNCAL	CAL	UNCAL	CAL	UNCAL	UNCAL	CAL	CAL	UNCAL	
no units	m/(s^2)	no units	m/(s^2)	m/(s^2)	no units	no units	ms	no units	no units	local_flux	local_flux	no units	local_flux	no units	deg/s	no units	no units	deg/s	deg/s	no units	
2484.0	-7.661523526891165	2050.0	0.514313977550189	-5.620545823187788	2726.0	0.0	993.927001953125	32569.0	597.0	0.19	-0.7894736842105263	-800.0	-0.1437246963562753	-122.0	1.896314421165316	-58.0	39.0	-0.8268915208272094	-0.26912513739639554	-263.0	
2486.0	-7.709496305255595	2053.0	0.4789409030119848	-5.645829398004365	2730.0	0.0	1013.458251953125	33209.0	597.0	0.19	-0.7894736842105263	-800.0	-0.1437246963562753	-122.0	2.844471631747974	-154.0	-16.0	-0.03360415363575234	1.21187816745551	-325.0	
2486.0	-7.79244718829296	2050.0	0.517185932608775	-5.645894006242802	2737.0	0.0	1032.989501953125	33849.0	598.0	0.1925	-0.7834008097165992	-797.0	-0.10931174089068826	-139.0	3.9455574246826735	-167.0	-84.0	0.9662505704644063	1.4213550022521353	-397.0	
2479.0	-7.922284567691722	2041.0	0.6286860879706175	-5.5606250275319615	2748.0	0.0	1052.520751953125	34489.0	598.0	0.1925	-0.7834008097165992	-797.0	-0.10931174089068826	-139.0	3.4256002446857323	-139.0	-89.0	1.0682463579337467	0.9927294176993314	-363.0	
2475.0	-8.03038593379141	2049.0	0.5328351922877582	-5.515430288022279	2757.0	0.0	1072.052001953125	35129.0	598.0	0.1925	-0.7834008097165992	-797.0	-0.10931174089068826	-139.0	0.8564000611714331	9.0	-57.0	0.7015289085201025	-1.2819213381972911	-195.0	
2476.0	-7.982775249427989	2049.0	0.531998866724877	-5.527019100460987	2753.0	0.0	1091.583251953125	35769.0	600.0	0.1975	-0.7813765182186235	-796.0	-0.13360323886639677	-127.0	-1.131671509405108	100.0	-18.0	0.19515818203801474	-2.683333058351478	-65.0	
2480.0	-8.030745619119742	2052.0	0.4968666594543202	-5.576394219387653	2757.0	0.0	1111.114501953125	36409.0	600.0	0.1975	-0.7813765182186235	-796.0	-0.13360323886639677	-127.0	-1.7433858388132744	131.0	-36.0	0.5012334175509741	-3.1559512993982204	-25.0	
2480.0	-8.0196965654697	2059.0	0.411295833982512	-5.577995145360588	2756.0	0.0	1130.645751953125	37049.0	600.0	0.1975	-0.7813765182186235	-796.0	-0.13360323886639677	-127.0	-0.565835754702554	126.0	-61.0	0.8378867467903889	-3.0758623478152023	-102.0	
2479.0	-8.019210160459338	2055.0	0.45993633501876374	-5.564969278518675	2756.0	0.0	1150.177001953125	37689.0	600.0	0.1975	-0.7813765182186235	-796.0	-0.13360323886639677	-127.0	0.3058571647040832	80.0	-57.0	0.7344419164752697	-2.3710505478446073	-159.0	
2476.0	-8.186090758236483	2057.0	0.43854322397072243	-5.5309213684041545	2770.0	0.0	1169.708251953125	38329.0	595.0	0.185	-0.7732793522267206	-792.0	-0.10931174089068826	-139.0	-0.29056430646887904	52.0	-40.0	0.49252828022016043	-1.9438241417796613	-120.0	
2476.0	-8.079335135185577	2060.0	0.3998198147755797	-5.530628280357548	2761.0	0.0	1189.239501953125	38969.0	595.0	0.185	-0.7732793522267206	-792.0	-0.10931174089068826	-139.0	-1.330478666462762	109.0	-13.0	0.12758698454536666	-2.8221091232495294	-52.0	
2477.0	-8.079212028512565	2059.0	0.4121304820769222	-5.542429028715875	2761.0	0.0	1208.770751953125	39609.0	595.0	0.185	-0.7732793522267206	-792.0	-0.10931174089068826	-139.0	-1.881021562930112	164.0	13.0	-0.24185336055392156	-3.669750127897392	-16.0	
2476.0	-8.020188992161753	2063.0	0.362053164777142	-5.530792151927279	2756.0	0.0	1228.302001953125	40249.0	594.0	0.1825	-0.7753036437246964	-793.0	-0.13157894736842105	-128.0	-1.6210429729316411	168.0	38.0	-0.6361555167115935	-3.735071084091468	-33.0	
2476.0	-8.067920374525507	2064.0	0.35081969030632815	-5.531494135240332	2760.0	0.0	1247.833251953125	40889.0	594.0	0.1825	-0.7753036437246964	-793.0	-0.13157894736842105	-128.0	-0.13763572411683744	79.0	26.0	-0.5245725687972649	-2.368296209039208	-130.0	
2478.0	-8.067796063516155	2063.0	0.3632507912414943	-5.555340655653704	2760.0	0.0	1267.364501953125	41529.0	594.0	0.1825	-0.7753036437246964	-793.0	-0.13157894736842105	-128.0	0.4434928888209207	24.0	14.0	-0.3716854814180383	-1.5228207369685458	-168.0	
2476.0	-8.091603212202372	2063.0	0.3634883035721994	-5.531477591351784	2762.0	0.0	1286.895751953125	42169.0	594.0	0.1825	-0.7753036437246964	-793.0	-0.13157894736842105	-128.0	-0.8258143447010247	28.0	30.0	-0.5663959238431842	-1.586145776025297	-85.0	
2473.0	-8.044119247520984	2064.0	0.34998000980650457	-5.495128339267031	2758.0	0.0	1306.427001953125	42809.0	596.0	0.1875	-0.7672064777327935	-789.0	-0.1437246963562753	-122.0	-2.3398073099862366	68.0	66.0	-1.0534106701462258	-2.2047952698133235	14.0	
2473.0	-7.972217418133661	2060.0	0.39730580568152246	-5.493462805055658	2752.0	0.0	1325.958251953125	43449.0	596.0	0.1875	-0.7672064777327935	-789.0	-0.1437246963562753	-122.0	-2.0186572870469495	65.0	80.0	-1.2820456264649267	-2.1610481684021363	-7.0	
2475.0	-7.984361184141105	2062.0	0.3734053954133084	-5.518158636463265	2753.0	0.0	1345.489501953125	44089.0	596.0	0.1875	-0.7672064777327935	-789.0	-0.1437246963562753	-122.0	-0.6575929041137789	12.0	42.0	-0.7601475103107708	-1.3425715533599745	-96.0	
2476.0	-8.044603243858669	2068.0	0.3015803760379003	-5.532245750219033	2758.0	0.0	1365.020751953125	44729.0	600.0	0.1975	-0.7834008097165992	-797.0	-0.13765182186234817	-125.0	-1.3916500994035788	23.0	43.0	-0.7444811448181212	-1.511204209944422	-48.0	
2478.0	-7.98411376645874	2060.0	0.3981471636498171	-5.553805905234964	2753.0	0.0	1384.552001953125	45369.0	600.0	0.1975	-0.7834008097165992	-797.0	-0.13765182186234817	-125.0	-1.2234286588163328	8.0	45.0	-0.78427219365502	-1.2814348655609173	-59.0	
2475.0	-7.9841173794677545	2060.0	0.39778586274834604	-5.517668589069831	2753.0	0.0	1404.083251953125	46009.0	600.0	0.1975	-0.7834008097165992	-797.0	-0.13765182186234817	-125.0	-0.8258143447010247	-51.0	45.0	-0.809227516045687	-0.3763598829554546	-85.0	
2471.0	-7.972585533816362	2063.0	0.3604942374113186	-5.47010633203572	2752.0	0.0	1423.614501953125	46649.0	598.0	0.1925	-0.7894736842105263	-800.0	-0.145748987854251	-121.0	-1.4069429576387829	-31.0	3.0	-0.13692625176192796	-0.6765265434751151	-47.0	
2471.0	-8.031609774503513	2059.0	0.4104511210772752	-5.469697436769272	2757.0	0.0	1443.145751953125	47289.0	598.0	0.1925	-0.7894736842105263	-800.0	-0.145748987854251	-121.0	-2.5080287505734824	32.0	-17.0	0.2243930504255991	-1.6396158209151088	25.0	
2473.0	-7.912705568099811	2060.0	0.39610985668564125	-5.492891605535236	2747.0	0.0	1462.677001953125	47929.0	598.0	0.1925	-0.7894736842105263	-800.0	-0.145748987854251	-121.0	-0.6117143294081664	36.0	7.0	-0.21997528347618528	-1.7054374388866265	-99.0	
2479.0	-8.055526782163023	2060.0	0.3997027360786983	-5.566537116714513	2759.0	0.0	1482.208251953125	48569.0	598.0	0.1925	-0.7894736842105263	-800.0	-0.145748987854251	-121.0	0.6575929041137789	20.0	-5.0	-0.08862883822944433	-1.4586122359041604	-182.0	
2474.0	-8.174556503912415	2060.0	0.40149246590134235	-5.507450655480133	2769.0	0.0	1501.739501953125	49209.0	599.0	0.195	-0.7935222672064778	-802.0	-0.12955465587044535	-129.0	0.749350053525004	-27.0	-12.0	0.008155032281245582	-0.736453665267183	-188.0	
2472.0	-8.079461854867606	2061.0	0.38714784657276613	-5.482690215834087	2761.0	0.0	1521.270751953125	49849.0	599.0	0.195	-0.7935222672064778	-802.0	-0.12955465587044535	-129.0	-0.0764642911760208	-37.0	19.0	-0.4371520270189915	-0.5874618992789364	-134.0	
2473.0	-8.078607334174542	2054.0	0.4725999158792217	-5.493020822012112	2761.0	0.0	1540.802001953125	50489.0	599.0	0.195	-0.7935222672064778	-802.0	-0.12955465587044535	-129.0	-0.5199571799969415	-42.0	42.0	-0.7739375814437184	-0.5141073365325591	-105.0	
2474.0	-8.090630402181647	2055.0	0.4607693056447028	-5.505425857667959	2762.0	0.0	1560.333251953125	51129.0	599.0	0.195	-0.7773279352226721	-794.0	-0.1194331983805668	-134.0	-1.3457715246979662	-29.0	30.0	-0.554345197401082	-0.7113897002477565	-51.0	
2476.0	-8.15099315989955	2062.0	0.3768744862355995	-5.531803767175488	2767.0	0.0	1579.864501953125	51769.0	599.0	0.195	-0.7773279352226721	-794.0	-0.1194331983805668	-134.0	-1.6210429729316411	41.0	24.0	-0.44031111101096476	-1.7843632154525986	-33.0	
2476.0	-8.174675997576415	2061.0	0.3895430995014708	-5.531787223286939	2769.0	0.0	1599.395751953125	52409.0	599.0	0.195	-0.7773279352226721	-794.0	-0.1194331983805668	-134.0	-1.8504358464597035	117.0	52.0	-0.8501355748173216	-2.954642218108155	-18.0	
2480.0	-8.007550390789579	2057.0	0.4354371115183735	-5.57739085806307	2755.0	0.0	1618.927001953125	53049.0	599.0	0.195	-0.7773279352226721	-794.0	-0.1194331983805668	-134.0	-2.3245144517510323	71.0	106.0	-1.6687904673776452	-2.2569825187600125	13.0	
2479.0	-8.0561362938464	2065.0	0.3387515677411041	-5.567762235198098	2759.0	0.0	1638.458251953125	53689.0	600.0	0.1975	-0.7753036437246964	-793.0	-0.13157894736842105	-128.0	-1.6975072641076618	-24.0	119.0	-1.908393289578609	-0.8016525994601562	-28.0	
2479.0	-7.866064080748102	2068.0	0.29835382995172766	-5.566669467822904	2743.0	0.0	1657.989501953125	54329.0	600.0	0.1975	-0.7753036437246964	-793.0	-0.13157894736842105	-128.0	0.29056430646887904	-51.0	122.0	-2.0381929296797154	-0.38864953709179495	-158.0	
2484.0	-7.746668651988683	2065.0	0.3331348011316401	-5.625020857967133	2733.0	0.0	1677.520751953125	54969.0	600.0	0.1975	-0.7753036437246964	-793.0	-0.13157894736842105	-128.0	0.22939287352806242	-45.0	72.0	-1.2657901993762777	-0.47299241173750994	-154.0	
2479.0	-7.556236753562052	2065.0	0.32870559617570183	-5.5629641592265635	2717.0	0.0	1697.052001953125	55609.0	601.0	0.2	-0.7773279352226721	-794.0	-0.16396761133603238	-112.0	2.003364428811745	-77.0	23.0	-0.5879968803355683	0.02480899851289413	-270.0	
2475.0	-7.401998370166094	2069.0	0.2763534595810405	-5.514276047040161	2704.0	0.0	1716.583251953125	56249.0	601.0	0.2	-0.7773279352226721	-794.0	-0.16396761133603238	-112.0	3.1962073711576697	-84.0	-73.0	0.8397684045255875	0.14649803696838004	-348.0	
2479.0	-7.259530819749526	2072.0	0.23739421552366385	-5.56182332750148	2692.0	0.0	1736.114501953125	56889.0	601.0	0.2	-0.7773279352226721	-794.0	-0.16396761133603238	-112.0	3.9455574246826735	-49.0	-176.0	2.3993806455738826	-0.3749627686555087	-397.0	
2474.0	-7.23487878506095	2065.0	0.3216453034288248	-5.499650821541068	2690.0	0.0	1755.645751953125	57529.0	593.0	0.18	-0.7773279352226721	-794.0	-0.10931174089068826	-139.0	6.713564765254627	-104.0	-295.0	4.110537387554485	0.48609539996116713	-578.0	
2470.0	-6.926519103260356	2074.0	0.20523253110727818	-5.4507027090851565	2664.0	0.0	1775.177001953125	58169.0	593.0	0.18	-0.7773279352226721	-794.0	-0.10931174089068826	-139.0	7.768771983483714	-166.0	-438.0	6.258262336986876	1.4589306362592351	-647.0	
2469.0	-6.952275484997037	2090.0	0.010546738391505606	-5.4428057959857545	2666.0	0.0	1794.708251953125	58809.0	593.0	0.18	-0.7773279352226721	-794.0	-0.10931174089068826	-139.0	9.40510781465056	-110.0	-617.0	8.954554735725743	0.6266024753916292	-754.0	
2467.0	-6.512499715102595	2095.0	-0.059495319783257006	-5.415712493908137	2629.0	0.0	1814.239501953125	59449.0	593.0	0.18	-0.7773279352226721	-794.0	-0.10931174089068826	-139.0	9.726257837589847	17.0	-790.0	11.62205853574213	-1.29547191119007	-775.0	
2469.0	-6.323156507351673	2104.0	-0.17279359231009908	-5.440181412823333	2613.0	0.0	1833.770751953125	60089.0	593.0	0.18	-0.7753036437246964	-793.0	-0.13562753036437247	-126.0	10.812050772289341	28.0	-1057.0	15.68696867278096	-1.4236121300590556	-846.0	
2460.0	-6.122289884303727	2116.0	-0.3242265256107344	-5.332767670319107	2596.0	0.0	1853.302001953125	60729.0	593.0	0.18	-0.7753036437246964	-793.0	-0.13562753036437247	-126.0	12.524850894632207	6.0	-1372.0	20.46001197586004	-1.038303056549517	-958.0	
2450.0	-6.00522866498621	2132.0	-0.522866498621035	-5.2150879298752955	2586.0	0.0	1872.833251953125	61369.0	593.0	0.18	-0.7753036437246964	-793.0	-0.13562753036437247	-126.0	15.078758219911302	13.0	-1729.0	25.849853664405032	-1.0918160252709415	-1125.0	
2440.0	-6.2086781194947624	2141.0	-0.6297167113809452	-5.098777500964735	2603.0	0.0	1892.364501953125	62009.0	586.0	0.1625	-0.7854251012145749	-798.0	-0.12753036437246965	-130.0	18.427894173421013	41.0	-2123.0	31.78019770789063	-1.4621581272635829	-1344.0	
2441.0	-7.100501349309457	2134.0	-0.5263254071362713	-5.1176760999490725	2678.0	0.0	1911.895751953125	62649.0	586.0	0.1625	-0.7854251012145749	-798.0	-0.12753036437246965	-130.0	18.657287046949076	-28.0	-2417.0	36.2823652545981	-0.3583670793858896	-1359.0	
2425.0	-7.003107416576555	2116.0	-0.3107416576555211	-4.91961940129478	2670.0	0.0	1931.427001953125	63289.0	586.0	0.1625	-0.7854251012145749	-798.0	-0.12753036437246965	-130.0	16.5315797522557	-154.0	-2565.0	38.62439812863766	1.5984581902782442	-1220.0	
2414.0	-7.433556421906804	2132.0	-0.4984993335375381	-4.795148924383795	2706.0	0.0	1950.958251953125	63929.0	586.0	0.1625	-0.7854251012145749	-798.0	-0.12753036437246965	-130.0	15.721058265789878	-296.0	-2593.0	39.06568866102255	3.7817877750558297	-1167.0	
2413.0	-7.768164912136133	2143.0	-0.6260150231371342	-4.788997130306995	2734.0	0.0	1970.489501953125	64569.0	582.0	0.1525	-0.7995951417004049	-805.0	-0.08704453441295547	-150.0	10.490900749350054	-230.0	-2624.0	39.76180242494651	2.7760129912588254	-825.0	
2404.0	-7.981443192591638	2135.0	-0.5252716401162243	-4.680681310511374	2752.0	0.0	1990.020751953125	65209.0	582.0	0.1525	-0.7995951417004049	-805.0	-0.08704453441295547	-150.0	8.548707753479126	-177.0	-2676.0	40.647411102261344	1.971611444151354	-698.0	
2377.0	-7.96628197657577	2108.0	-0.19962622900563123	-4.348715585309726	2751.0	0.0	2009.552001953125	313.0	582.0	0.1525	-0.7995951417004049	-805.0	-0.08704453441295547	-150.0	10.873222205230158	-384.0	-2732.0	41.38399972170511	5.155285447577647	-850.0	
2364.0	-8.227662163750411	2104.0	-0.14716875599338636	-4.19365373169713	2773.0	0.0	2029.083251953125	953.0	573.0	0.13	-0.8016194331983806	-806.0	-0.022267206477732795	-182.0	13.763572411683745	-704.0	-2790.0	42.11138106292449	10.07279403158981	-1039.0	
2343.0	-8.31392970094111	2128.0	-0.44058914172990205	-3.9473727665909966	2780.0	0.0	2048.614501953125	1593.0	573.0	0.13	-0.8016194331983806	-806.0	-0.022267206477732795	-182.0	15.216393944028141	-736.0	-2822.0	42.54054701457813	10.568109168166343	-1134.0	
2338.0	-7.942646108016097	2109.0	-0.2169917539906261	-3.8789470190515396	2749.0	0.0	2068.145751953125	2233.0	573.0	0.13	-0.8016194331983806	-806.0	-0.022267206477732795	-182.0	10.628536473466893	-536.0	-2823.0	42.770109573345735	7.501508062129039	-834.0	
2339.0	-7.868183125222258	2084.0	0.08644938253611106	-3.884181759264151	2743.0	0.0	2087.677001953125	2873.0	565.0	0.11	-0.7995951417004049	-805.0	0.016194331983805668	-201.0	9.58862211347301	-461.0	-2957.0	44.88422444956292	6.3718129365318426	-766.0	
2321.0	-7.45040282967264	2074.0	0.19781227083130462	-3.6609092286632325	2708.0	0.0	2107.208251953125	3513.0	565.0	0.11	-0.7995951417004049	-805.0	0.016194331983805668	-201.0	16.653922618137333	-540.0	-3177.0	47.973276136770835	7.61491766239579	-1228.0	
2288.0	-7.91305027265906	2061.0	0.36163940076074164	-3.2646687990487253	2747.0	0.0	2126.739501953125	4153.0	565.0	0.11	-0.7995951417004049	-805.0	0.016194331983805668	-201.0	24.101544578681757	-432.0	-3456.0	51.98318974819425	5.997812563432534	-1715.0	
2268.0	-8.656263100282606	2104.0	-0.15011955207011485	-3.041372250959891	2809.0	0.0	2146.270751953125	4793.0	565.0	0.11	-0.7995951417004049	-805.0	0.016194331983805668	-201.0	25.600244685731766	67.0	-3664.0	55.19899690468633	-1.6269267104068734	-1813.0	
2270.0	-8.322384819736989	2099.0	-0.09562483084180809	-3.061039959272037	2781.0	0.0	2165.802001953125	5433.0	555.0	0.085	-0.7834008097165992	-797.0	0.08299595141700405	-234.0	20.79828719987766	904.0	-3687.0	55.87323283309626	-14.46351717297332	-1499.0	
2276.0	-8.583620222184528	2094.0	-0.02868888511939452	-3.1346027510085706	2803.0	0.0	2185.333251953125	6073.0	555.0	0.085	-0.7834008097165992	-797.0	0.08299595141700405	-234.0	16.883315491665392	1356.0	-3635.0	55.299369211912676	-21.404962422657615	-1243.0	
2268.0	-8.607190792215423	2092.0	-0.004793507256593749	-3.0379750069829488	2805.0	0.0	2204.864501953125	6713.0	555.0	0.085	-0.7834008097165992	-797.0	0.08299595141700405	-234.0	14.023551001682216	1187.0	-3707.0	56.49522994776085	-18.799786077076025	-1056.0	
2228.0	-8.909186699958514	2128.0	-0.442479519660813	-2.5678209754650902	2830.0	0.0	2224.395751953125	7353.0	547.0	0.065	-0.7692307692307693	-790.0	0.13360323886639677	-259.0	13.228322373451599	798.0	-3808.0	58.020803631455074	-12.815526197228493	-1004.0	
2203.0	-9.099898533148641	2130.0	-0.46604379105462274	-2.2689945599477594	2846.0	0.0	2243.927001953125	7993.0	547.0	0.065	-0.7692307692307693	-790.0	0.13360323886639677	-259.0	14.29882244991589	560.0	-3772.0	57.38776610119086	-9.169869461897406	-1074.0	
2192.0	-9.253057860559595	2117.0	-0.30578605595964714	-2.134790878038042	2859.0	0.0	2263.458251953125	8633.0	547.0	0.065	-0.7692307692307693	-790.0	0.13360323886639677	-259.0	11.301422235815876	432.0	-3620.0	55.15014310248471	-7.2281517836444795	-878.0	
2181.0	-9.444484247061041	2125.0	-0.40080565848503846	-2.0060754134716365	2875.0	0.0	2282.989501953125	9273.0	547.0	0.065	-0.7692307692307693	-790.0	0.13360323886639677	-259.0	3.226793087628078	422.0	-3435.0	52.62613017765331	-7.099947076311545	-350.0	
2170.0	-9.222253339405734	2157.0	-0.7967625120020503	-1.879242120983496	2856.0	0.0	2302.520751953125	9913.0	540.0	0.0475	-0.7449392712550608	-778.0	0.19635627530364372	-290.0	-5.734821838201561	544.0	-3241.0	50.01941943217529	-8.998041190057563	236.0	
2143.0	-9.38757811087822	2146.0	-0.6625729925841152	-1.552910373490585	2870.0	0.0	2322.052001953125	10553.0	540.0	0.0475	-0.7449392712550608	-778.0	0.19635627530364372	-290.0	-19.972472855176633	709.0	-3062.0	47.86103715874067	-11.55146481638252	1167.0	
2143.0	-9.100702207348986	2136.0	-0.5464112110891566	-1.5477183788253934	2846.0	0.0	2341.583251953125	11193.0	540.0	0.0475	-0.7449392712550608	-778.0	0.19635627530364372	-290.0	-37.100474078605295	665.0	-2963.0	47.016647434246785	-10.884751432669962	2287.0	
2131.0	-8.847597428489317	2110.0	-0.2359333251222521	-1.3943994600644467	2825.0	0.0	2361.114501953125	11833.0	549.0	0.07	-0.7550607287449392	-783.0	0.22064777327935223	-302.0	-51.32283223734517	532.0	-3043.0	48.79553561929553	-8.826146224288863	3217.0	
2125.0	-8.58587441669508	2111.0	-0.25410833617459044	-1.3198565735410448	2803.0	0.0	2380.645751953125	12473.0	549.0	0.07	-0.7550607287449392	-783.0	0.22064777327935223	-302.0	-53.63205383086099	370.0	-3069.0	49.26293815026136	-6.335665846362969	3368.0	
2100.0	-8.419637052018778	2114.0	-0.2970385352112064	-1.0178479845979058	2789.0	0.0	2400.177001953125	13113.0	549.0	0.07	-0.7550607287449392	-783.0	0.22064777327935223	-302.0	-45.588010399143606	355.0	-3126.0	49.81560765992584	-6.099971896394451	2842.0	
2092.0	-8.548378514723803	2096.0	-0.07594671047551801	-0.9183280205615676	2800.0	0.0	2419.708251953125	13753.0	565.0	0.11	-0.6902834008097166	-751.0	0.25303643724696356	-318.0	-40.40373145740939	365.0	-3298.0	52.25527379219241	-6.229020071653035	2503.0	
2076.0	-8.343131837909917	2072.0	0.21062573281775904	-0.7177730205902139	2783.0	0.0	2439.239501953125	14393.0	565.0	0.11	-0.6902834008097166	-751.0	0.25303643724696356	-318.0	-31.396237956874142	161.0	-3623.0	56.86244147629578	-3.0526737285545202	1914.0	
2050.0	-8.714940374608116	2095.0	-0.06546603224012634	-0.4137599292101608	2814.0	0.0	2458.770751953125	15033.0	565.0	0.11	-0.6902834008097166	-751.0	0.25303643724696356	-318.0	-21.838201559871543	-106.0	-3925.0	61.084167239677804	1.0865206657986501	1289.0	
2021.0	-8.60565972824084	2077.0	0.14831289020173982	-0.05899395393620494	2805.0	0.0	2478.302001953125	15673.0	565.0	0.11	-0.6902834008097166	-751.0	0.25303643724696356	-318.0	-23.765101697507266	-168.0	-4020.0	62.61289043705022	2.053165884576118	1415.0	
2005.0	-8.517242509434501	2035.0	0.6567014375021184	0.1448290735352154	2798.0	0.0	2497.833251953125	16313.0	566.0	0.1125	-0.659919028340081	-736.0	0.291497975708502	-337.0	-29.209359229239947	-169.0	-4007.0	62.63053629339508	2.068686826797692	1771.0	
1976.0	-8.359864773693445	2013.0	0.918284535417355	0.5010321032123765	2785.0	0.0	2517.364501953125	16953.0	566.0	0.1125	-0.659919028340081	-736.0	0.291497975708502	-337.0	-31.212723658051694	-423.0	-4066.0	63.57915370451723	5.975671850072639	1902.0	
1938.0	-8.371447201471044	2010.0	0.9505179481337878	0.9593922724901339	2786.0	0.0	2536.895751953125	17593.0	566.0	0.1125	-0.659919028340081	-736.0	0.291497975708502	-337.0	-32.02324514451751	-626.0	-4112.0	64.28793783243728	9.097689873951195	1955.0	
1928.0	-8.549629087925952	2007.0	0.9894721597857512	1.0788714655694673	2801.0	0.0	2556.427001953125	18233.0	574.0	0.1325	-0.6255060728744939	-719.0	0.3623481781376518	-372.0	-39.165009940357855	-524.0	-4126.0	64.80455961981046	7.537718758696188	2422.0	
1916.0	-8.319963342069798	1978.0	1.3369991263535648	1.2326969756123975	2782.0	0.0	2575.958251953125	18873.0	574.0	0.1325	-0.6255060728744939	-719.0	0.3623481781376518	-372.0	-50.83346077381863	-243.0	-4134.0	65.43741035823268	3.232247358147311	3185.0	
1886.0	-7.865515169842526	1960.0	1.543721110985496	1.6028216801598387	2744.0	0.0	2595.489501953125	19513.0	574.0	0.1325	-0.6255060728744939	-719.0	0.3623481781376518	-372.0	-59.336289952592146	-78.0	-4053.0	64.5569678080068	0.6916031290544427	3741.0	
1892.0	-6.734782793181333	1960.0	1.5217206818666948	1.5413998387175687	2649.0	0.0	2615.020751953125	20153.0	574.0	0.1325	-0.6255060728744939	-719.0	0.3623481781376518	-372.0	-68.69551919253709	-100.0	-3955.0	63.42061443582791	1.0178182358114016	4353.0	
1866.0	-6.822475121106427	1898.0	2.2762974131668567	1.8688674621125136	2657.0	0.0	2634.552001953125	20793.0	586.0	0.1625	-0.5647773279352227	-689.0	0.44129554655870445	-411.0	-74.9655910689708	-357.0	-4215.0	67.63094566480558	5.003453848239279	4763.0	
1831.0	-6.687324621020162	1863.0	2.696109326555249	2.300301952369096	2646.0	0.0	2654.083251953125	21433.0	586.0	0.1625	-0.5647773279352227	-689.0	0.44129554655870445	-411.0	-57.975225569658974	-984.0	-4958.0	78.28306684157569	14.730966313651296	3652.0	
1764.0	-7.430837857124956	1908.0	2.154309525599642	3.0892597396515864	2708.0	0.0	2673.614501953125	22073.0	586.0	0.1625	-0.5647773279352227	-689.0	0.44129554655870445	-411.0	-42.68236733445482	-1395.0	-5600.0	87.48277049800022	21.129546133704878	2652.0	
1750.0	-7.655415017585547	1895.0	2.3156410985882037	3.2589152983019325	2727.0	0.0	2693.145751953125	22713.0	589.0	0.17	-0.5141700404858299	-664.0	0.48785425101214575	-434.0	-38.70622419330173	-1265.0	-5901.0	91.97328046443388	19.179668357812975	2392.0	
1705.0	-8.195542190495008	1834.0	3.0648285695468944	3.810666450690807	2773.0	0.0	2712.677001953125	23353.0	589.0	0.17	-0.5141700404858299	-664.0	0.48785425101214575	-434.0	-31.243309374522102	-840.0	-6184.0	96.09274241542934	12.699457422619846	1904.0	
1657.0	-8.159405279272232	1830.0	3.1070911203959044	4.390186323832063	2770.0	0.0	2732.208251953125	23993.0	589.0	0.17	-0.5141700404858299	-664.0	0.48785425101214575	-434.0	-23.581587398684817	-726.0	-6320.0	97.89557181315737	10.968214579570889	1403.0	
1621.0	-8.972954475287734	1864.0	2.704552471226596	4.807734998647558	2838.0	0.0	2751.739501953125	24633.0	585.0	0.16	-0.4291497975708502	-622.0	0.548582995951417	-464.0	-21.348830096345008	-724.0	-6403.0	99.0831763077248	10.949401657200312	1257.0	
1608.0	-8.65331277419079	1878.0	2.5258654380638657	4.963984181019369	2811.0	0.0	2771.270751953125	25273.0	585.0	0.16	-0.4291497975708502	-622.0	0.548582995951417	-464.0	-20.553601468114394	-520.0	-6472.0	100.14393900603862	7.829734617925968	1205.0	
1577.0	-9.069201644834179	1872.0	2.603645040391614	5.334874860263104	2846.0	0.0	2790.802001953125	25913.0	585.0	0.16	-0.4291497975708502	-622.0	0.548582995951417	-464.0	-17.20446551460468	-407.0	-6516.0	100.70407577168596	6.101409332214328	986.0	
1549.0	-9.330234190043868	1865.0	2.6908667098990593	5.6713583657915185	2868.0	0.0	2810.333251953125	26553.0	585.0	0.16	-0.4291497975708502	-622.0	0.548582995951417	-464.0	-14.069429576387828	-442.0	-6506.0	100.419509732633	6.6356205998581705	781.0	
1532.0	-9.197621960973692	1851.0	2.856851521678382	5.88082346142624	2857.0	0.0	2829.864501953125	27193.0	577.0	0.14	-0.33805668016194335	-577.0	0.6133603238866396	-496.0	-13.977672426976604	-544.0	-6337.0	97.80084987778174	8.174571334438399	775.0	
1485.0	-8.923680249952525	1849.0	2.870070242842653	6.450092313200701	2834.0	0.0	2849.395751953125	27833.0	577.0	0.14	-0.33805668016194335	-577.0	0.6133603238866396	-496.0	-16.179844012846	-563.0	-6114.0	94.4561142615756	8.432669167780709	919.0	
1499.0	-9.139368877405754	1861.0	2.7297789260911314	6.276454901795958	2852.0	0.0	2868.927001953125	28473.0	577.0	0.14	-0.33805668016194335	-577.0	0.6133603238866396	-496.0	-17.6479584034256	-688.0	-5920.0	91.51179638076555	10.321286446238222	1015.0	
1468.0	-8.269436080307942	1852.0	2.818296731110401	6.6604185617709355	2779.0	0.0	2888.458251953125	29113.0	574.0	0.1325	-0.2651821862348178	-541.0	0.6497975708502024	-514.0	-17.877351276953664	-681.0	-5760.0	89.06113145448946	10.189368411368585	1030.0	
1447.0	-8.338925154024864	1836.0	3.0122465022754623	6.916614714649838	2785.0	0.0	2907.989501953125	29753.0	574.0	0.1325	-0.2651821862348178	-541.0	0.6497975708502024	-514.0	-16.149258296375596	-730.0	-5570.0	86.06216154715506	10.911258411543363	917.0	
1436.0	-8.123720522909322	1828.0	3.10413818525838	7.05313471510258	2767.0	0.0	2927.520751953125	30393.0	574.0	0.1325	-0.2651821862348178	-541.0	0.6497975708502024	-514.0	-14.497629606973545	-850.0	-5584.0	86.19302141758921	12.753905049222695	809.0	
1423.0	-7.482836733966258	1843.0	2.9068027938503724	7.212223351187948	2713.0	0.0	2947.052001953125	31033.0	574.0	0.1325	-0.2651821862348178	-541.0	0.6497975708502024	-514.0	-13.48830096345007	-937.0	-5505.0	84.92422778853043	14.076187191188973	743.0	
1415.0	-7.041483459713068	1835.0	2.9945111715504127	7.314776593653154	2676.0	0.0	2966.583251953125	31673.0	566.0	0.1125	-0.2125506072874494	-515.0	0.6538461538461539	-516.0	-14.3294081663863	-800.0	-5219.0	80.58000526046325	11.93055070474519	798.0	
1373.0	-6.375367028470171	1838.0	2.939487629173392	7.826361383503585	2620.0	0.0	2986.114501953125	32313.0	566.0	0.1125	-0.2125506072874494	-515.0	0.6538461538461539	-516.0	-12.004893714635266	-1002.0	-5290.0	81.54807168958077	15.039817067977594	646.0	
1402.0	-6.412380138440099	1849.0	2.8096052036091	7.473996013531154	2623.0	0.0	3005.645751953125	32953.0	566.0	0.1125	-0.2125506072874494	-515.0	0.6538461538461539	-516.0	-8.349900596421472	-1081.0	-5523.0	84.97347127295932	16.286285272803248	407.0	
1393.0	-5.604858352056902	1864.0	2.60940288954792	7.586500920053522	2555.0	0.0	3025.177001953125	33593.0	563.0	0.105	-0.12145748987854252	-470.0	0.659919028340081	-519.0	-5.933628995259214	-1028.0	-5633.0	86.57684002570291	15.489061326450065	249.0	
1365.0	-5.13984632685361	1857.0	2.682033981305615	7.929953059731069	2516.0	0.0	3044.708251953125	34233.0	563.0	0.105	-0.12145748987854252	-470.0	0.659919028340081	-519.0	-0.030585716470408322	-1024.0	-5817.0	89.17140641205985	15.453629055681136	-137.0	
1328.0	-5.022086210597176	1867.0	2.553283702187188	8.374338787841385	2506.0	0.0	3064.239501953125	34873.0	563.0	0.105	-0.12145748987854252	-470.0	0.659919028340081	-519.0	-1.881021562930112	-1144.0	-5946.0	91.21111660064716	17.315364196541996	-16.0	
1290.0	-4.663598047134823	1855.0	2.687814334136827	8.838445607416208	2476.0	0.0	3083.770751953125	35513.0	553.0	0.08	-0.0465587044534413	-433.0	0.688259109311741	-533.0	-2.1410001529285827	-1205.0	-6188.0	94.93428752224192	18.28860940890356	1.0	
1288.0	-4.221628035180226	1842.0	2.8371964819774034	8.869949336034734	2439.0	0.0	3103.302001953125	36153.0	553.0	0.08	-0.0465587044534413	-433.0	0.688259109311741	-533.0	-0.1529285823520416	-1327.0	-6391.0	97.95833850786914	20.190876925051075	-129.0	
1270.0	-4.021016055832674	1856.0	2.660299178637317	9.085284979640926	2422.0	0.0	3122.833251953125	36793.0	553.0	0.08	-0.0465587044534413	-433.0	0.688259109311741	-533.0	3.257378804098486	-1348.0	-6566.0	100.51034222530888	20.538631119046094	-352.0	
1232.0	-4.4517413829174055	1874.0	2.4449093273070233	9.534501254644676	2458.0	0.0	3142.364501953125	37433.0	553.0	0.08	-0.0465587044534413	-433.0	0.688259109311741	-533.0	-1.6975072641076618	-1148.0	-6602.0	101.29290933849438	17.477560058552967	-28.0	
1195.0	-3.5816939095009483	1864.0	2.5448947641908695	9.990984570646638	2385.0	0.0	3161.895751953125	38073.0	548.0	0.0675	0.04048582995951417	-390.0	0.728744939271255	-553.0	-9.558036397002601	-1012.0	-6672.0	102.70481523293088	15.404829339992347	486.0	
1186.0	-4.136971459399232	1830.0	2.9695207267433803	10.102358049338465	2432.0	0.0	3181.427001953125	38713.0	548.0	0.0675	0.04048582995951417	-390.0	0.728744939271255	-553.0	-15.95045113931794	-1037.0	-6719.0	103.6795439264246	15.798188718380406	904.0	
1154.0	-3.6697700094811414	1805.0	3.2610942899811204	10.4984037037771	2393.0	0.0	3200.958251953125	39353.0	548.0	0.0675	0.04048582995951417	-390.0	0.728744939271255	-553.0	-31.656216546872614	-972.0	-6535.0	101.48763385331108	14.77887817987115	1931.0	
1064.0	-3.5030014149834505	1803.0	3.2712870730835593	11.584612594781715	2379.0	0.0	3220.489501953125	39993.0	536.0	0.0375	0.15587044534412955	-333.0	0.7348178137651822	-556.0	-44.853953203853806	-831.0	-6388.0	99.77615960290964	12.598191241571525	2794.0	
1071.0	-2.277780287951809	1809.0	3.174352157200059	11.510588758336773	2276.0	0.0	3240.020751953125	40633.0	536.0	0.0375	0.15587044534412955	-333.0	0.7348178137651822	-556.0	-54.044961003211505	-821.0	-6233.0	97.76128727334074	12.424597681694586	3395.0	
1087.0	-3.23092583780541	1817.0	3.0978924099351866	11.306757023555589	2356.0	0.0	3259.552001953125	41273.0	536.0	0.0375	0.15587044534412955	-333.0	0.7348178137651822	-556.0	-37.681602691543056	-708.0	-6633.0	103.27644024602519	10.745822558053318	2325.0	
1079.0	-3.910345781575416	1825.0	3.0130408900774923	11.394651335889408	2413.0	0.0	3279.083251953125	41913.0	536.0	0.0375	0.15587044534412955	-333.0	0.7348178137651822	-556.0	-23.367487383391957	-439.0	-6691.0	103.6372866454172	6.621764918011637	1389.0	
1055.0	-3.592667765564995	1855.0	2.6379853482624003	11.679483631719236	2386.0	0.0	3298.614501953125	42553.0	526.0	0.0125	0.25101214574898784	-286.0	0.7004048582995952	-539.0	-15.843401131671511	-20.0	-6618.0	102.27784835711532	0.17883188237428327	897.0	
1048.0	-3.689236081676951	1866.0	2.504963260876337	11.760194856207985	2394.0	0.0	3318.145751953125	43193.0	526.0	0.0125	0.25101214574898784	-286.0	0.7004048582995952	-539.0	-18.106744150481727	324.0	-6375.0	98.68364004347981	-5.135612579157039	1045.0	
1075.0	-2.8269911236313354	1823.0	3.015173351152197	11.453720302774682	2322.0	0.0	3337.677001953125	43833.0	526.0	0.0125	0.25101214574898784	-286.0	0.7004048582995952	-539.0	-25.493194678085338	276.0	-6092.0	94.61896274576311	-4.439724136544211	1528.0	
1098.0	-2.2690148616174612	1835.0	2.860418600158632	11.17909653664001	2275.0	0.0	3357.208251953125	44473.0	527.0	0.015	0.3441295546558705	-240.0	0.6821862348178138	-530.0	-16.562165468726107	-207.0	-6116.0	94.55678791203826	2.9710397219928706	944.0	
1109.0	-2.7968505736625833	1869.0	2.4577997765988067	11.033235682566433	2319.0	0.0	3376.739501953125	45113.0	527.0	0.015	0.3441295546558705	-240.0	0.6821862348178138	-530.0	-6.621807615843402	-513.0	-6175.0	95.01972586833588	7.671081100942068	294.0	
1118.0	-2.72969209637855	1904.0	2.0307903621450034	10.916933344110438	2313.0	0.0	3396.270751953125	45753.0	527.0	0.015	0.3441295546558705	-240.0	0.6821862348178138	-530.0	0.33644288117449156	-449.0	-6029.0	92.50565938746557	6.6638934820133695	-161.0	
1116.0	-2.7900596714418033	1911.0	1.9464138082006053	10.938738522823087	2318.0	0.0	3415.802001953125	46393.0	521.0	0.0	0.4251012145748988	-200.0	0.6275303643724697	-503.0	-0.6728857623489831	-173.0	-5678.0	87.18974554092736	2.3756568539055145	-95.0	
1134.0	-2.7966985629174523	1868.0	2.4730008511119177	10.73233640488704	2319.0	0.0	3435.333251953125	47033.0	521.0	0.0	0.4251012145748988	-200.0	0.6275303643724697	-503.0	-7.845236274659735	-60.0	-5321.0	82.0030346471739	0.5898630915998655	374.0	
1133.0	-2.614629049388658	1839.0	2.8228093468484965	10.753201462708144	2304.0	0.0	3454.864501953125	47673.0	521.0	0.0	0.4251012145748988	-200.0	0.6275303643724697	-503.0	-21.3182443798746	-239.0	-4899.0	76.02377724199488	3.2767330923524334	1255.0	
1150.0	-3.1149957253019545	1843.0	2.7861417555188264	10.542645167013983	2346.0	0.0	3474.395751953125	48313.0	521.0	0.0	0.4251012145748988	-200.0	0.6275303643724697	-503.0	-47.08671050619361	-379.0	-4361.0	68.75811027660743	5.352304134836046	2940.0	
1157.0	-2.3516508841375203	1830.0	2.930149681486057	10.468821424547382	2282.0	0.0	3493.927001953125	48953.0	515.0	-0.015	0.4858299595141701	-170.0	0.576923076923077	-478.0	-70.17892644135189	-299.0	-3816.0	61.311493520406984	4.050279274624049	4450.0	
1163.0	-2.2791323170487936	1821.0	3.0391492475016113	10.399437444912074	2276.0	0.0	3513.458251953125	49593.0	515.0	-0.015	0.4858299595141701	-170.0	0.576923076923077	-478.0	-67.47209053372076	-277.0	-3171.0	51.28604788438254	3.6124461777850563	4273.0	
1172.0	-2.0057326748760618	1824.0	2.998161083822414	10.292917943120457	2253.0	0.0	3532.989501953125	50233.0	515.0	-0.015	0.4858299595141701	-170.0	0.576923076923077	-478.0	-65.98868328490596	-133.0	-2490.0	40.77454731041514	1.2977255252753959	4176.0	
1171.0	-1.8970278187746912	1811.0	3.154360979673749	10.309177182369583	2244.0	0.0	3552.520751953125	50873.0	507.0	-0.035	0.5101214574898786	-158.0	0.5445344129554656	-462.0	-68.75669062547792	84.0	-1998.0	33.35124101289071	-2.106260491512953	4357.0	
1166.0	-1.6583769286376036	1806.0	3.2099261838587	10.372915959210076	2224.0	0.0	3572.052001953125	51513.0	507.0	-0.035	0.5101214574898786	-158.0	0.5445344129554656	-462.0	-73.77274812662488	252.0	-1679.0	28.671192656070886	-4.730934229646136	4685.0	
