Device	Device	Device	Device	Device	Device	Device	Device	Device	Device	Device	Device	Device	Device	Device	Device	Device	Device	Device	Device	Device	
Low Noise Accelerometer X	Low Noise Accelerometer X	Low Noise Accelerometer Z	Low Noise Accelerometer Z	Low Noise Accelerometer Y	Low Noise Accelerometer Y	Event_Marker	Timestamp	Timestamp	Magnetometer Z	Magnetometer Z	Magnetometer X	Magnetometer X	Magnetometer Y	Magnetometer Y	Gyroscope Y	Gyroscope Y	Gyroscope Z	Gyroscope Z	Gyroscope X	Gyroscope X	
CAL	UNCAL	UNCAL	CAL	CAL	UNCAL	CAL	UNCAL	CAL	CAL	UNCAL	CAL	UNCAL	CAL	UNCAL	CAL	UNCAL	CAL	UNCAL	CAL	UNCAL	
m/(s^2)	no units	no units	m/(s^2)	m/(s^2)	no units	no units	no units	ms	local_flux	no units	local_flux	no units	local_flux	no units	deg/s	no units	deg/s	no units	deg/s	no units	
4.6250899466304904	2390.0	2412.0	-4.157672003617645	-4.458589287594	1690.0	0.0	30198.0	921.56982421875	-0.765	215.0	0.7530364372469636	-38.0	-0.10323886639676114	-142.0	-7.952286282306164	1565.0	-35.92874274603935	2363.0	-25.52424062678524	381.0	
4.691513396885457	2396.0	2453.0	-4.658184120978033	-4.540224452065163	1684.0	0.0	30838.0	941.10107421875	-0.765	215.0	0.7530364372469636	-38.0	-0.10323886639676114	-142.0	-4.144364581740327	1648.0	-37.88323361194401	2481.0	-26.817377679068652	132.0	
5.321490508232902	2400.0	2460.0	-4.755711081471711	-4.5840679912459	1631.0	0.0	31478.0	960.63232421875	-0.7525000000000001	220.0	0.771255060728745	-29.0	-0.058704453441295545	-164.0	3.5785288270377738	1540.0	-41.46939953762817	2693.0	-25.196035103248004	-373.0	
5.287840081563673	2387.0	2443.0	-4.54932517696607	-4.423650271398383	1634.0	0.0	32118.0	980.16357421875	-0.7525000000000001	220.0	0.771255060728745	-29.0	-0.058704453441295545	-164.0	6.040679002905644	1569.0	-44.68571053691385	2896.0	-25.673188239326482	-534.0	
5.093871811037122	2391.0	2472.0	-4.8985331820020015	-4.480766885288705	1650.0	0.0	32758.0	999.69482421875	-0.7525000000000001	220.0	0.771255060728745	-29.0	-0.058704453441295545	-164.0	10.506193607585258	1806.0	-49.642112955527736	3209.0	-29.359394890488225	-826.0	
5.469241572385634	2374.0	2517.0	-5.456795142388992	-4.283359149774526	1618.0	0.0	33398.0	1019.22607421875	-0.7575000000000001	218.0	0.757085020242915	-36.0	-0.08502024291497975	-151.0	11.072029362287813	1957.0	-53.102236202144475	3434.0	-31.71101315533125	-863.0	
5.763359857392202	2351.0	2545.0	-5.80687140363687	-4.010311058414477	1593.0	0.0	34038.0	1038.75732421875	-0.7575000000000001	218.0	0.757085020242915	-36.0	-0.08502024291497975	-151.0	7.355864811133202	2099.0	-54.51603070898612	3537.0	-33.904067779853406	-620.0	
5.643601130295435	2348.0	2551.0	-5.877982208551692	-3.976786283470489	1603.0	0.0	34678.0	1058.28857421875	-0.7575000000000001	218.0	0.757085020242915	-36.0	-0.08502024291497975	-151.0	5.704236121731152	2181.0	-54.88343156238386	3566.0	-35.16598944835363	-512.0	
5.823484832118444	2354.0	2540.0	-5.746754883393686	-4.044652056575605	1588.0	0.0	35318.0	1077.81982421875	-0.7575000000000001	218.0	0.757085020242915	-36.0	-0.08502024291497975	-151.0	8.105214864658205	2176.0	-55.76464450811341	3617.0	-35.098079159520296	-669.0	
6.444844914867657	2353.0	2520.0	-5.515508513234297	-4.021765335573841	1536.0	0.0	35958.0	1097.35107421875	-0.7275	230.0	0.7672064777327935	-31.0	0.05263157894736842	-219.0	14.3294081663863	2219.0	-59.0677513296	3816.0	-35.79092302503454	-1076.0	
6.6829564091955	2305.0	2519.0	-5.51388288997384	-3.4410384551533046	1516.0	0.0	36598.0	1116.88232421875	-0.7275	230.0	0.7672064777327935	-31.0	0.05263157894736842	-219.0	20.630065759290414	2239.0	-61.99292752491794	3990.0	-36.12706446015021	-1488.0	
6.800107013768558	2268.0	2534.0	-5.703584337429861	-2.997877845526574	1506.0	0.0	37238.0	1136.41357421875	-0.7275	230.0	0.7672064777327935	-31.0	0.05263157894736842	-219.0	12.417800886985779	2339.0	-64.64836543511007	4185.0	-37.68806720506462	-951.0	
6.7148158996076	2248.0	2550.0	-5.899362420192403	-2.761682462901748	1513.0	0.0	37878.0	1155.94482421875	-0.7025	240.0	0.7773279352226721	-26.0	0.10121457489878542	-243.0	3.318550237039303	2426.0	-64.60945907443102	4207.0	-39.022648219714696	-356.0	
7.277379889970616	2234.0	2524.0	-5.595344336271729	-2.5813017625245234	1466.0	0.0	38518.0	1175.47607421875	-0.7025	240.0	0.7773279352226721	-26.0	0.10121457489878542	-243.0	-0.3976143141153082	2385.0	-63.99031592957075	4176.0	-38.38733295828298	-113.0	
7.459797045464362	2218.0	2492.0	-5.210771644039948	-2.379015052787601	1451.0	0.0	39158.0	1195.00732421875	-0.7025	240.0	0.7773279352226721	-26.0	0.10121457489878542	-243.0	7.2488148034867725	2303.0	-64.2010587543985	4169.0	-37.13119272656501	-613.0	
7.531440618142275	2206.0	2490.0	-5.189271519105851	-2.233290301309128	1445.0	0.0	39798.0	1214.53857421875	-0.7025	240.0	0.7773279352226721	-26.0	0.10121457489878542	-243.0	15.858693989906715	2188.0	-62.2713379663077	4020.0	-35.347279897999734	-1176.0	
7.420014167534888	2174.0	2525.0	-5.617630865558783	-1.8574295840695616	1454.0	0.0	40438.0	1234.06982421875	-0.6775	250.0	0.7489878542510121	-40.0	0.13360323886639677	-259.0	12.218993729928124	2263.0	-64.17527255026802	4154.0	-36.517155518198706	-938.0	
7.608353252520292	2152.0	2542.0	-5.831341414637544	-1.5947601632374273	1438.0	0.0	41078.0	1253.60107421875	-0.6775	250.0	0.7489878542510121	-40.0	0.13360323886639677	-259.0	7.692307692307693	2395.0	-64.74300606122273	4204.0	-38.54830469618074	-642.0	
7.740603387589454	2138.0	2531.0	-5.701566002959306	-1.4221674548579903	1427.0	0.0	41718.0	1273.13232421875	-0.6775	250.0	0.7489878542510121	-40.0	0.13360323886639677	-259.0	8.8239792017128	2502.0	-65.61779053430071	4259.0	-40.19891229233089	-716.0	
7.886198246987741	2107.0	2508.0	-5.427794348845023	-1.0417420972781073	1415.0	0.0	42358.0	1292.66357421875	-0.6375000000000001	266.0	0.7388663967611336	-45.0	0.19838056680161945	-291.0	10.689707906407708	2574.0	-65.21994397236725	4229.0	-41.29973665009654	-838.0	
8.016032013377487	2111.0	2517.0	-5.539655805108336	-1.0908737598238136	1404.0	0.0	42998.0	1312.19482421875	-0.6375000000000001	266.0	0.7388663967611336	-45.0	0.19838056680161945	-291.0	9.77213641229546	2698.0	-65.42569160914438	4246.0	-43.20451010007181	-778.0	
8.157244410337158	2085.0	2530.0	-5.7041303948556115	-0.7794981156009696	1392.0	0.0	43638.0	1331.72607421875	-0.6375000000000001	266.0	0.7388663967611336	-45.0	0.19838056680161945	-291.0	12.861293775806699	2729.0	-65.60601207724315	4250.0	-43.68199229815467	-980.0	
8.011095703093568	2061.0	2557.0	-6.033286833500274	-0.4983861049402745	1404.0	0.0	44278.0	1351.25732421875	-0.6	281.0	0.7206477732793523	-54.0	0.2651821862348178	-324.0	17.12800122342866	2716.0	-66.00936855564755	4265.0	-43.486547575383085	-1259.0	
7.567742613663707	2028.0	2581.0	-6.320976728867386	-0.11098307229613233	1441.0	0.0	44918.0	1370.78857421875	-0.6	281.0	0.7206477732793523	-54.0	0.2651821862348178	-324.0	28.567059183361373	2521.0	-67.3273622575865	4319.0	-40.50755319906813	-2007.0	
7.428308169627959	2012.0	2553.0	-5.978706846727923	0.08723906524364888	1453.0	0.0	45558.0	1390.31982421875	-0.6	281.0	0.7206477732793523	-54.0	0.2651821862348178	-324.0	47.85135341795382	2130.0	-71.88077984643303	4561.0	-34.55339426462975	-3268.0	
7.749801991044679	1982.0	2454.0	-4.78170565743685	0.4758398103761676	1427.0	0.0	46198.0	1409.85107421875	-0.6	281.0	0.7206477732793523	-54.0	0.2651821862348178	-324.0	40.28138859152776	2040.0	-72.42237856857457	4615.0	-33.17780672261992	-2773.0	
7.312326270661959	1906.0	2527.0	-5.67213483856598	1.3693191201521675	1463.0	0.0	46838.0	1429.38232421875	-0.5525	300.0	0.7004048582995952	-64.0	0.32186234817813764	-352.0	31.411530815109348	2218.0	-73.36305041351356	4701.0	-35.918531532215546	-2193.0	
7.816290301315717	1876.0	2591.0	-6.466207963666474	1.7199230810892252	1420.0	0.0	47478.0	1448.91357421875	-0.5525	300.0	0.7004048582995952	-64.0	0.32186234817813764	-352.0	24.9885303563236	2410.0	-73.72268747599334	4743.0	-38.86826876520033	-1773.0	
8.271018408306485	1876.0	2571.0	-6.231492502684795	1.7291646713787665	1382.0	0.0	48118.0	1468.44482421875	-0.5525	300.0	0.7004048582995952	-64.0	0.32186234817813764	-352.0	18.85609420400673	2573.0	-76.17479136375643	4920.0	-41.39394064035231	-1372.0	
8.78035380630469	1917.0	2494.0	-5.297952702864476	1.2589529177406968	1340.0	0.0	48758.0	1487.97607421875	-0.495	323.0	0.680161943319838	-74.0	0.402834008097166	-392.0	22.31228016516287	2568.0	-81.25100029750882	5241.0	-41.367980311399215	-1598.0	
8.793312349906035	1883.0	2485.0	-5.192574533205988	1.6708286207867478	1339.0	0.0	49398.0	1507.50732421875	-0.495	323.0	0.680161943319838	-74.0	0.402834008097166	-392.0	14.803486771677628	2663.0	-81.78204188679855	5296.0	-42.83101667481398	-1107.0	
8.453387390346704	1820.0	2539.0	-5.851737155805963	2.413282263317468	1367.0	0.0	50038.0	1527.03857421875	-0.495	323.0	0.680161943319838	-74.0	0.402834008097166	-392.0	1.8504358464597035	2789.0	-79.2912892672746	5169.0	-44.73951408954247	-260.0	
8.711819039050711	1814.0	2567.0	-6.199048475881309	2.4812095100295073	1345.0	0.0	50678.0	1546.56982421875	-0.495	323.0	0.680161943319838	-74.0	0.402834008097166	-392.0	-6.667686190549015	2905.0	-76.1642726871472	4989.0	-46.488204028083686	297.0	
8.932273900997656	1810.0	2516.0	-5.582133709758315	2.5439451250557736	1327.0	0.0	51318.0	1566.10107421875	-0.4375	346.0	0.6558704453441295	-86.0	0.5060728744939271	-443.0	-1.819850129989295	2832.0	-76.47703206889534	4996.0	-45.371184314858056	-20.0	
8.77221140371995	1800.0	2462.0	-4.9217167708620675	2.676034766571765	1341.0	0.0	51958.0	1585.63232421875	-0.4375	346.0	0.6558704453441295	-86.0	0.5060728744939271	-443.0	4.4655146046796155	2642.0	-78.18797922880172	5089.0	-42.47284189141339	-431.0	
8.331391767960827	1745.0	2465.0	-4.956061299155405	3.333590282057946	1378.0	0.0	52598.0	1605.16357421875	-0.4375	346.0	0.6558704453441295	-86.0	0.5060728744939271	-443.0	2.1257072946933784	2468.0	-77.59814885892166	5055.0	-39.79700343120085	-278.0	
7.758783111079799	1682.0	2475.0	-5.074069844401026	4.084540169162537	1426.0	0.0	53238.0	1624.69482421875	-0.41250000000000003	356.0	0.5991902834008097	-114.0	0.5080971659919028	-444.0	-8.028750573482185	2358.0	-75.59391376682515	4950.0	-38.08906787788615	386.0	
7.604653382320795	1675.0	2470.0	-5.010852244110907	4.168600573278338	1439.0	0.0	53878.0	1644.22607421875	-0.41250000000000003	356.0	0.5991902834008097	-114.0	0.5080971659919028	-444.0	-19.559565682826122	2437.0	-73.27492105345837	4830.0	-39.27809215974435	1140.0	
7.4769813409100685	1644.0	2443.0	-4.6828182899454935	4.547378507851154	1450.0	0.0	54518.0	1663.75732421875	-0.41250000000000003	356.0	0.5991902834008097	-114.0	0.5080971659919028	-444.0	-22.923994494571037	2506.0	-73.1451514331113	4831.0	-40.3355638359515	1360.0	
7.121210218974891	1610.0	2432.0	-4.545644769177504	4.95620282126403	1480.0	0.0	55158.0	1683.28857421875	-0.3925	364.0	0.5647773279352227	-131.0	0.6194331983805668	-499.0	-21.50175867869705	2603.0	-74.26380227344892	4901.0	-41.83516525919298	1267.0	
6.668967392201331	1548.0	2431.0	-4.531832208438356	5.698944596018307	1518.0	0.0	55798.0	1702.81982421875	-0.3925	364.0	0.5647773279352227	-131.0	0.6194331983805668	-499.0	-10.597950756996484	2591.0	-78.07012780157145	5120.0	-41.68909471057672	554.0	
6.433839626464441	1543.0	2407.0	-4.235084972603497	5.762769226933056	1538.0	0.0	56438.0	1722.35107421875	-0.3925	364.0	0.5647773279352227	-131.0	0.6194331983805668	-499.0	-7.401743385838814	2735.0	-82.29789996385674	5388.0	-43.94097807896955	345.0	
6.459546630411254	1503.0	2391.0	-4.045336958874495	6.248748968090478	1536.0	0.0	57078.0	1741.88232421875	-0.3925	364.0	0.5647773279352227	-131.0	0.6194331983805668	-499.0	-2.6915430493959325	2929.0	-89.47012794768216	5844.0	-46.98953018848403	37.0	
6.4940759288668275	1436.0	2400.0	-4.16383568474588	7.0539532022202565	1533.0	0.0	57718.0	1761.41357421875	-0.3425	384.0	0.520242914979757	-153.0	0.6376518218623481	-508.0	-0.1529285823520416	3106.0	-96.12744958081454	6272.0	-49.77207701230347	-129.0	
6.419551524919738	1384.0	2425.0	-4.473418936597625	7.673522317240136	1539.0	0.0	58358.0	1780.94482421875	-0.3425	384.0	0.520242914979757	-153.0	0.6376518218623481	-508.0	1.7892644135188869	3428.0	-101.26212122585497	6604.0	-54.76434746667009	-256.0	
6.468223200223086	1355.0	2416.0	-4.368156168167548	8.025511879723217	1535.0	0.0	58998.0	1800.47607421875	-0.3425	384.0	0.520242914979757	-153.0	0.6376518218623481	-508.0	0.4434928888209207	3829.0	-104.17677055076851	6801.0	-60.946631906827314	-168.0	
6.765603944247768	1308.0	2417.0	-4.391986527604185	8.594274140215694	1510.0	0.0	59638.0	1820.00732421875	-0.295	403.0	0.4493927125506073	-188.0	0.6740890688259109	-526.0	-0.6117143294081664	4092.0	-108.41619426427228	7082.0	-65.0246253460492	-99.0	
6.8940329551081625	1259.0	2437.0	-4.644323536802861	9.18087313592346	1499.0	0.0	60278.0	1839.53857421875	-0.295	403.0	0.4493927125506073	-188.0	0.6740890688259109	-526.0	0.3058571647040832	4382.0	-111.86905883404827	7307.0	-69.50905425260319	-159.0	
7.084562669144703	1234.0	2436.0	-4.638971180767754	9.484090299461633	1483.0	0.0	60918.0	1859.06982421875	-0.295	403.0	0.4493927125506073	-188.0	0.6740890688259109	-526.0	7.27940051995718	4502.0	-116.5438251411718	7594.0	-71.3971399546494	-615.0	
7.419651542702704	1229.0	2421.0	-4.463417158301025	9.551193232501971	1455.0	0.0	61558.0	1878.60107421875	-0.295	403.0	0.4493927125506073	-188.0	0.6740890688259109	-526.0	7.860529132894939	4616.0	-118.85668362118909	7744.0	-73.16953967647581	-653.0	
7.285031068101492	1198.0	2451.0	-4.830226523184185	9.91600481636191	1466.0	0.0	62198.0	1898.13232421875	-0.23750000000000002	426.0	0.3522267206477733	-236.0	0.7348178137651822	-556.0	14.084722434623032	4470.0	-121.40437236547311	7892.0	-70.95472194983242	-1060.0	
8.155888237399985	1226.0	2435.0	-4.649271498096687	9.590983090966283	1393.0	0.0	62838.0	1917.66357421875	-0.23750000000000002	426.0	0.3522267206477733	-236.0	0.7348178137651822	-556.0	21.94525156751797	4379.0	-122.71708966781394	7956.0	-69.57150110996646	-1574.0	
8.591954384908	1245.0	2373.0	-3.899799604438214	9.38141752766393	1357.0	0.0	63478.0	1937.19482421875	-0.23750000000000002	426.0	0.3522267206477733	-236.0	0.7348178137651822	-556.0	25.600244685731766	4334.0	-121.7627679226585	7884.0	-68.87145612789931	-1813.0	
8.142736735618007	1201.0	2445.0	-4.773945485818292	9.889562915471139	1394.0	0.0	64118.0	1956.72607421875	-0.1825	448.0	0.24493927125506074	-289.0	0.8016194331983806	-589.0	18.794922771065913	4261.0	-118.84091964690174	7711.0	-67.72209033809861	-1368.0	
8.634699376318746	1190.0	2510.0	-5.577681415744479	10.01093794376155	1352.0	0.0	64758.0	1976.25732421875	-0.1825	448.0	0.24493927125506074	-289.0	0.8016194331983806	-589.0	15.338736809909774	4427.0	-112.41726743469592	7304.0	-70.20503810322528	-1142.0	
9.658727916391578	1239.0	2507.0	-5.555779789413719	9.431254815905762	1266.0	0.0	65398.0	1995.78857421875	-0.1825	448.0	0.24493927125506074	-289.0	0.8016194331983806	-589.0	20.339501452821533	4471.0	-104.47413110118387	6775.0	-70.80076402084765	-1469.0	
9.880319642467759	1268.0	2447.0	-4.825178610366874	9.098685166386014	1248.0	0.0	502.0	2015.31982421875	-0.1125	476.0	0.1417004048582996	-340.0	0.8582995951417004	-617.0	34.86771677626549	4127.0	-95.23356501048143	6133.0	-65.42985598154567	-2419.0	
10.068957931598073	1292.0	2462.0	-5.008968744954708	8.807739120079537	1232.0	0.0	1142.0	2034.85107421875	-0.1125	476.0	0.1417004048582996	-340.0	0.8582995951417004	-617.0	57.79171127083652	3490.0	-86.77364982965585	5517.0	-55.570820739511845	-3918.0	
9.689799563121925	1301.0	2448.0	-4.829567497331391	8.699101826407484	1264.0	0.0	1782.0	2054.38232421875	-0.1125	476.0	0.1417004048582996	-340.0	0.8582995951417004	-617.0	98.8836213488301	2549.0	-83.56280802062368	5192.0	-41.09955319912599	-6605.0	
9.912366507891509	1330.0	2380.0	-4.001444448944396	8.36849236646147	1246.0	0.0	2422.0	2073.91357421875	-0.1125	476.0	0.1417004048582996	-340.0	0.8582995951417004	-617.0	126.82367334454811	1563.0	-83.17046306426016	5084.0	-25.965968862651195	-8432.0	
8.928738787785894	1332.0	2345.0	-3.5546926499819613	8.343494739697496	1329.0	0.0	3062.0	2093.44482421875	-0.07	493.0	0.07894736842105263	-371.0	0.9089068825910931	-642.0	148.73833919559567	777.0	-82.89095863286074	5001.0	-13.902409663051026	-9865.0	
9.916678854455991	1368.0	2345.0	-3.570209792495937	7.9193288577548815	1246.0	0.0	3702.0	2112.97607421875	-0.07	493.0	0.07894736842105263	-371.0	0.9089068825910931	-642.0	167.47209053372077	54.0	-83.04365058533854	4955.0	-2.8098748977514987	-11090.0	
9.096636756028282	1370.0	2335.0	-3.4315624924099404	7.889804997230156	1315.0	0.0	4342.0	2132.50732421875	-0.07	493.0	0.07894736842105263	-371.0	0.9089068825910931	-642.0	220.4312586022328	-876.0	-74.61490090614058	4260.0	11.544782401096644	-14553.0	
10.124975498359435	1354.0	2296.0	-2.9786406402470416	8.101917906034075	1229.0	0.0	4982.0	2152.03857421875	-0.095	483.0	0.0	-410.0	0.8866396761133604	-631.0	273.5739409695672	-1912.0	-69.07056680258592	3751.0	27.497110811949593	-18028.0	
9.450813011438859	1359.0	2261.0	-2.537746475161718	8.043753200611153	1286.0	0.0	5622.0	2171.56982421875	-0.095	483.0	0.0	-410.0	0.8866396761133604	-631.0	339.6696742621196	-2796.0	-55.45392572275093	2685.0	41.19780077653036	-22350.0	
8.502740390608425	1336.0	2227.0	-2.1069133201099226	8.319997571238824	1366.0	0.0	6262.0	2191.10107421875	-0.095	483.0	0.0	-410.0	0.8866396761133604	-631.0	385.60942040067295	-4012.0	-36.68318107180899	1333.0	60.044400351319666	-25354.0	
7.318199078337673	1308.0	2180.0	-1.5134254995659757	8.657371312117357	1466.0	0.0	6902.0	2210.63232421875	-0.095	483.0	0.0	-410.0	0.8866396761133604	-631.0	415.12463679461695	-5026.0	-14.225289556246281	-214.0	75.82828569581395	-27284.0	
6.800447538819122	1291.0	2131.0	-0.9076270704688005	8.86912904241255	1510.0	0.0	7542.0	2230.16357421875	-0.2	441.0	-0.006072874493927126	-413.0	0.8987854251012146	-637.0	422.8781159198655	-5782.0	8.558102210255221	-1723.0	87.65654925902139	-27791.0	
5.948172076981431	1242.0	2092.0	-0.4208875399522367	9.460702524187637	1582.0	0.0	8182.0	2249.69482421875	-0.2	441.0	-0.006072874493927126	-413.0	0.8987854251012146	-637.0	418.3055513075394	-6141.0	29.265296386842884	-3061.0	93.37229083405411	-27492.0	
5.538033089879526	1228.0	2039.0	0.23188041652389874	9.638331192241322	1617.0	0.0	8822.0	2269.22607421875	-0.2	441.0	-0.006072874493927126	-413.0	0.8987854251012146	-637.0	397.7060712647194	-5787.0	46.354776437265855	-4115.0	88.11123841958211	-26145.0	
5.340675139195718	1215.0	1998.0	0.7341805862384594	9.80303012215287	1634.0	0.0	9462.0	2288.75732421875	-0.3175	394.0	0.10931174089068826	-356.0	0.854251012145749	-615.0	362.96069735433554	-5258.0	56.731048189349124	-4694.0	80.09776928195488	-23873.0	
4.880638227405684	1224.0	1964.0	1.1590608358063865	9.69849362308657	1673.0	0.0	10102.0	2308.28857421875	-0.3175	394.0	0.10931174089068826	-356.0	0.854251012145749	-615.0	323.30631595045116	-4431.0	63.30425565220359	-5010.0	67.47361337131413	-21280.0	
4.525772208289776	1233.0	1946.0	1.386744638501426	9.591064904009551	1703.0	0.0	10742.0	2327.81982421875	-0.3175	394.0	0.10931174089068826	-356.0	0.854251012145749	-615.0	278.1617984401285	-3533.0	64.90925983998237	-4988.0	53.710317088195744	-18328.0	
4.181482085513271	1254.0	1939.0	1.4815418846604662	9.336505899512197	1732.0	0.0	11382.0	2347.35107421875	-0.34500000000000003	383.0	0.2732793522267207	-275.0	0.8036437246963563	-590.0	233.04786664627622	-2638.0	63.913240305435814	-4797.0	39.96704401882849	-15378.0	
4.0154800951559535	1272.0	1934.0	1.548009515595354	9.119307762347804	1746.0	0.0	12022.0	2366.88232421875	-0.34500000000000003	383.0	0.2732793522267207	-275.0	0.8036437246963563	-590.0	190.0137635724117	-1641.0	58.666132407595335	-4334.0	24.61612273269955	-12564.0	
3.943610782849764	1299.0	1938.0	1.5039354278335755	8.792406382650228	1752.0	0.0	12662.0	2386.41357421875	-0.34500000000000003	383.0	0.2732793522267207	-275.0	0.8036437246963563	-590.0	149.07478207677016	-616.0	51.01703671922642	-3720.0	8.811536026237839	-9887.0	
3.703773386427057	1331.0	1953.0	1.3297195950866756	8.400981523356364	1772.0	0.0	13302.0	2405.94482421875	-0.34500000000000003	383.0	0.2732793522267207	-275.0	0.8036437246963563	-590.0	112.31075087933937	456.0	42.269947543625115	-3045.0	-7.725221347028074	-7483.0	
3.558537008020768	1356.0	1973.0	1.091796040172006	8.093565869196901	1784.0	0.0	13942.0	2425.47607421875	-0.315	395.0	0.3522267206477733	-236.0	0.7651821862348178	-571.0	77.93240556660041	1378.0	33.404426050380714	-2370.0	-21.96149049475168	-5235.0	
3.4016276122449995	1369.0	1991.0	0.8770469387856659	7.931075287187319	1797.0	0.0	14582.0	2445.00732421875	-0.315	395.0	0.3522267206477733	-236.0	0.7651821862348178	-571.0	46.04679614619973	2272.0	25.74226948473264	-1780.0	-35.756080450771826	-3150.0	
3.6507349050574907	1378.0	1998.0	0.787776220034746	7.823347210800668	1776.0	0.0	15222.0	2464.53857421875	-0.315	395.0	0.3522267206477733	-236.0	0.7651821862348178	-571.0	15.231686802263345	3051.0	19.065541141162456	-1258.0	-47.77620050388683	-1135.0	
3.877355501169441	1368.0	1994.0	0.8307882121822359	7.94695558431558	1757.0	0.0	15862.0	2484.06982421875	-0.2625	416.0	0.36639676113360325	-229.0	0.7692307692307693	-573.0	-5.780700412907173	3579.0	13.142547049163179	-813.0	-55.93731781629677	239.0	
4.019699944912998	1371.0	1998.0	0.7795183008235167	7.911209052212588	1745.0	0.0	16502.0	2503.60107421875	-0.2625	416.0	0.36639676113360325	-229.0	0.7692307692307693	-573.0	-24.957944639853192	4007.0	9.207207587959958	-503.0	-62.54411021658626	1493.0	
4.268667270343739	1365.0	2006.0	0.6762508438977227	7.983922532954884	1724.0	0.0	17142.0	2523.13232421875	-0.2625	416.0	0.36639676113360325	-229.0	0.7692307692307693	-573.0	-41.24483866034562	4223.0	6.431099045258411	-278.0	-65.88627977216827	2558.0	
4.469904417747063	1360.0	2015.0	0.5618703461349386	8.043888258329085	1707.0	0.0	17782.0	2542.66357421875	-0.2625	416.0	0.36639676113360325	-229.0	0.7692307692307693	-573.0	-55.650711117907946	4190.0	5.17190856571203	-159.0	-65.3925037162456	3500.0	
4.707341101862752	1359.0	2020.0	0.49601494817999586	8.056993709982226	1687.0	0.0	18422.0	2562.19482421875	-0.225	431.0	0.3441295546558705	-240.0	0.7854251012145749	-581.0	-65.82046184431871	4007.0	4.550834119607551	-94.0	-62.59067395126979	4165.0	
4.838759598629278	1363.0	2016.0	0.5426265295944273	8.011047355493844	1676.0	0.0	19062.0	2581.72607421875	-0.225	431.0	0.3441295546558705	-240.0	0.7854251012145749	-581.0	-71.35647652546261	3647.0	4.763160079742405	-97.0	-57.06453657474347	4527.0	
4.969933086386114	1366.0	2014.0	0.5647372100399972	7.97665672566707	1665.0	0.0	19702.0	2601.25732421875	-0.225	431.0	0.3441295546558705	-240.0	0.7854251012145749	-581.0	-71.93760513840037	3134.0	5.815104748331535	-169.0	-49.18229701143951	4565.0	
5.030061674121371	1372.0	2009.0	0.6252150311846523	7.90617841134081	1660.0	0.0	20342.0	2620.78857421875	-0.195	443.0	0.34615384615384615	-239.0	0.8157894736842105	-596.0	-67.19681908548708	2430.0	7.563112442169086	-302.0	-38.362300439181205	4255.0	
5.054605054172991	1378.0	2003.0	0.6986006553943549	7.835602400999015	1658.0	0.0	20982.0	2640.31982421875	-0.195	443.0	0.34615384615384615	-239.0	0.8157894736842105	-596.0	-56.04832543202325	1625.0	9.454620273365421	-462.0	-25.991076016078683	3526.0	
5.0073685071739655	1384.0	2000.0	0.7368507173965584	7.7636058801425625	1662.0	0.0	21622.0	2659.85107421875	-0.195	443.0	0.34615384615384615	-239.0	0.8157894736842105	-596.0	-38.46153846153847	722.0	11.31967740512249	-638.0	-12.116356701474324	2376.0	
5.009312922879078	1379.0	1984.0	0.9312922879077414	7.82775511956526	1662.0	0.0	22262.0	2679.38232421875	-0.2	441.0	0.3623481781376518	-231.0	0.8238866396761134	-600.0	-16.929194066371007	-224.0	12.75885846848472	-797.0	2.4139166497454583	968.0	
4.736760575381381	1365.0	1974.0	1.057009919090452	7.996218647509116	1685.0	0.0	22902.0	2698.91357421875	-0.2	441.0	0.3623481781376518	-231.0	0.8238866396761134	-600.0	6.117143294081664	-1107.0	13.53192349415245	-916.0	15.970826370126428	-539.0	
4.557622739614482	1371.0	1979.0	1.0003691995434434	7.921005298134001	1700.0	0.0	23542.0	2718.44482421875	-0.2	441.0	0.3623481781376518	-231.0	0.8238866396761134	-600.0	21.807615843401134	-1718.0	13.333566094851214	-950.0	25.34432231124773	-1565.0	
4.381036422563395	1370.0	1963.0	1.1988803515775648	7.935257850775257	1715.0	0.0	24182.0	2737.97607421875	-0.2	441.0	0.3623481781376518	-231.0	0.8238866396761134	-600.0	33.307845236274666	-2196.0	12.015847365999187	-899.0	32.66580831254292	-2317.0	
4.325048901266079	1361.0	1934.0	1.5525091742270791	8.050204286955035	1720.0	0.0	24822.0	2757.50732421875	-0.215	435.0	0.38461538461538464	-220.0	0.8117408906882592	-594.0	42.75883162563083	-2594.0	9.45424267983362	-761.0	38.747296761614976	-2935.0	
