Device	Device	Device	Device	Device	Device	Device	Device	Device	Device	Device	Device	Device	Device	Device	Device	Device	Device	Device	Device	Device	
Low Noise Accelerometer X	Low Noise Accelerometer X	Low Noise Accelerometer Z	Low Noise Accelerometer Z	Low Noise Accelerometer Y	Low Noise Accelerometer Y	Event_Marker	Timestamp	Timestamp	Magnetometer Z	Magnetometer Z	Magnetometer X	Magnetometer X	Magnetometer Y	Magnetometer Y	Gyroscope Y	Gyroscope Y	Gyroscope Z	Gyroscope Z	Gyroscope X	Gyroscope X	
CAL	UNCAL	UNCAL	CAL	UNCAL	CAL	CAL	CAL	UNCAL	CAL	UNCAL	CAL	UNCAL	CAL	UNCAL	UNCAL	CAL	CAL	UNCAL	UNCAL	CAL	
m/(s^2)	no units	no units	m/(s^2)	no units	m/(s^2)	no units	ms	no units	local_flux	no units	local_flux	no units	local_flux	no units	no units	deg/s	deg/s	no units	no units	deg/s	
7.810842162775074	2562.0	1959.0	1.3223115156027085	1427.0	-6.389421251674653	0.0	524.261474609375	17179.0	-0.1125	476.0	1.131578947368421	149.0	-0.17611336032388664	-106.0	-148.0	-10.536779324055667	-10.187081073619053	679.0	550.0	1.0182764963069275	
7.847394158797744	2555.0	1952.0	1.4060825464410458	1424.0	-6.3030429617000685	0.0	543.792724609375	17819.0	-0.1125	476.0	1.131578947368421	149.0	-0.17611336032388664	-106.0	-134.0	-7.875821991130143	-7.968873378390631	528.0	376.0	0.825635802045463	
7.524570953583862	2558.0	1964.0	1.2666191679100494	1451.0	-6.34520503963608	0.0	563.323974609375	18459.0	-0.13	469.0	1.1295546558704455	148.0	-0.145748987854251	-121.0	-96.0	-8.212264872304635	-6.396134895838337	427.0	398.0	0.25827280786223966	
7.784839567692366	2559.0	1977.0	1.1030043882842508	1429.0	-6.3579228418585965	0.0	582.855224609375	19099.0	-0.13	469.0	1.1295546558704455	148.0	-0.145748987854251	-121.0	-187.0	-9.527450680532192	-6.788154710430703	455.0	484.0	1.6507006226056824	
7.713174316960366	2553.0	1979.0	1.0793364579413285	1435.0	-6.286823696346268	0.0	602.386474609375	19739.0	-0.13	469.0	1.1295546558704455	148.0	-0.145748987854251	-121.0	-183.0	-10.812050772289341	-7.059157053760285	476.0	568.0	1.586612664539887	
7.80839086834185	2551.0	1979.0	1.0771820722802712	1427.0	-6.261818233003506	0.0	621.917724609375	20379.0	-0.1375	466.0	1.145748987854251	156.0	-0.1194331983805668	-134.0	-212.0	-14.130601009328645	-7.10006559141846	487.0	785.0	2.0311936052489274	
7.652568958905453	2556.0	1988.0	0.9711816048310113	1440.0	-6.325737425302277	0.0	641.448974609375	21019.0	-0.1375	466.0	1.145748987854251	156.0	-0.1194331983805668	-134.0	-228.0	-18.167915583422545	-7.048709003692285	494.0	1049.0	2.2772189096561877	
7.951072115023314	2530.0	1980.0	1.05959245471234	1415.0	-6.007731164695279	0.0	660.980224609375	21659.0	-0.1375	466.0	1.145748987854251	156.0	-0.1194331983805668	-134.0	-359.0	-24.560330325737883	-6.751614401512886	490.0	1467.0	4.290317214892345	
8.152676173773003	2526.0	1986.0	0.9819030915859364	1398.0	-5.959076140285973	0.0	680.511474609375	22299.0	-0.1375	466.0	1.145748987854251	156.0	-0.1194331983805668	-134.0	-449.0	-26.471937605138404	-6.027595845438945	447.0	1592.0	5.678560929684324	
8.427760770605099	2517.0	1975.0	1.1094103938431767	1375.0	-5.845341413332748	0.0	700.042724609375	22939.0	-0.1625	456.0	1.1518218623481782	159.0	-0.11336032388663968	-137.0	-521.0	-24.468573176326657	-4.411510433155142	336.0	1461.0	6.799524607192156	
8.164549639707655	2502.0	1986.0	0.9787734945749917	1397.0	-5.6698633710608215	0.0	719.573974609375	23579.0	-0.1625	456.0	1.1518218623481782	159.0	-0.11336032388663968	-137.0	-515.0	-19.284294234592448	-2.187787970254974	178.0	1122.0	6.729694929872409	
8.058407141349141	2505.0	1978.0	1.0788093730091997	1406.0	-5.705068656788975	0.0	739.105224609375	24219.0	-0.1625	456.0	1.1518218623481782	159.0	-0.11336032388663968	-137.0	-593.0	-19.91130142223582	-0.9903629583751689	101.0	1163.0	7.9385389053249495	
7.905611112275534	2492.0	1962.0	1.2753969418390843	1419.0	-5.546038359679017	0.0	758.636474609375	24859.0	-0.195	443.0	1.1518218623481782	159.0	-0.1194331983805668	-134.0	-669.0	-23.535708823979203	-0.5955897161684507	84.0	1400.0	9.108667395764511	
7.8346941362723195	2500.0	1958.0	1.3265564843748068	1425.0	-5.642109880757009	0.0	778.167724609375	25499.0	-0.195	443.0	1.1518218623481782	159.0	-0.1194331983805668	-134.0	-508.0	-25.890808992200643	-1.5072006049418605	151.0	1554.0	6.6290894179186655	
7.81952689857476	2522.0	1985.0	1.0003089050950953	1426.0	-5.913846745683434	0.0	797.698974609375	26139.0	-0.195	443.0	1.1518218623481782	159.0	-0.1194331983805668	-134.0	-267.0	-26.364887597491975	-2.5125318950354165	220.0	1585.0	2.921015543409628	
7.8409998378190755	2509.0	2004.0	0.7666504485741771	1424.0	-5.7616786793973125	0.0	817.230224609375	26779.0	-0.195	443.0	1.1518218623481782	159.0	-0.1194331983805668	-134.0	-161.0	-26.655451903960852	-2.0693677666226433	193.0	1604.0	1.2989319169325155	
7.767268269045288	2508.0	2023.0	0.5363507140525529	1430.0	-5.754973797004399	0.0	836.761474609375	27419.0	-0.23750000000000002	426.0	1.125506072874494	146.0	-0.12955465587044535	-129.0	-9.0	-24.453280318091455	-2.364835201425393	208.0	1460.0	-1.0363842734504978	
7.612775241948935	2503.0	2021.0	0.5632384806077634	1443.0	-5.695740008088837	0.0	856.292724609375	28059.0	-0.23750000000000002	426.0	1.125506072874494	146.0	-0.12955465587044535	-129.0	-18.0	-23.47453739103839	-2.2515547612328968	198.0	1396.0	-0.8971511161254486	
7.897818997419027	2500.0	2026.0	0.49618545618846827	1419.0	-5.65808605270927	0.0	875.823974609375	28699.0	-0.23750000000000002	426.0	1.125506072874494	146.0	-0.12955465587044535	-129.0	-21.0	-17.72442269460162	-1.5437732797762522	137.0	1020.0	-0.8440398503365075	
7.766272576634136	2491.0	2031.0	0.43678147293739966	1430.0	-5.5521558616423805	0.0	895.355224609375	29339.0	-0.2575	418.0	1.1497975708502024	158.0	-0.13562753036437247	-126.0	-23.0	-6.270071876433706	-0.5871829638073285	45.0	271.0	-0.8037849798605684	
7.612530232939246	2502.0	2023.0	0.5387375796389019	1443.0	-5.684184283427227	0.0	914.886474609375	29979.0	-0.2575	418.0	1.1497975708502024	158.0	-0.13562753036437247	-126.0	25.0	3.4714788193913444	-0.6772079081790414	26.0	-366.0	-1.541220444894281	
7.493023740870198	2506.0	2027.0	0.4928502774958837	1453.0	-5.7344898654751155	0.0	934.417724609375	30619.0	-0.2575	418.0	1.1497975708502024	158.0	-0.13562753036437247	-126.0	17.0	5.536014681143906	-0.2995871968693161	-4.0	-501.0	-1.4146883685161846	
7.731685470034329	2510.0	2022.0	0.5494993843852478	1433.0	-5.779163037130023	0.0	953.948974609375	31259.0	-0.2575	418.0	1.1336032388663968	150.0	-0.15384615384615385	-117.0	-9.0	7.187643370545956	-0.27735064054342146	-10.0	-609.0	-1.015509427841678	
7.696222164687369	2510.0	2020.0	0.5745974211178142	1436.0	-5.779015709448841	0.0	973.480224609375	31899.0	-0.2575	418.0	1.1336032388663968	150.0	-0.15384615384615385	-117.0	43.0	11.653157975225572	-0.17112223614265598	-28.0	-901.0	-1.8123602940201653	
7.580226753655134	2494.0	1995.0	0.8798182226563688	1446.0	-5.5813001631910435	0.0	993.011474609375	32539.0	-0.2575	418.0	1.1336032388663968	150.0	-0.15384615384615385	-117.0	62.0	12.846000917571496	-0.8311444551110307	12.0	-979.0	-2.1105057057142225	
7.804062865404968	2500.0	2014.0	0.6443817785921042	1427.0	-5.656059687581338	0.0	1012.542724609375	33179.0	-0.2575	418.0	1.1336032388663968	150.0	-0.15384615384615385	-117.0	173.0	12.356629454044961	-1.7789063721441125	76.0	-947.0	-3.8232210109364178	
7.980775902138084	2505.0	2029.0	0.4585425947607964	1412.0	-5.718250304746054	0.0	1032.073974609375	33819.0	-0.2425	424.0	1.125506072874494	146.0	-0.145748987854251	-121.0	237.0	15.415201101085794	-2.0606053363207844	87.0	-1147.0	-4.808084954698179	
7.9453125967911244	2505.0	2027.0	0.4836406314933628	1415.0	-5.718102977064873	0.0	1051.605224609375	34459.0	-0.2425	424.0	1.125506072874494	146.0	-0.145748987854251	-121.0	256.0	15.736351124025083	-1.7475399652998884	66.0	-1168.0	-5.096499490492343	
7.827023923752489	2508.0	2021.0	0.5595352323917093	1425.0	-5.7539125500905435	0.0	1071.136474609375	35099.0	-0.2425	424.0	1.125506072874494	146.0	-0.145748987854251	-121.0	333.0	15.965743997553144	-2.0525149080257217	86.0	-1183.0	-6.281074481595218	
7.88581038144798	2513.0	2027.0	0.4858000495598334	1420.0	-5.815040353025649	0.0	1090.667724609375	35739.0	-0.215	435.0	1.1336032388663968	150.0	-0.11133603238866396	-138.0	302.0	12.448386603456187	-2.1011595243516723	98.0	-953.0	-5.805881934356606	
8.195165755659726	2526.0	2028.0	0.4689565183534401	1394.0	-5.9689101759317555	0.0	1110.198974609375	36379.0	-0.215	435.0	1.1336032388663968	150.0	-0.11133603238866396	-138.0	278.0	10.567365040526076	-2.24493844440743	112.0	-830.0	-5.439052115762166	
7.931493510815022	2533.0	2043.0	0.2922082243593007	1416.0	-6.059419213657676	0.0	1129.730224609375	37019.0	-0.215	435.0	1.1336032388663968	150.0	-0.11133603238866396	-138.0	272.0	10.613243615231688	-1.2018056455295167	44.0	-833.0	-5.336553885824637	
7.767054572780393	2533.0	2025.0	0.5149810875631072	1430.0	-6.056608145773946	0.0	1149.261474609375	37659.0	-0.215	435.0	1.1336032388663968	150.0	-0.11133603238866396	-138.0	152.0	4.832543202324515	0.1337796006618489	-29.0	-455.0	-3.4818599943877353	
8.184003230027374	2533.0	2022.0	0.5431801455944951	1395.0	-6.051874678040848	0.0	1168.792724609375	38299.0	-0.20750000000000002	438.0	1.1356275303643726	151.0	-0.12145748987854252	-133.0	11.0	-2.584493041749503	1.9930110404559305	-132.0	30.0	-1.2996954841941828	
8.135540433643566	2533.0	2029.0	0.4588052691185682	1399.0	-6.054046803534205	0.0	1188.323974609375	38939.0	-0.20750000000000002	438.0	1.1356275303643726	151.0	-0.12145748987854252	-133.0	-26.0	-1.055207218229087	2.741346505908771	-185.0	-70.0	-0.7244662341890328	
8.146591895966287	2535.0	2036.0	0.3734753109144075	1398.0	-6.079739273617229	0.0	1207.855224609375	39579.0	-0.20750000000000002	438.0	1.1356275303643726	151.0	-0.12145748987854252	-133.0	-75.0	2.9209359229239946	3.3130727571148197	-233.0	-330.0	0.0331307275711482	
7.767410645099712	2525.0	2022.0	0.5505883194950744	1430.0	-5.959506898243438	0.0	1227.386474609375	40219.0	-0.215	435.0	1.1417004048582997	154.0	-0.12753036437246965	-130.0	-150.0	9.099250649946477	2.8545084262211855	-220.0	-734.0	1.1793813586215796	
7.733289469792519	2526.0	2009.0	0.7098993602041715	1433.0	-5.968710081953413	0.0	1246.917724609375	40859.0	-0.215	435.0	1.1417004048582997	154.0	-0.12753036437246965	-130.0	-183.0	7.615843401131673	2.062836515094427	-165.0	-637.0	1.6778326002284343	
7.780892928137908	2521.0	2009.0	0.7083404328383481	1429.0	-5.908024262061854	0.0	1266.448974609375	41499.0	-0.215	435.0	1.1417004048582997	154.0	-0.12753036437246965	-130.0	-210.0	6.055971861140848	2.3671739145230144	-181.0	-535.0	2.0951770329920922	
7.589485811017875	2526.0	2017.0	0.6152477684541359	1445.0	-5.9720411503761595	0.0	1285.980224609375	42139.0	-0.1975	442.0	1.1497975708502024	158.0	-0.11740890688259109	-135.0	-177.0	6.208900443492889	2.6429733508186497	-199.0	-545.0	1.5915670666369268	
7.411920662264372	2522.0	2009.0	0.7158757502466354	1460.0	-5.9236114711435075	0.0	1305.511474609375	42779.0	-0.1975	442.0	1.1497975708502024	158.0	-0.11740890688259109	-135.0	-207.0	4.052607432329102	2.4169993458725187	-179.0	-404.0	2.049641836331213	
7.5426029276654925	2522.0	2011.0	0.6888641951206591	1449.0	-5.922844879592016	0.0	1325.042724609375	43419.0	-0.1975	442.0	1.1497975708502024	158.0	-0.11740890688259109	-135.0	-224.0	-0.3976143141153082	1.7925851529187882	-127.0	-113.0	2.304253916589799	
7.649478044380397	2520.0	2013.0	0.6620901523253879	1440.0	-5.898215223738604	0.0	1344.573974609375	44059.0	-0.1975	442.0	1.1497975708502024	158.0	-0.11740890688259109	-135.0	-194.0	-1.9727787123413367	1.1680563270124444	-82.0	-10.0	1.837674118586988	
7.850978265838483	2531.0	2020.0	0.5740170600388204	1423.0	-6.030491803851682	0.0	1364.105224609375	44699.0	-0.2025	440.0	1.145748987854251	156.0	-0.1194331983805668	-134.0	-196.0	-1.8504358464597035	0.5476278101642231	-42.0	-18.0	1.8621588007347556	
7.803856395158103	2531.0	2016.0	0.6237347539056006	1427.0	-6.029968668681151	0.0	1383.636474609375	45339.0	-0.2025	440.0	1.145748987854251	156.0	-0.1194331983805668	-134.0	-226.0	0.9940357852882705	1.4597650613524737	-109.0	-204.0	2.331614682990385	
7.661875249751898	2526.0	2009.0	0.711334498999229	1439.0	-5.969395521377918	0.0	1403.167724609375	45979.0	-0.2025	440.0	1.145748987854251	156.0	-0.1194331983805668	-134.0	-266.0	3.1656216546872615	2.4126614676381486	-177.0	-346.0	2.954922993378238	
7.423947343280493	2524.0	2008.0	0.7280676613826255	1459.0	-5.947343751652795	0.0	1422.698974609375	46619.0	-0.2025	440.0	1.153846153846154	160.0	-0.1396761133603239	-124.0	-245.0	3.5326502523321612	2.431965232693627	-179.0	-370.0	2.63288187420817	
7.494147357299715	2528.0	2018.0	0.6052119204476742	1453.0	-5.99729163741564	0.0	1442.230224609375	47259.0	-0.2025	440.0	1.153846153846154	160.0	-0.1396761133603239	-124.0	-203.0	-0.6117143294081664	1.6198017868178753	-115.0	-99.0	1.9802919261081666	
7.731588858760757	2531.0	2023.0	0.5398382570280262	1433.0	-6.032369273982675	0.0	1461.761474609375	47899.0	-0.2025	440.0	1.153846153846154	160.0	-0.1396761133603239	-124.0	-241.0	-1.6975072641076618	1.119073962230683	-80.0	-28.0	2.558375026871041	
7.566659902706751	2529.0	2009.0	0.71360931829411	1447.0	-6.006446756775725	0.0	1481.292724609375	48539.0	-0.2025	440.0	1.153846153846154	160.0	-0.1396761133603239	-124.0	-272.0	1.7128001223428662	0.6241626436204042	-57.0	-251.0	3.0291049070868103	
7.484441638025775	2530.0	2000.0	0.825116183529837	1454.0	-6.0170869948889045	0.0	1500.823974609375	49179.0	-0.1975	442.0	1.145748987854251	156.0	-0.16396761133603238	-112.0	-273.0	3.6549931182137945	0.8231820569338196	-75.0	-378.0	3.0464395848780694	
7.318650935260674	2521.0	1993.0	0.9127125736865231	1468.0	-5.9085592391736625	0.0	1520.355224609375	49819.0	-0.1975	442.0	1.145748987854251	156.0	-0.16396761133603238	-112.0	-256.0	2.355100168221441	0.44712097448960464	-47.0	-293.0	2.781822751865504	
7.626061893767308	2539.0	2010.0	0.7014274719689467	1442.0	-6.126578301502466	0.0	1539.886474609375	50459.0	-0.1975	442.0	1.145748987854251	156.0	-0.16396761133603238	-112.0	-223.0	-0.030585716470408322	-0.49828629395420876	21.0	-137.0	2.2660007184629443	
7.672942368447015	2541.0	2016.0	0.6275701780347761	1438.0	-6.15168302817652	0.0	1559.417724609375	51099.0	-0.20500000000000002	439.0	1.131578947368421	149.0	-0.1680161943319838	-110.0	-230.0	1.988071570576541	-0.5339563856286271	18.0	-269.0	2.373055403153074	
7.5920626207967885	2540.0	1996.0	0.8729287463455628	1445.0	-6.135536461515723	0.0	1578.948974609375	51739.0	-0.20500000000000002	439.0	1.131578947368421	149.0	-0.1680161943319838	-110.0	-282.0	3.4714788193913444	-0.478219389704741	10.0	-366.0	3.171525923334808	
7.497573870426341	2539.0	1990.0	0.9478632331102621	1453.0	-6.122934466513049	0.0	1598.480224609375	52379.0	-0.20500000000000002	439.0	1.131578947368421	149.0	-0.1680161943319838	-110.0	-338.0	1.819850129989295	0.6866582789605853	-62.0	-258.0	4.042465784876456	
7.557082107451176	2536.0	1990.0	0.9463059832129099	1448.0	-6.086225950827495	0.0	1618.011474609375	53019.0	-0.19	445.0	1.1295546558704455	148.0	-0.20040485829959515	-94.0	-368.0	-1.4069429576387829	1.2571548253724514	-91.0	-47.0	4.508505260084322	
7.698447719492316	2536.0	2002.0	0.7971529016125689	1436.0	-6.08779535633909	0.0	1637.542724609375	53659.0	-0.19	445.0	1.1295546558704455	148.0	-0.20040485829959515	-94.0	-393.0	-1.91160727940052	1.242742220819271	-89.0	-14.0	4.891973225491912	
7.652302271841676	2537.0	1990.0	0.9445128984533236	1440.0	-6.097357803649866	0.0	1657.073974609375	54299.0	-0.19	445.0	1.1295546558704455	148.0	-0.20040485829959515	-94.0	-401.0	1.437528674109191	0.4769535985721922	-48.0	-233.0	5.00707120853444	
7.392521267079872	2536.0	1973.0	1.1568886127491975	1462.0	-6.083659906640482	0.0	1676.605224609375	54939.0	-0.19	445.0	1.1295546558704455	148.0	-0.20040485829959515	-94.0	-386.0	2.186878727634195	0.5877104332595247	-57.0	-282.0	4.77801152200944	
7.535592307498126	2535.0	1971.0	1.1782783688602965	1450.0	-6.069753208342993	0.0	1696.136474609375	55579.0	-0.1925	444.0	1.131578947368421	149.0	-0.13562753036437247	-126.0	-396.0	-1.2081358005811287	0.7373438515652816	-58.0	-60.0	4.932952692773748	
7.654979305903177	2533.0	1968.0	1.2122163046034435	1440.0	-6.043784194101912	0.0	1715.667724609375	56219.0	-0.1925	444.0	1.131578947368421	149.0	-0.13562753036437247	-126.0	-356.0	-3.37972166998012	0.8303357806115865	-58.0	82.0	4.320103265739215	
7.654497718238168	2538.0	1972.0	1.1640575381024862	1440.0	-6.104993149164002	0.0	1735.198974609375	56859.0	-0.1925	444.0	1.131578947368421	149.0	-0.13562753036437247	-126.0	-332.0	-1.7739715552836828	0.8466980602976452	-63.0	-23.0	3.9519992807410773	
7.535598329179817	2540.0	1971.0	1.1788805370294149	1450.0	-6.129982068618215	0.0	1754.730224609375	57499.0	-0.19	445.0	1.1295546558704455	148.0	-0.13360323886639677	-127.0	-267.0	-0.3211500229392874	0.8908481916772343	-69.0	-118.0	2.9550493442767545	
7.680006682292484	2536.0	1958.0	1.3340015625817503	1438.0	-6.077242793491704	0.0	1774.261474609375	58139.0	-0.19	445.0	1.1295546558704455	148.0	-0.13360323886639677	-127.0	-295.0	-1.5598715399908245	1.1206646019114408	-81.0	-37.0	3.386993050806594	
7.619645128910921	2539.0	1965.0	1.2502271768064708	1443.0	-6.115666475054279	0.0	1793.792724609375	58779.0	-0.19	445.0	1.1295546558704455	148.0	-0.13360323886639677	-127.0	-223.0	-0.13763572411683744	1.5054876839761595	-109.0	-130.0	2.2860384582422477	
7.453374042817151	2536.0	1962.0	1.2897852340960234	1457.0	-6.080393446456172	0.0	1813.323974609375	59419.0	-0.19	445.0	1.1295546558704455	148.0	-0.13360323886639677	-127.0	-181.0	1.146964367640312	1.6758828083168695	-123.0	-214.0	1.6432740958444088	
7.6073806649031415	2542.0	1968.0	1.2142569665045615	1444.0	-6.152653102213648	0.0	1832.855224609375	60059.0	-0.19	445.0	1.1437246963562753	155.0	-0.13562753036437247	-126.0	-141.0	2.0492430035173577	0.8461354890680407	-71.0	-273.0	1.0211972763269244	
7.60798054189581	2534.0	1963.0	1.2742446657715663	1444.0	-6.055061807289706	0.0	1852.386474609375	60699.0	-0.19	445.0	1.1437246963562753	155.0	-0.13562753036437247	-126.0	-148.0	1.7128001223428662	1.1046092252419255	-87.0	-251.0	1.1311933992955372	
7.537055135538228	2535.0	1959.0	1.3245611728705227	1450.0	-6.066812923982387	0.0	1871.917724609375	61339.0	-0.19	445.0	1.1437246963562753	155.0	-0.13562753036437247	-126.0	-73.0	3.63970025997859	1.3312816440491617	-106.0	-377.0	-0.017376150875758195	
7.251273944366394	2533.0	1960.0	1.3178706271155864	1474.0	-6.0457081612670365	0.0	1891.448974609375	61979.0	-0.2025	440.0	1.1214574898785425	144.0	-0.23076923076923078	-79.0	-8.0	6.193607585257685	1.4698191449374944	-121.0	-544.0	-1.0133822136449937	
7.3215922477132755	2534.0	1969.0	1.206843818946683	1468.0	-6.05927370716803	0.0	1910.980224609375	62619.0	-0.2025	440.0	1.1214574898785425	144.0	-0.23076923076923078	-79.0	20.0	6.499464749961769	0.5544201694687227	-62.0	-564.0	-1.4521817458271786	
7.416692918439777	2537.0	1970.0	1.193101367787225	1460.0	-6.094742127797207	0.0	1930.511474609375	63259.0	-0.2025	440.0	1.1214574898785425	144.0	-0.23076923076923078	-79.0	88.0	6.407707600550544	-0.7234564143310276	22.0	-558.0	-2.5083854004176698	
7.321723784740658	2542.0	1968.0	1.2199975216847914	1468.0	-6.155394859911668	0.0	1950.042724609375	63899.0	-0.18	449.0	1.1417004048582997	154.0	-0.13562753036437247	-126.0	134.0	7.309986236427589	-1.3369532052261868	60.0	-617.0	-3.220366616600367	
7.429085306465924	2539.0	1966.0	1.2418639799257718	1459.0	-6.117739337216342	0.0	1969.573974609375	64539.0	-0.18	449.0	1.1417004048582997	154.0	-0.13562753036437247	-126.0	80.0	4.710200336442882	-1.1335923842907707	53.0	-447.0	-2.389730890852268	
7.58308108952487	2536.0	1972.0	1.1652518096298965	1446.0	-6.081587044478418	0.0	1989.105224609375	65179.0	-0.18	449.0	1.1417004048582997	154.0	-0.13562753036437247	-126.0	53.0	3.1962073711576697	-0.47733359563922995	14.0	-348.0	-1.9688672441963802	
7.487379337469362	2540.0	1976.0	1.1188861278885258	1454.0	-6.131664146718138	0.0	2008.636474609375	283.0	-0.18	449.0	1.1417004048582997	154.0	-0.13562753036437247	-126.0	76.0	5.6736504052607435	-0.5113696866137388	10.0	-510.0	-2.322130729242998	
7.46356857577413	2535.0	1976.0	1.11876233931776	1456.0	-6.071663766251084	0.0	2028.167724609375	923.0	-0.185	447.0	1.1477732793522268	157.0	-0.15587044534412955	-116.0	77.0	7.080593362899527	-1.1980974915784777	51.0	-602.0	-2.344342490950771	
7.55963844351234	2533.0	1969.0	1.2019395893293345	1448.0	-6.044943137031302	0.0	2047.698974609375	1563.0	-0.185	447.0	1.1477732793522268	157.0	-0.15587044534412955	-116.0	81.0	6.667686190549015	-1.873101124790224	96.0	-575.0	-2.4124704619153876	
7.6076160392221235	2535.0	1966.0	1.2377943984028335	1444.0	-6.067842650434903	0.0	2067.230224609375	2203.0	-0.185	447.0	1.1477732793522268	157.0	-0.15587044534412955	-116.0	78.0	6.4382933170209515	-1.7413409293000985	88.0	-560.0	-2.3651194089861116	
7.654859812239178	2535.0	1969.0	1.200266938203572	1440.0	-6.068120761908718	0.0	2086.761474609375	2843.0	-0.1775	450.0	1.139676113360324	153.0	-0.1659919028340081	-111.0	142.0	6.973543355253097	-1.660645037568636	82.0	-595.0	-3.346359404188791	
7.593640125155536	2534.0	1983.0	1.0306791822203656	1445.0	-6.060076521128133	0.0	2106.292724609375	3483.0	-0.1775	450.0	1.139676113360324	153.0	-0.1659919028340081	-111.0	183.0	7.64642911760208	-1.7581707216182938	87.0	-639.0	-3.9764584910124086	
7.594253249847927	2537.0	1978.0	1.091991651459431	1445.0	-6.094988718809681	0.0	2125.823974609375	4123.0	-0.1775	450.0	1.139676113360324	153.0	-0.1659919028340081	-111.0	191.0	7.325279094662793	-1.7594792800370174	88.0	-618.0	-4.099227445861596	
7.618188322552511	2544.0	1977.0	1.1045465409653632	1443.0	-6.1788356196901075	0.0	2145.355224609375	4763.0	-0.1775	450.0	1.139676113360324	153.0	-0.1659919028340081	-111.0	141.0	5.0466432176173734	-1.3684002169948282	68.0	-469.0	-3.328092472324928	
7.688984600555388	2537.0	1982.0	1.0413171983959457	1437.0	-6.095054894363876	0.0	2164.886474609375	5403.0	-0.1575	458.0	1.1336032388663968	150.0	-0.18218623481781376	-103.0	131.0	3.440893102920936	-1.474898748652274	79.0	-364.0	-3.1757126210602533	
7.641014230863635	2541.0	1985.0	1.0061849911253888	1441.0	-6.144430013290542	0.0	2184.417724609375	6043.0	-0.1575	458.0	1.1336032388663968	150.0	-0.18218623481781376	-103.0	92.0	4.144364581740327	-1.370592147128788	70.0	-410.0	-2.5762346923781467	
7.463207686109457	2539.0	1979.0	1.082673372850498	1456.0	-6.120581925561413	0.0	2203.948974609375	6683.0	-0.1575	458.0	1.1336032388663968	150.0	-0.18218623481781376	-103.0	51.0	3.7467502676250195	-1.0072234253860812	47.0	-384.0	-1.943477175177599	
7.57007678114267	2532.0	1981.0	1.0552971618861084	1447.0	-6.035723409432778	0.0	2223.480224609375	7323.0	-0.1575	458.0	1.1275303643724697	147.0	-0.19230769230769232	-98.0	-10.0	0.10705000764642914	-0.6864406416793211	35.0	-146.0	-1.004255844194912	
7.676968758566311	2544.0	1983.0	1.0302091899643688	1438.0	-6.179734562349989	0.0	2243.011474609375	7963.0	-0.1575	458.0	1.1275303643724697	147.0	-0.19230769230769232	-98.0	-20.0	-2.355100168221441	-0.6202601988242782	37.0	15.0	-0.8501492031851126	
7.5827117695058295	2533.0	1975.0	1.128319807725869	1446.0	-6.046184799403436	0.0	2262.542724609375	8603.0	-0.1575	458.0	1.1275303643724697	147.0	-0.19230769230769232	-98.0	-19.0	-2.27863587704542	-1.069205648748567	66.0	10.0	-0.8699831413424804	
7.440012457779293	2539.0	1974.0	1.1441029207864448	1458.0	-6.119585286885996	0.0	2282.073974609375	9243.0	-0.1575	458.0	1.1376518218623481	152.0	-0.13562753036437247	-126.0	-32.0	-1.8657287046949076	-0.9031463378317919	54.0	-17.0	-0.6688442606776889	
7.404183445422307	2539.0	1975.0	1.1326302565164548	1461.0	-6.120173030294965	0.0	2301.605224609375	9883.0	-0.1575	458.0	1.1376518218623481	152.0	-0.13562753036437247	-126.0	-53.0	-2.293928735280624	-0.5970085631430863	35.0	11.0	-0.3435487261101788	
7.440256262452643	2539.0	1972.0	1.1684833881214824	1458.0	-6.1190952394925615	0.0	2321.136474609375	10523.0	-0.1575	458.0	1.1376518218623481	152.0	-0.13562753036437247	-126.0	-33.0	-5.398378957027069	-0.900434283743578	63.0	214.0	-0.6534726564786819	
7.368226509046955	2534.0	1977.0	1.1083651904098275	1464.0	-6.06077693712543	0.0	2340.667724609375	11163.0	-0.1575	458.0	1.1376518218623481	152.0	-0.13562753036437247	-126.0	-52.0	-7.034714788193914	-1.72998378275969	121.0	321.0	-0.37022296196446974	
7.2498207510169985	2541.0	1972.0	1.1725512921759498	1474.0	-6.145014622067998	0.0	2360.198974609375	11803.0	-0.1675	454.0	1.125506072874494	146.0	-0.15182186234817813	-118.0	-65.0	-7.371157669368405	-1.672379864125769	118.0	343.0	-0.17016863522250675	
6.928695748162201	2537.0	1970.0	1.2029081495534513	1501.0	-6.099425963864658	0.0	2379.730224609375	12443.0	-0.1675	454.0	1.125506072874494	146.0	-0.15182186234817813	-118.0	-37.0	-7.554671968190855	-2.3374952761380206	162.0	355.0	-0.6064653317701267	
6.880718152452418	2535.0	1973.0	1.1670533404799524	1505.0	-6.076526450461057	0.0	2399.261474609375	13083.0	-0.1675	454.0	1.125506072874494	146.0	-0.15182186234817813	-118.0	-62.0	-12.157822296987309	-3.2800153004877064	235.0	656.0	-0.23227844056050084	
6.771290312685365	2543.0	1992.0	0.9385550780602702	1514.0	-6.178576236275797	0.0	2418.792724609375	13723.0	-0.1825	448.0	1.1477732793522268	157.0	-0.12550607287449392	-131.0	-50.0	-15.29285823520416	-4.4909070887177	322.0	861.0	-0.42852116234029963	
6.224621361030943	2532.0	1985.0	1.0335646745229488	1560.0	-6.049612613381159	0.0	2438.323974609375	14363.0	-0.1825	448.0	1.1477732793522268	157.0	-0.12550607287449392	-131.0	12.0	-16.08808686343478	-6.356796636479244	446.0	913.0	-1.398538044621659	
6.176646173993838	2532.0	1988.0	0.9979507327170973	1564.0	-6.0508046440876475	0.0	2457.855224609375	15003.0	-0.1825	448.0	1.1477732793522268	157.0	-0.12550607287449392	-131.0	-64.0	-23.398073099862366	-11.997660728836056	831.0	1391.0	-0.28876592752773456	
5.85272584774988	2535.0	2009.0	0.7487752511784312	1591.0	-6.095171935294113	0.0	2477.386474609375	15643.0	-0.1825	448.0	1.1477732793522268	157.0	-0.12550607287449392	-131.0	-71.0	-23.841565988683286	-15.395514594175458	1053.0	1420.0	-0.2153330805742542	
5.471229656822815	2526.0	2014.0	0.6943942537100638	1623.0	-5.991640782212992	0.0	2496.917724609375	16283.0	-0.215	435.0	1.1477732793522268	157.0	-0.12753036437246965	-130.0	-187.0	-20.415965743997557	-18.226566405778083	1227.0	1196.0	1.5363165056522086	
4.9967159739197715	2523.0	2001.0	0.8620735824533875	1663.0	-5.956887754153903	0.0	2516.448974609375	16923.0	-0.215	435.0	1.1477732793522268	157.0	-0.12753036437246965	-130.0	-266.0	-19.024315644593976	-22.69323106642715	1513.0	1105.0	2.703864068037585	
4.760365571807116	2515.0	1987.0	1.0365571807115868	1683.0	-5.859376044041191	0.0	2535.980224609375	17563.0	-0.215	435.0	1.1477732793522268	157.0	-0.12753036437246965	-130.0	-263.0	-20.890044349288885	-28.724291284968174	1910.0	1227.0	2.5975200148778006	
4.748060160363835	2484.0	1990.0	0.9964922268596722	1684.0	-5.486806421329048	0.0	2555.511474609375	18203.0	-0.23500000000000001	427.0	1.1497975708502024	158.0	-0.09109311740890688	-148.0	-291.0	-22.23581587398685	-34.08877203877416	2262.0	1315.0	2.9735207497672382	
5.0809102314171675	2442.0	1993.0	0.9481659988595864	1656.0	-4.978420348792974	0.0	2575.042724609375	18843.0	-0.23500000000000001	427.0	1.1497975708502024	158.0	-0.09109311740890688	-148.0	-199.0	-18.320844165774584	-39.44530070121371	2601.0	1059.0	1.5082629665953513	
4.948397022293242	2440.0	2006.0	0.7920831817051328	1667.0	-4.958770751685134	0.0	2594.573974609375	19483.0	-0.23500000000000001	427.0	1.1497975708502024	158.0	-0.09109311740890688	-148.0	-1.0	-10.6591221899373	-45.596791427520095	2983.0	558.0	-1.591459704976444	
4.804215613145191	2430.0	2017.0	0.6596565526143038	1679.0	-4.842379170647587	0.0	2614.105224609375	20123.0	-0.255	419.0	1.145748987854251	156.0	-0.06275303643724696	-162.0	167.0	-5.2301575164398235	-52.432619217363325	3415.0	203.0	-4.2376912374398605	
4.8362487923565105	2416.0	2047.0	0.29154590231767835	1676.0	-4.680746353066226	0.0	2633.636474609375	20763.0	-0.255	419.0	1.145748987854251	156.0	-0.06275303643724696	-162.0	248.0	2.4468573176326656	-59.54089620722478	3858.0	-299.0	-5.551677183646592	
4.526257411061947	2381.0	2051.0	0.24478872524235656	1702.0	-4.263094663432726	0.0	2653.167724609375	21403.0	-0.255	419.0	1.145748987854251	156.0	-0.06275303643724696	-162.0	174.0	9.787429270530662	-65.29061513656936	4212.0	-779.0	-4.473682582238795	
4.694300428397949	2337.0	2039.0	0.3824237921758733	1688.0	-3.7285410499929843	0.0	2672.698974609375	22043.0	-0.255	419.0	1.145748987854251	156.0	-0.06275303643724696	-162.0	90.0	13.457715246979662	-72.95608685050479	4700.0	-1019.0	-3.2614006720956574	
5.098717934573372	2321.0	2041.0	0.34798393352766444	1654.0	-3.5324145877668456	0.0	2692.230224609375	22683.0	-0.245	423.0	1.1497975708502024	158.0	-0.008097165991902834	-189.0	154.0	20.599480042820005	-80.86074195414116	5196.0	-1486.0	-4.322494177252015	
5.22851075352762	2291.0	2050.0	0.23202773371434582	1643.0	-3.1719900004410393	0.0	2711.761474609375	23323.0	-0.245	423.0	1.1497975708502024	158.0	-0.008097165991902834	-189.0	38.0	29.10230922159352	-87.5862332115116	5610.0	-2042.0	-2.60978898548323	
5.742278757577936	2304.0	2034.0	0.4183519482697765	1600.0	-3.3197523421335235	0.0	2731.292724609375	23963.0	-0.245	423.0	1.1497975708502024	158.0	-0.008097165991902834	-189.0	-65.0	44.89983177855942	-93.8632143256787	5976.0	-3075.0	-1.092076979838036	
5.555239650860461	2292.0	2006.0	0.7620603241412397	1616.0	-3.1701702524302573	0.0	2750.823974609375	24603.0	-0.1975	442.0	1.125506072874494	146.0	0.07692307692307693	-231.0	28.0	48.26426059030433	-99.33599644204067	6324.0	-3295.0	-2.573841781207272	
5.995312480593649	2233.0	2008.0	0.7217242498410839	1579.0	-2.4557328721249525	0.0	2770.355224609375	25243.0	-0.1975	442.0	1.125506072874494	146.0	0.07692307692307693	-231.0	-87.0	44.42575317326809	-102.7838215092147	6557.0	-3044.0	-0.8437044111946481	
7.152427875750148	2153.0	1986.0	0.9570732893005082	1482.0	-1.4755993156974523	0.0	2789.886474609375	25883.0	-0.1975	442.0	1.125506072874494	146.0	0.07692307692307693	-231.0	-479.0	37.52867410919101	-105.15206971041556	6725.0	-2593.0	5.147650700778306	
8.132051586669775	2130.0	1956.0	1.3003967622156765	1400.0	-1.1818281753950128	0.0	2809.417724609375	26523.0	-0.1975	442.0	1.125506072874494	146.0	0.07692307692307693	-231.0	-569.0	43.76816026915431	-108.06091511574922	6897.0	-3001.0	6.499565775956212	
7.551974808683137	2105.0	1930.0	1.6260522968852102	1449.0	-0.8799110132043799	0.0	2828.948974609375	27163.0	-0.14250000000000002	464.0	1.091093117408907	129.0	0.20040485829959515	-292.0	-529.0	51.76632512616609	-108.40543396245137	6899.0	-3524.0	5.882341241164194	
7.267390962823967	2085.0	1921.0	1.739096282396636	1473.0	-0.6395321165310566	0.0	2848.480224609375	27803.0	-0.14250000000000002	464.0	1.091093117408907	129.0	0.20040485829959515	-292.0	-522.0	40.877810062700725	-111.61409136601083	7136.0	-2812.0	5.742843281521725	
7.669078444139005	2029.0	1945.0	1.4316539377100657	1439.0	0.033034706569085345	0.0	2868.011474609375	28443.0	-0.14250000000000002	464.0	1.091093117408907	129.0	0.20040485829959515	-292.0	-769.0	26.303716164551158	-114.99116424305339	7391.0	-1859.0	9.49916001630815	
8.098009221957593	1994.0	1941.0	1.4675888624259674	1403.0	0.45972945982954105	0.0	2887.542724609375	29083.0	-0.09	485.0	1.0384615384615385	103.0	0.3117408906882591	-347.0	-944.0	24.820308915736355	-119.04995312396775	7657.0	-1762.0	12.143856767670867	
7.39862640046708	1937.0	1917.0	1.767401951469868	1462.0	1.1454788813473211	0.0	2907.073974609375	29723.0	-0.09	485.0	1.0384615384615385	103.0	0.3117408906882591	-347.0	-1048.0	26.71662333690167	-122.29480050046249	7862.0	-1886.0	13.707234594350908	
7.007208649695017	1852.0	1905.0	1.9113411599778973	1495.0	2.1685398735519295	0.0	2926.605224609375	30363.0	-0.09	485.0	1.0384615384615385	103.0	0.3117408906882591	-347.0	-1212.0	14.237651016975073	-125.8813616103375	8126.0	-1070.0	16.187864303184643	
8.033006712337402	1852.0	1887.0	2.1101950432640795	1409.0	2.1827749318440772	0.0	2946.136474609375	31003.0	-0.0725	492.0	0.9777327935222672	73.0	0.4939271255060729	-437.0	-1297.0	8.48753632053831	-133.92386323455761	8663.0	-694.0	17.41172039788306	
7.374374322939027	1768.0	1919.0	1.723146579616981	1464.0	3.180495831448236	0.0	2965.667724609375	31643.0	-0.0725	492.0	0.9777327935222672	73.0	0.4939271255060729	-437.0	-1353.0	11.347300810521487	-134.6928242820618	8705.0	-881.0	18.26332187226301	
7.114741980279853	1688.0	1900.0	1.9503885041758218	1486.0	4.146299768199568	0.0	2985.198974609375	32283.0	-0.0725	492.0	0.9777327935222672	73.0	0.4939271255060729	-437.0	-1484.0	10.750879339348526	-135.61191172115034	8765.0	-842.0	20.264258357086486	
7.354328346011181	1650.0	1887.0	2.099501267784742	1466.0	4.609509212430264	0.0	3004.730224609375	32923.0	-0.0725	492.0	0.9777327935222672	73.0	0.4939271255060729	-437.0	-1374.0	9.252179232298518	-144.02524483593533	9317.0	-744.0	18.4922318235449	
7.628384733350993	1597.0	1884.0	2.12418762081359	1443.0	5.251297720231709	0.0	3024.261474609375	33563.0	-0.0575	498.0	0.9068825910931174	38.0	0.6437246963562753	-511.0	-1432.0	7.447621960544426	-150.12963370949907	9718.0	-626.0	19.321167986980505	
7.68428192942294	1531.0	1913.0	1.7615262756272996	1438.0	6.03978418818027	0.0	3043.792724609375	34203.0	-0.0575	498.0	0.9068825910931174	38.0	0.6437246963562753	-511.0	-1584.0	10.552072182290871	-153.1686942178184	9906.0	-829.0	21.6231388979323	
8.546353198669335	1515.0	1871.0	2.254367485981222	1366.0	6.251032809417161	0.0	3063.323974609375	34843.0	-0.0575	498.0	0.9068825910931174	38.0	0.6437246963562753	-511.0	-1643.0	15.308151093439365	-157.65918900899908	10185.0	-1140.0	22.483558485849862	
8.965940351214993	1479.0	1846.0	2.546416073880372	1331.0	6.694804592459637	0.0	3082.855224609375	35483.0	-0.06	497.0	0.7651821862348178	-32.0	0.7651821862348178	-571.0	-1518.0	19.681908548707757	-159.44529847347815	10291.0	-1426.0	20.547636933939458	
8.478689311360043	1390.0	1839.0	2.6308358979089226	1372.0	7.763909635168164	0.0	3102.386474609375	36123.0	-0.06	497.0	0.7651821862348178	-32.0	0.7651821862348178	-571.0	-1549.0	21.6852729775195	-156.97698335720162	10125.0	-1557.0	21.047999078504095	
8.501228058889641	1351.0	1849.0	2.5037582699162577	1370.0	8.231472988155897	0.0	3121.917724609375	36763.0	-0.06	497.0	0.7651821862348178	-32.0	0.7651821862348178	-571.0	-1601.0	17.739715552836827	-155.85817039327134	10062.0	-1299.0	21.85710035836589	
8.62101087271317	1374.0	1843.0	2.5772777475075532	1360.0	7.957032772111018	0.0	3141.448974609375	37403.0	-0.06	497.0	0.7651821862348178	-32.0	0.7651821862348178	-571.0	-1505.0	16.990365499311824	-159.75093212515083	10318.0	-1250.0	20.34510230986711	
8.122704757526483	1280.0	1829.0	2.746666228838793	1402.0	9.087967601067703	0.0	3160.980224609375	38043.0	-0.08	489.0	0.5991902834008097	-114.0	0.8157894736842105	-596.0	-1511.0	8.579293469949535	-159.81534194301847	10344.0	-700.0	20.43652511363718	
8.443382158500253	1216.0	1834.0	2.6715491833587253	1375.0	9.860756371517237	0.0	3180.511474609375	38683.0	-0.08	489.0	0.5991902834008097	-114.0	0.8157894736842105	-596.0	-1469.0	-0.5811286129377581	-159.2118069967894	10329.0	-101.0	19.798092149458228	
8.835523157304513	1193.0	1839.0	2.59993477807037	1342.0	10.140353927134452	0.0	3200.042724609375	39323.0	-0.08	489.0	0.5991902834008097	-114.0	0.8157894736842105	-596.0	-1358.0	-1.0857929346994954	-159.22073390102233	10332.0	-68.0	18.09476519436403	
8.170907152894717	1165.0	1823.0	2.805001003757478	1398.0	10.475158489194458	0.0	3219.573974609375	39963.0	-0.0925	484.0	0.45546558704453444	-185.0	0.9453441295546559	-660.0	-1172.0	2.079828719987766	-158.56515339030224	10283.0	-275.0	15.24724703906	
8.303107910174013	1110.0	1812.0	2.9298386364489444	1387.0	11.141627851830718	0.0	3239.105224609375	40603.0	-0.0925	484.0	0.45546558704453444	-185.0	0.9453441295546559	-660.0	-1068.0	-6.897079064077077	-157.12888726949697	10214.0	312.0	13.665783399823063	
8.2648023123207	1078.0	1833.0	2.6707074225462195	1390.0	11.521604340248828	0.0	3258.636474609375	41243.0	-0.0925	484.0	0.45546558704453444	-185.0	0.9453441295546559	-660.0	-845.0	-12.67777947698425	-155.61763002048025	10133.0	690.0	10.259076116551375	
8.813303412034264	1092.0	1825.0	2.7589126319977946	1344.0	11.360178756639815	0.0	3278.167724609375	41883.0	-0.105	479.0	0.26720647773279355	-278.0	0.9838056680161943	-679.0	-629.0	-12.647193760513842	-154.10916431806817	10037.0	688.0	6.959752303420515	
8.14634356349186	1041.0	1828.0	2.7295944444241003	1400.0	11.96738062572822	0.0	3297.698974609375	42523.0	-0.105	479.0	0.26720647773279355	-278.0	0.9838056680161943	-679.0	-569.0	-6.744150481725035	-148.3221987416308	9646.0	302.0	6.096952939697395	
8.12412114518242	1039.0	1815.0	2.88830499443255	1402.0	11.994428998087464	0.0	3317.230224609375	43163.0	-0.105	479.0	0.26720647773279355	-278.0	0.9838056680161943	-679.0	-405.0	-6.239486159963298	-142.91859136347955	9295.0	269.0	3.634493693546423	
8.600474202162635	1051.0	1813.0	2.904563073406422	1362.0	11.85493937698373	0.0	3336.761474609375	43803.0	-0.105	479.0	0.26720647773279355	-278.0	0.9838056680161943	-679.0	-180.0	-5.91833613702401	-138.4980311511385	9009.0	248.0	0.22619047259173009	
8.790551232606285	1055.0	1816.0	2.8646470701523405	1346.0	11.807849056138748	0.0	3356.292724609375	44443.0	-0.105	479.0	0.08906882591093118	-366.0	0.9919028340080972	-683.0	27.0	4.74078605291329	-133.04792339212054	8629.0	-449.0	-2.8956165670499456	
8.037048465088525	1058.0	1846.0	2.5143703183763497	1409.0	11.757163915114797	0.0	3375.823974609375	45083.0	-0.105	479.0	0.08906882591093118	-366.0	0.9919028340080972	-683.0	244.0	11.821379415812817	-122.96198694016674	7957.0	-912.0	-6.124510156343511	
8.732621439910023	1154.0	1804.0	3.024048752906992	1351.0	10.61768670752953	0.0	3395.355224609375	45723.0	-0.105	479.0	0.08906882591093118	-366.0	0.9919028340080972	-683.0	453.0	12.953050925217925	-115.80777127095368	7491.0	-986.0	-9.259965084199488	
10.519716090720127	1181.0	1790.0	3.1620852624890583	1201.0	10.313017179409993	0.0	3414.886474609375	46363.0	-0.0975	482.0	-0.06882591093117409	-444.0	0.9838056680161943	-679.0	727.0	13.763572411683745	-110.01500194144211	7115.0	-1039.0	-13.406425913230596	
11.871238225050613	1194.0	1834.0	2.6000129812518455	1087.0	10.158664449104458	0.0	3434.417724609375	47003.0	-0.0975	482.0	-0.06882591093117409	-444.0	0.9838056680161943	-679.0	709.0	40.449610032115004	-94.95073280009044	6066.0	-2784.0	-12.979582515970831	
11.383030971517158	1222.0	1836.0	2.5888114374300972	1128.0	9.816208948102327	0.0	3453.948974609375	47643.0	-0.0975	482.0	-0.06882591093117409	-444.0	0.9838056680161943	-679.0	820.0	83.04022021715859	-74.2428412435375	4610.0	-5569.0	-14.475741286457165	
10.30428451563997	1206.0	1800.0	3.0474991830446347	1219.0	10.007366322793196	0.0	3473.480224609375	48283.0	-0.0975	482.0	-0.06882591093117409	-444.0	0.9838056680161943	-679.0	680.0	115.46107967579141	-52.936000473559574	3139.0	-7689.0	-12.1144451666199	
8.936119067872104	1204.0	1795.0	3.1357163110198494	1334.0	10.01954539641719	0.0	3493.011474609375	48923.0	-0.095	483.0	-0.16396761133603238	-491.0	1.0182186234817814	-696.0	572.0	132.95610949686497	-36.0413881968999	1994.0	-8833.0	-10.288294808775813	
8.603355973401637	1217.0	1791.0	3.1927401973065677	1362.0	9.860731737174122	0.0	3512.542724609375	49563.0	-0.095	483.0	-0.16396761133603238	-491.0	1.0182186234817814	-696.0	474.0	136.87108120507725	-23.72387031655438	1182.0	-9089.0	-8.661360231476117	
