Device	Device	Device	Device	Device	Device	Device	Device	Device	Device	Device	Device	Device	Device	Device	Device	Device	Device	Device	Device	Device	
Low Noise Accelerometer X	Low Noise Accelerometer X	Low Noise Accelerometer Z	Low Noise Accelerometer Z	Low Noise Accelerometer Y	Low Noise Accelerometer Y	Event_Marker	Timestamp	Timestamp	Magnetometer Z	Magnetometer Z	Magnetometer X	Magnetometer X	Magnetometer Y	Magnetometer Y	Gyroscope Y	Gyroscope Y	Gyroscope Z	Gyroscope Z	Gyroscope X	Gyroscope X	
CAL	UNCAL	CAL	UNCAL	CAL	UNCAL	CAL	CAL	UNCAL	CAL	UNCAL	CAL	UNCAL	CAL	UNCAL	UNCAL	CAL	UNCAL	CAL	CAL	UNCAL	
m/(s^2)	no units	m/(s^2)	no units	m/(s^2)	no units	no units	ms	no units	local_flux	no units	local_flux	no units	local_flux	no units	no units	deg/s	no units	deg/s	deg/s	no units	
9.717646517478912	2183.0	0.33608031931976434	2033.0	-1.8238127718123096	1266.0	0.0	1215.972900390625	39845.0	0.395	679.0	0.728744939271255	-50.0	-0.7388663967611336	172.0	-107.0	-0.9022786358770455	5.0	-0.19953286932039044	0.48902814836679304	-80.0	
9.67040756180721	2187.0	0.37408951405432056	2030.0	-1.8717177485586727	1270.0	0.0	1235.504150390625	40485.0	0.395	679.0	0.728744939271255	-50.0	-0.7388663967611336	172.0	-127.0	-1.6516286894020493	-27.0	0.3195522918860466	0.8011086731413556	-31.0	
9.634702860459575	2189.0	0.3750479507194967	2030.0	-1.8961520123810143	1273.0	0.0	1255.035400390625	41125.0	0.3975	680.0	0.7165991902834008	-56.0	-0.728744939271255	167.0	-170.0	-0.6728857623489831	-24.0	0.22766688871688634	1.460002616409035	-95.0	
9.599846658123315	2187.0	0.4608562885220099	2023.0	-1.8706880221061577	1276.0	0.0	1274.566650390625	41765.0	0.3975	680.0	0.7165991902834008	-56.0	-0.728744939271255	167.0	-200.0	0.7952286282306164	36.0	-0.758497348667214	1.910475483778941	-191.0	
9.600574459134352	2184.0	0.533636389625652	2017.0	-1.8330805637607217	1276.0	0.0	1294.097900390625	42405.0	0.3975	680.0	0.7165991902834008	-56.0	-0.728744939271255	167.0	-215.0	-0.42820003058571654	54.0	-0.9887193325910523	2.1383405188115767	-111.0	
9.648182734825093	2183.0	0.5325591967951233	2017.0	-1.8205778320893404	1272.0	0.0	1313.629150390625	43045.0	0.4	681.0	0.7307692307692307	-49.0	-0.6943319838056681	150.0	-161.0	-2.003364428811745	52.0	-0.8866724424060682	1.3107588701746813	-8.0	
9.754937153539663	2182.0	0.49371535396615684	2020.0	-1.80823897198769	1263.0	0.0	1333.160400390625	43685.0	0.4	681.0	0.7307692307692307	-49.0	-0.6943319838056681	150.0	-97.0	-0.7340571952897997	34.0	-0.6507673727865428	0.33107096675088254	-91.0	
9.659597495485162	2183.0	0.48355907232587164	2021.0	-1.8214436869721247	1271.0	0.0	1352.691650390625	44325.0	0.4	681.0	0.7307692307692307	-49.0	-0.6943319838056681	150.0	-69.0	-0.10705000764642914	32.0	-0.640787705065201	-0.09847477899940144	-132.0	
9.659720602158178	2184.0	0.49586973962721415	2020.0	-1.8332444353304522	1271.0	0.0	1372.222900390625	44965.0	0.4	681.0	0.7307692307692307	-49.0	-0.6943319838056681	150.0	-97.0	-1.1010857929346995	33.0	-0.620706986034635	0.3313715706184016	-67.0	
9.62340398045449	2184.0	0.43563614068714873	2025.0	-1.8348122735262904	1274.0	0.0	1391.754150390625	45605.0	0.39	677.0	0.7327935222672065	-48.0	-0.6983805668016194	152.0	-96.0	-1.529285823520416	56.0	-0.9571836166616625	0.3126623206540064	-39.0	
9.695182703168799	2183.0	0.4706512692608241	2022.0	-1.8213459909565892	1268.0	0.0	1411.285400390625	46245.0	0.39	677.0	0.7327935222672065	-48.0	-0.6983805668016194	152.0	-71.0	-1.0857929346994954	49.0	-0.8634208453835872	-0.0700121430863355	-68.0	
9.671865572501959	2183.0	0.5198905835292518	2018.0	-1.820594375977889	1270.0	0.0	1430.816650390625	46885.0	0.39	677.0	0.7327935222672065	-48.0	-0.6983805668016194	152.0	-102.0	-0.3211500229392874	15.0	-0.37581565022477365	0.4105429022671247	-118.0	
9.671624176501286	2185.0	0.4957509834618616	2020.0	-1.8451759674814125	1270.0	0.0	1450.347900390625	47525.0	0.4025	682.0	0.7368421052631579	-46.0	-0.7105263157894737	158.0	-107.0	0.21410001529285827	12.0	-0.3518485259950278	0.4875049918000467	-153.0	
9.588428284454231	2184.0	0.5094951120897904	2019.0	-1.8336848510582402	1277.0	0.0	1469.879150390625	48165.0	0.4025	682.0	0.7368421052631579	-46.0	-0.7105263157894737	158.0	-76.0	0.42820003058571654	42.0	-0.8170766804008914	0.007173716854115992	-167.0	
9.600214773806018	2189.0	0.49766785679221376	2020.0	-1.8940444951260955	1276.0	0.0	1489.410400390625	48805.0	0.4025	682.0	0.7368421052631579	-46.0	-0.7105263157894737	158.0	-53.0	0.0	52.0	-0.9502286215898448	-0.3470809266946464	-139.0	
9.600703587489058	2190.0	0.5465492250961128	2016.0	-1.9051101723942716	1276.0	0.0	1508.941650390625	49445.0	0.4025	682.0	0.7368421052631579	-46.0	-0.7105263157894737	158.0	-49.0	0.6575929041137789	49.0	-0.929773857230146	-0.40825431368354903	-182.0	
9.647573223141718	2183.0	0.4716080284575291	2022.0	-1.821802950572926	1272.0	0.0	1528.472900390625	50085.0	0.3975	680.0	0.7327935222672065	-48.0	-0.7004048582995952	153.0	-49.0	0.2752714482336749	99.0	-1.6835180688131313	-0.4157917557993789	-157.0	
9.671256060818584	2183.0	0.45893941519165765	2023.0	-1.821819494461475	1270.0	0.0	1548.004150390625	50725.0	0.3975	680.0	0.7327935222672065	-48.0	-0.7004048582995952	153.0	-47.0	-0.8411072029362289	99.0	-1.6385605288471692	-0.4460311477159691	-84.0	
9.671137771490924	2186.0	0.4471104824256099	2024.0	-1.8582018343233255	1270.0	0.0	1567.535400390625	51365.0	0.3975	680.0	0.7327935222672065	-48.0	-0.7004048582995952	153.0	-60.0	-0.42820003058571654	63.0	-1.10336415840146	-0.2412008964558882	-111.0	
9.659234197147814	2185.0	0.4472292385909625	2024.0	-1.8462703021723652	1271.0	0.0	1587.066650390625	52005.0	0.395	679.0	0.742914979757085	-43.0	-0.6983805668016194	152.0	-54.0	0.7034714788193914	46.0	-0.886233831749464	-0.3310964951381177	-185.0	
9.623529495800181	2187.0	0.44818767525613856	2024.0	-1.8707045659947066	1274.0	0.0	1606.597900390625	52645.0	0.395	679.0	0.742914979757085	-43.0	-0.6983805668016194	152.0	-34.0	0.9940357852882705	77.0	-1.3715886872194427	-0.6428397168553156	-204.0	
9.624015900810544	2186.0	0.49682817629239023	2020.0	-1.8576786991527936	1274.0	0.0	1626.129150390625	53285.0	0.395	679.0	0.742914979757085	-43.0	-0.6983805668016194	152.0	-19.0	0.10705000764642914	107.0	-1.7952326857088101	-0.8772434117120829	-146.0	
9.683402235498702	2183.0	0.4830806927275192	2021.0	-1.8212152071639565	1269.0	0.0	1645.660400390625	53925.0	0.3975	680.0	0.7368421052631579	-46.0	-0.6943319838056681	150.0	-44.0	-0.9022786358770455	101.0	-1.6664150493373178	-0.49234314389524525	-80.0	
9.79052717856865	2186.0	0.48128928543640404	2021.0	-1.8563243641923324	1260.0	0.0	1665.191650390625	54565.0	0.3975	680.0	0.7368421052631579	-46.0	-0.6943319838056681	150.0	-2.0	-0.3058571647040832	83.0	-1.4069726893576566	-1.1342170339366946	-119.0	
9.660578735860256	2188.0	0.5816831098351407	2013.0	-1.8797123576736101	1271.0	0.0	1684.722900390625	55205.0	0.3975	680.0	0.7368421052631579	-46.0	-0.6943319838056681	150.0	-27.0	0.5505428964673498	42.0	-0.8144518605256631	-0.7446797341952521	-175.0	
9.63750300119409	2186.0	0.6550620241709588	2007.0	-1.8543791511913867	1273.0	0.0	1704.254150390625	55845.0	0.3975	680.0	0.7368421052631579	-46.0	-0.6943319838056681	150.0	-71.0	-0.382321455880104	-2.0	-0.1071406394328232	-0.06244934102682785	-114.0	
9.649400553855509	2182.0	0.6543410998364879	2007.0	-1.8060818230671247	1272.0	0.0	1723.785400390625	56485.0	0.3925	678.0	0.7246963562753036	-52.0	-0.6963562753036437	151.0	-37.0	1.1928429423459246	28.0	-0.6263456369619577	-0.5893538353783659	-217.0	
9.55551770215942	2178.0	0.7898654540373103	1996.0	-1.7561173934157317	1280.0	0.0	1743.316650390625	57125.0	0.3925	678.0	0.7246963562753036	-52.0	-0.6963562753036437	151.0	4.0	1.988071570576541	94.0	-1.6669879059603903	-1.2288840880514715	-269.0	
9.603252697532191	2181.0	0.8014602294095953	1995.0	-1.7915527262678115	1276.0	0.0	1762.847900390625	57765.0	0.3925	678.0	0.7246963562753036	-52.0	-0.6963562753036437	151.0	49.0	0.6575929041137789	73.0	-1.2838748263831552	-1.9155547218713198	-182.0	
9.627663336220094	2178.0	0.8615717172473658	1990.0	-1.753961811810924	1274.0	0.0	1782.379150390625	58405.0	0.39	677.0	0.7125506072874495	-58.0	-0.708502024291498	157.0	75.0	2.09512157822297	53.0	-1.0297668406992397	-2.311970217125728	-276.0	
9.544468648509378	2178.0	0.8754362795091184	1989.0	-1.7545164674427962	1281.0	0.0	1801.910400390625	59045.0	0.39	677.0	0.7125506072874495	-58.0	-0.708502024291498	157.0	138.0	3.9455574246826735	73.0	-1.4017250317296452	-3.2823922694979015	-397.0	
9.569375326898347	2182.0	0.9851517374537302	1980.0	-1.8002658625843515	1279.0	0.0	1821.441650390625	59685.0	0.39	677.0	0.7125506072874495	-58.0	-0.708502024291498	157.0	148.0	4.312586022327573	115.0	-2.060860266907163	-3.4424284584309257	-421.0	
9.618205034628517	2183.0	1.1062177485660372	1970.0	-1.809404438055888	1275.0	0.0	1840.972900390625	60325.0	0.39	677.0	0.7125506072874495	-58.0	-0.708502024291498	157.0	117.0	5.566600397614315	104.0	-1.946584321714514	-2.965606705577127	-503.0	
9.631812833012402	2182.0	1.276521396478301	1956.0	-1.7938140943427194	1274.0	0.0	1860.504150390625	60965.0	0.395	679.0	0.7408906882591093	-44.0	-0.7165991902834008	161.0	110.0	8.166386297599022	84.0	-1.7440251497914245	-2.8561697282510217	-673.0	
9.657069562039	2173.0	1.4212419181857614	1944.0	-1.6822333816785455	1272.0	0.0	1880.035400390625	61605.0	0.395	679.0	0.7408906882591093	-44.0	-0.7165991902834008	161.0	138.0	10.827343630524545	56.0	-1.415496871737941	-3.282529987897984	-847.0	
9.600856301113408	2179.0	1.7522967780075933	1917.0	-1.7484635737178704	1277.0	0.0	1899.566650390625	62245.0	0.395	679.0	0.7408906882591093	-44.0	-0.7165991902834008	161.0	142.0	12.998929499923538	90.0	-2.024682070730433	-3.3499997745204086	-989.0	
9.709085591231462	2188.0	1.86094007552709	1908.0	-1.8536421498060591	1268.0	0.0	1919.097900390625	62885.0	0.40750000000000003	684.0	0.7246963562753036	-52.0	-0.7246963562753036	165.0	61.0	16.05750114696437	34.0	-1.2981206869654542	-2.099830984374642	-1189.0	
9.615689144545737	2183.0	2.0451049307641638	1893.0	-1.7906518533127531	1276.0	0.0	1938.629150390625	63525.0	0.40750000000000003	684.0	0.7246963562753036	-52.0	-0.7246963562753036	165.0	32.0	23.061630218687874	14.0	-1.2750930751606924	-1.6546106821709716	-1647.0	
9.522420621878378	2183.0	2.2420621878378753	1877.0	-1.7876453933979526	1284.0	0.0	1958.160400390625	64165.0	0.40750000000000003	684.0	0.7246963562753036	-52.0	-0.7246963562753036	165.0	182.0	26.777794769842487	16.0	-1.4314717916176174	-3.957847018054277	-1890.0	
9.38079675312783	2171.0	2.3653895984972944	1867.0	-1.6420167706192577	1296.0	0.0	1977.691650390625	64805.0	0.41500000000000004	687.0	0.7105263157894737	-59.0	-0.7388663967611336	172.0	378.0	27.098944792781772	127.0	-3.1215032276330144	-6.982266129406913	-1911.0	
9.321885984422986	2164.0	2.426693680394004	1862.0	-1.5570424472707816	1301.0	0.0	1997.222900390625	65445.0	0.41500000000000004	687.0	0.7105263157894737	-59.0	-0.7388663967611336	172.0	701.0	21.104144364581742	241.0	-4.585578493628383	-11.95317510364121	-1519.0	
9.19181563937792	2166.0	2.514897271125222	1855.0	-1.5806754644487766	1312.0	0.0	2016.754150390625	549.0	0.41500000000000004	687.0	0.7105263157894737	-59.0	-0.7388663967611336	172.0	932.0	14.390579599327115	277.0	-4.835326130856537	-15.500248305040346	-1080.0	
9.47624747449196	2161.0	2.386652211100685	1865.0	-1.5201550834427053	1288.0	0.0	2036.285400390625	1189.0	0.41500000000000004	687.0	0.7105263157894737	-59.0	-0.7388663967611336	172.0	1136.0	5.321914665851048	381.0	-6.040910112474601	-18.642578811114006	-487.0	
9.486434781430908	2154.0	2.2149067145194796	1879.0	-1.4391507709073494	1287.0	0.0	2055.816650390625	1829.0	0.41500000000000004	687.0	0.6963562753036437	-66.0	-0.7550607287449392	180.0	1269.0	4.970178926441353	394.0	-6.2063852076256225	-20.685049888596133	-464.0	
9.616383224139302	2152.0	2.114512890120743	1887.0	-1.4157627774260715	1276.0	0.0	2075.347900390625	2469.0	0.41500000000000004	687.0	0.6963562753036437	-66.0	-0.7550607287449392	180.0	1456.0	10.720293622878117	407.0	-6.607624722593133	-23.55848072781516	-840.0	
9.477093564830655	2155.0	2.471261244970375	1858.0	-1.4461652852354183	1288.0	0.0	2094.879150390625	3109.0	0.41500000000000004	687.0	0.6963562753036437	-66.0	-0.7550607287449392	180.0	1554.0	15.124636794616915	356.0	-5.984328491976649	-25.056007164005237	-1128.0	
9.564671919316327	2151.0	2.8957633602040063	1823.0	-1.3886066883015518	1281.0	0.0	2114.410400390625	3749.0	0.42	689.0	0.6740890688259109	-77.0	-0.7530364372469636	179.0	1422.0	11.607279400519959	264.0	-4.448875562534041	-23.015180791838326	-898.0	
9.411014143531625	2131.0	3.0061762579244933	1814.0	-1.1469711526833022	1294.0	0.0	2133.941650390625	4389.0	0.42	689.0	0.6740890688259109	-77.0	-0.7530364372469636	179.0	1257.0	6.193607585257685	315.0	-5.0420824603938055	-20.489273057226313	-544.0	
9.552496840564087	2127.0	2.8687316754563765	1825.0	-1.1001124462780028	1282.0	0.0	2153.472900390625	5029.0	0.42	689.0	0.6740890688259109	-77.0	-0.7530364372469636	179.0	1340.0	-5.65835754702554	460.0	-6.785519678238556	-21.780299573029126	231.0	
9.8256442477091	2129.0	2.802520009005376	1830.0	-1.1228015910777411	1259.0	0.0	2173.004150390625	5669.0	0.42	689.0	0.6740890688259109	-77.0	-0.7530364372469636	179.0	1596.0	-4.220828872916348	412.0	-6.06546300623555	-25.701286822789072	137.0	
9.933003360761692	2124.0	2.824145599978709	1828.0	-1.0610545242723268	1250.0	0.0	2192.535400390625	6309.0	0.39	677.0	0.6761133603238867	-76.0	-0.7732793522267206	189.0	1922.0	1.4069429576387829	279.0	-4.1948988174744795	-30.68488285345018	-231.0	
9.858143358213033	2097.0	2.4810024879699992	1856.0	-0.7433647817187106	1256.0	0.0	2212.066650390625	6949.0	0.39	677.0	0.6761133603238867	-76.0	-0.7732793522267206	189.0	2317.0	3.318550237039303	388.0	-5.887248291695263	-36.762877393151726	-356.0	
9.929214753634055	2116.0	2.4452848872150357	1859.0	-0.972284082430202	1250.0	0.0	2231.597900390625	7589.0	0.39	677.0	0.6761133603238867	-76.0	-0.7732793522267206	189.0	2828.0	-13.503593821685275	329.0	-4.2285654019398065	-44.587321713555994	744.0	
10.322009824566205	2130.0	2.439077694715751	1859.0	-1.137154974366047	1217.0	0.0	2251.129150390625	8229.0	0.35000000000000003	661.0	0.6700404858299596	-79.0	-0.771255060728745	188.0	2788.0	-26.808380486312895	159.0	-1.0878434905953038	-43.94213514811756	1614.0	
10.381906650991493	2146.0	2.476379384863605	1856.0	-1.3285810566361864	1212.0	0.0	2270.660400390625	8869.0	0.35000000000000003	661.0	0.6700404858299596	-79.0	-0.771255060728745	188.0	2361.0	-21.60880868634348	-169.0	3.6835531867281146	-37.34232665932499	1274.0	
10.080544341658543	2126.0	2.1020532134734538	1887.0	-1.0981173477356323	1237.0	0.0	2290.191650390625	9509.0	0.35000000000000003	661.0	0.6700404858299596	-79.0	-0.771255060728745	188.0	1850.0	-13.794158128154153	-401.0	6.860920857411029	-29.469521833316332	763.0	
10.183756366591501	2119.0	1.708969992483499	1919.0	-1.0206095425085113	1228.0	0.0	2309.722900390625	10149.0	0.32	649.0	0.659919028340081	-84.0	-0.7692307692307693	187.0	1985.0	-21.119437222816945	-162.0	3.4986258201756506	-31.574650077535548	1242.0	
10.334581484560555	2115.0	1.3152913131983104	1951.0	-0.9787820938301872	1215.0	0.0	2329.254150390625	10789.0	0.32	649.0	0.659919028340081	-84.0	-0.7692307692307693	187.0	2312.0	-38.430952745068055	123.0	-0.14231393556094507	-36.62870563129976	2374.0	
10.653530310400273	2134.0	1.0673167543128248	1971.0	-1.2094677594001022	1188.0	0.0	2348.785400390625	11429.0	0.32	649.0	0.659919028340081	-84.0	-0.7692307692307693	187.0	2491.0	-50.649946474996185	11.0	2.096500433043502	-39.35298006241807	3173.0	
11.227550008858856	2154.0	1.3264294573142532	1949.0	-1.4395091637771746	1140.0	0.0	2368.316650390625	12069.0	0.32	649.0	0.659919028340081	-84.0	-0.7692307692307693	187.0	2235.0	-41.67303869093134	-445.0	8.711786206401625	-35.358639388204516	2586.0	
11.325435163947475	2141.0	1.5911354423665498	1927.0	-1.2766096865011458	1132.0	0.0	2387.847900390625	12709.0	0.25	621.0	0.6619433198380567	-83.0	-0.7894736842105263	197.0	1550.0	-10.261507875821993	-850.0	13.579539283770075	-24.798990551615272	532.0	
10.67226764161522	2141.0	1.7505736853314693	1915.0	-1.2799525968651702	1187.0	0.0	2407.379150390625	13349.0	0.25	621.0	0.6619433198380567	-83.0	-0.7894736842105263	197.0	1027.0	18.871387062241936	-1057.0	15.517903519442857	-16.754441956059217	-1373.0	
10.015896937111938	2113.0	1.5896937111938358	1929.0	-0.9523845058025942	1242.0	0.0	2426.910400390625	13989.0	0.25	621.0	0.6619433198380567	-83.0	-0.7894736842105263	197.0	914.0	29.087016363358316	-922.0	13.015585713198906	-15.04553848075354	-2041.0	
9.775903916935086	2117.0	1.399915503032354	1945.0	-1.0067727712519297	1262.0	0.0	2446.441650390625	14629.0	0.23500000000000001	615.0	0.6437246963562753	-92.0	-0.8137651821862348	209.0	1217.0	15.889279706377124	-527.0	7.514550758966847	-19.74992737870771	-1178.0	
10.446533644764758	2114.0	0.6057454288566315	2009.0	-0.9798052971438943	1205.0	0.0	2465.972900390625	15269.0	0.23500000000000001	615.0	0.6437246963562753	-92.0	-0.8137651821862348	209.0	1746.0	3.6549931182137945	-534.0	8.192702468067461	-27.860377716764777	-378.0	
10.988490557060683	2160.0	0.03953189654454714	2055.0	-1.5399268661370562	1159.0	0.0	2485.504150390625	15909.0	0.23500000000000001	615.0	0.6437246963562753	-92.0	-0.8137651821862348	209.0	2326.0	15.843401131671511	-197.0	2.610904458374042	-36.815996218574156	-1175.0	
10.728375158033648	2185.0	0.21846818431728027	2041.0	-1.8401541136489805	1181.0	0.0	2505.035400390625	16549.0	0.23500000000000001	615.0	0.6437246963562753	-92.0	-0.8137651821862348	209.0	2670.0	45.450374675026765	11.0	-1.7196641707489935	-42.13780428326036	-3111.0	
10.779411151187356	2196.0	0.5601627377831633	2013.0	-1.9653399831300533	1177.0	0.0	2524.566650390625	17189.0	0.2225	610.0	0.6072874493927125	-110.0	-0.8097165991902834	207.0	2757.0	64.48998317785595	336.0	-7.4665550085515715	-43.530243269895244	-4356.0	
9.911379413686479	2186.0	0.661750892457424	2006.0	-1.8515066097007336	1250.0	0.0	2544.097900390625	17829.0	0.2225	610.0	0.6072874493927125	-110.0	-0.8097165991902834	207.0	2592.0	79.41581281541521	727.0	-14.102702291313271	-41.06476493913226	-5332.0	
9.732445639493768	2159.0	0.6255163303292719	2009.0	-1.5287194338659467	1265.0	0.0	2563.629150390625	18469.0	0.2225	610.0	0.6072874493927125	-110.0	-0.8097165991902834	207.0	2601.0	67.21211194372229	1136.0	-19.90393292373095	-41.26087759837956	-4534.0	
10.993225478809604	2144.0	0.5130240714366029	2016.0	-1.3376385890843765	1159.0	0.0	2583.160400390625	19109.0	0.2025	602.0	0.6072874493927125	-110.0	-0.8218623481781376	213.0	2659.0	53.76968955497783	1431.0	-23.894700571906792	-42.19076532703256	-3655.0	
10.500470504392682	2141.0	0.047050439268123245	2055.0	-1.3157410331586623	1200.0	0.0	2602.691650390625	19749.0	0.2025	602.0	0.6072874493927125	-110.0	-0.8218623481781376	213.0	2528.0	62.1042972931641	1512.0	-25.49398838591273	-40.19663084595825	-4200.0	
9.97750125112386	2144.0	0.13107749333846205	2049.0	-1.3554347629231969	1244.0	0.0	2622.222900390625	20389.0	0.2025	602.0	0.6072874493927125	-110.0	-0.8218623481781376	213.0	2572.0	57.40938981495642	1577.0	-26.299206169707617	-40.87984030475371	-3893.0	
9.959186933606055	2148.0	0.6805981225104569	2004.0	-1.3928202645992724	1246.0	0.0	2641.754150390625	21029.0	0.20500000000000002	603.0	0.6214574898785425	-103.0	-0.8097165991902834	207.0	2465.0	42.42238874445634	1577.0	-25.716203024716307	-39.23215052188443	-2913.0	
9.41452863615535	2187.0	0.9766731393446209	1981.0	-1.8622248653093851	1292.0	0.0	2661.285400390625	21669.0	0.20500000000000002	603.0	0.6214574898785425	-103.0	-0.8097165991902834	207.0	2121.0	31.50328796452057	1546.0	-24.855460376139288	-33.945040717003685	-2199.0	
8.795590943767245	2175.0	0.9876658052959015	1981.0	-1.7236160756612287	1344.0	0.0	2680.816650390625	22309.0	0.20500000000000002	603.0	0.6214574898785425	-103.0	-0.8097165991902834	207.0	1477.0	16.9139012081358	1492.0	-23.540193467554587	-24.050040572085397	-1245.0	
8.849444704187832	2133.0	0.4206608949735592	2027.0	-1.2283935398779273	1339.0	0.0	2700.347900390625	22949.0	0.20500000000000002	603.0	0.6214574898785425	-103.0	-0.8097165991902834	207.0	1239.0	-6.713564765254627	1612.0	-24.477390846161878	-20.407425435237744	300.0	
9.905539204919625	2094.0	0.07773001577226021	2053.0	-0.7548116943823464	1250.0	0.0	2719.879150390625	23589.0	0.185	595.0	0.6477732793522267	-90.0	-0.7834008097165992	194.0	1505.0	-22.63343018810216	1544.0	-22.7539593217043	-24.471823773054396	1341.0	
10.483768178474724	2103.0	-0.432705962051235	2094.0	-0.8676718591430244	1201.0	0.0	2739.410400390625	24229.0	0.185	595.0	0.6477732793522267	-90.0	-0.7834008097165992	194.0	2080.0	-13.105979507569966	1539.0	-22.9698937300266	-33.29706122055944	718.0	
10.433329653641014	2082.0	-0.7146536835177605	2117.0	-0.6208031506279209	1205.0	0.0	2758.941650390625	24869.0	0.185	595.0	0.6477732793522267	-90.0	-0.7834008097165992	194.0	2436.0	12.738950909925066	1499.0	-23.333738245060495	-38.76333584800224	-972.0	
10.03923942178629	2106.0	-0.8379625832758835	2128.0	-0.9163668574476547	1238.0	0.0	2778.472900390625	25509.0	0.14250000000000002	578.0	0.6740890688259109	-77.0	-0.8097165991902834	207.0	2712.0	35.55589539684968	1357.0	-22.019917290096803	-42.98527512809508	-2464.0	
8.941776108411903	2100.0	-1.0604843969049877	2148.0	-0.8595027702274747	1330.0	0.0	2798.004150390625	26149.0	0.14250000000000002	578.0	0.6740890688259109	-77.0	-0.8097165991902834	207.0	2798.0	43.01881021562931	1177.0	-19.536681151254236	-44.280068361305396	-2952.0	
9.38090141918747	2064.0	-1.1955723669673495	2158.0	-0.4240783367619301	1293.0	0.0	2817.535400390625	26789.0	0.14250000000000002	578.0	0.6740890688259109	-77.0	-0.8097165991902834	207.0	3218.0	25.340266095733295	1229.0	-19.564966668551463	-50.72503435289083	-1796.0	
9.738492645818408	2091.0	-1.1507354181593221	2154.0	-0.7449068903387372	1263.0	0.0	2837.066650390625	27429.0	0.14250000000000002	578.0	0.6740890688259109	-77.0	-0.8097165991902834	207.0	3639.0	16.08808686343478	1246.0	-19.39179477128992	-57.18333025398879	-1191.0	
9.250515949258583	2108.0	-1.1388812646180937	2154.0	-0.9543688513419447	1304.0	0.0	2856.597900390625	28069.0	0.1475	580.0	0.7024291497975709	-63.0	-0.7591093117408907	182.0	3392.0	20.217158586939902	1001.0	-15.8265640611639	-53.35759048333068	-1461.0	
9.169042346297376	2120.0	-0.9529082274051932	2139.0	-1.0960424398803108	1311.0	0.0	2876.129150390625	28709.0	0.1475	580.0	0.7024291497975709	-63.0	-0.7591093117408907	182.0	3087.0	14.619972472855178	773.0	-12.14269293313917	-48.640684256322345	-1095.0	
8.609531936032932	2139.0	-0.9515683014687786	2140.0	-1.3305264081148294	1358.0	0.0	2895.660400390625	29349.0	0.1475	580.0	0.7024291497975709	-63.0	-0.7591093117408907	182.0	2787.0	7.56996482642606	446.0	-6.877257236500709	-43.98468480191848	-634.0	
8.989162257483382	2117.0	-1.0837742516617277	2150.0	-1.0643139829403283	1326.0	0.0	2915.191650390625	29989.0	0.11	565.0	0.6983805668016194	-65.0	-0.7550607287449392	180.0	2398.0	-3.700871692919407	170.0	-2.2410767430051464	-37.96931885397294	103.0	
9.301589276838772	2150.0	-0.7934532685036766	2126.0	-1.4529736545293965	1300.0	0.0	2934.722900390625	30629.0	0.11	565.0	0.6983805668016194	-65.0	-0.7550607287449392	180.0	2065.0	-9.11454350818168	50.0	-0.22995824665141185	-32.839494610853805	457.0	
9.3628053509134	2148.0	-0.6242268134219415	2112.0	-1.4248805791448467	1295.0	0.0	2954.254150390625	31269.0	0.11	565.0	0.6983805668016194	-65.0	-0.7550607287449392	180.0	1750.0	-5.795993271142377	139.0	-1.7799005361731641	-28.021481681439685	240.0	
9.437871823708923	2144.0	-0.26043667672672854	2082.0	-1.3686613405986499	1289.0	0.0	2973.785400390625	31909.0	0.08750000000000001	556.0	0.7186234817813765	-55.0	-0.7651821862348178	185.0	1377.0	0.25997858999847073	245.0	-3.7096997365309856	-22.317287268962673	-156.0	
9.65580647968485	2173.0	0.10445749229455087	2052.0	-1.708581701019911	1271.0	0.0	2993.316650390625	32549.0	0.08750000000000001	556.0	0.7186234817813765	-55.0	-0.7651821862348178	185.0	1083.0	4.358464597033186	350.0	-5.533705691074438	-17.824249133019386	-424.0	
9.09772878905205	2167.0	0.24906938139559953	2041.0	-1.6389810835177119	1318.0	0.0	3012.847900390625	33189.0	0.08750000000000001	556.0	0.7186234817813765	-55.0	-0.7651821862348178	185.0	696.0	14.497629606973545	441.0	-7.39825363695002	-11.904579436783802	-1087.0	
9.171929902127467	2153.0	0.5263235460799437	2018.0	-1.4640192902980902	1312.0	0.0	3032.379150390625	33829.0	0.08750000000000001	556.0	0.7186234817813765	-55.0	-0.7651821862348178	185.0	424.0	11.087322220523017	452.0	-7.472775622576193	-7.731625101630089	-864.0	
9.483595399054348	2161.0	0.7404922863872898	2000.0	-1.5530048026913492	1286.0	0.0	3051.910400390625	34469.0	0.0825	554.0	0.7226720647773279	-53.0	-0.7874493927125507	196.0	348.0	4.022021715858695	353.0	-5.679162131724972	-6.547508208704085	-402.0	
9.519893955712963	2146.0	0.7989193808200002	1995.0	-1.3707503836698438	1283.0	0.0	3071.441650390625	35109.0	0.0825	554.0	0.7226720647773279	-53.0	-0.7874493927125507	196.0	104.0	4.037314574093899	172.0	-2.9333019240545326	-2.775995594044903	-403.0	
9.317540417898151	2135.0	0.8016608374339359	1995.0	-1.2401889694337855	1300.0	0.0	3090.972900390625	35749.0	0.0825	554.0	0.7226720647773279	-53.0	-0.7874493927125507	196.0	5.0	2.9056430646887907	65.0	-1.2574930527148018	-1.2401336231771405	-329.0	
9.425152970314796	2138.0	0.848630364812896	1991.0	-1.274318031675293	1291.0	0.0	3110.504150390625	36389.0	0.0775	552.0	0.7186234817813765	-55.0	-0.7935222672064778	199.0	109.0	-3.027985930570424	-6.0	0.08781551006361261	-2.8225068379943465	59.0	
9.414236658028472	2147.0	0.947475326656636	1983.0	-1.3808840305010401	1292.0	0.0	3130.035400390625	37029.0	0.0775	552.0	0.7186234817813765	-55.0	-0.7935222672064778	199.0	190.0	-4.251414589386757	-81.0	1.302728863203055	-4.05326088077107	139.0	
9.56886483516122	2163.0	0.934102563741005	1984.0	-1.572376288325375	1279.0	0.0	3149.566650390625	37669.0	0.0775	552.0	0.7186234817813765	-55.0	-0.7935222672064778	199.0	200.0	-4.434928888209207	-158.0	2.4959177287638044	-4.194773828696711	151.0	
9.485792049787179	2163.0	0.9601573596702763	1982.0	-1.5726859202605297	1286.0	0.0	3169.097900390625	38309.0	0.075	551.0	0.7165991902834008	-56.0	-0.7874493927125507	196.0	128.0	-2.09512157822297	-153.0	2.3143843170477423	-3.0917863394288787	-2.0	
9.678552135974023	2168.0	1.1885469307354326	1963.0	-1.6264314918327798	1270.0	0.0	3188.629150390625	38949.0	0.075	551.0	0.7165991902834008	-56.0	-0.7874493927125507	196.0	7.0	-2.355100168221441	-92.0	1.3679940924718033	-1.2445677190415243	15.0	
9.584295146913542	2157.0	1.286657548496933	1955.0	-1.4928817288862273	1278.0	0.0	3208.160400390625	39589.0	0.075	551.0	0.7165991902834008	-56.0	-0.7874493927125507	196.0	-128.0	-2.4009787429270535	-9.0	0.07251707278621036	0.8139828046084822	18.0	
9.452772812855414	2168.0	1.229662237922338	1960.0	-1.6278669789202278	1289.0	0.0	3227.691650390625	40229.0	0.075	551.0	0.7165991902834008	-56.0	-0.7874493927125507	196.0	-267.0	-3.4714788193913444	-31.0	0.4323817325593241	2.950464679685575	88.0	
9.62135522600066	2167.0	1.4212368857803481	1944.0	-1.610301469060531	1275.0	0.0	3247.222900390625	40869.0	0.08	553.0	0.7165991902834008	-56.0	-0.8117408906882592	208.0	-407.0	-7.264107661721977	-97.0	1.5777185018501845	5.11014575951597	336.0	
9.87092483709675	2155.0	1.3781979953892063	1947.0	-1.4640882375043809	1254.0	0.0	3266.754150390625	41509.0	0.08	553.0	0.7165991902834008	-56.0	-0.8117408906882592	208.0	-520.0	-10.58265789876128	-141.0	2.3698609814807385	6.85199383768039	553.0	
10.037296147473107	2140.0	1.3486623663583461	1949.0	-1.2822923454149695	1240.0	0.0	3286.285400390625	42149.0	0.08	553.0	0.7165991902834008	-56.0	-0.8117408906882592	208.0	-657.0	-9.77213641229546	-202.0	3.254646882792348	8.963035957856619	500.0	
10.10895417218708	2140.0	1.3716076948983262	1947.0	-1.28111685859703	1234.0	0.0	3305.816650390625	42789.0	0.08	553.0	0.7044534412955465	-62.0	-0.7995951417004049	202.0	-608.0	-7.294693378192385	-196.0	3.0707928505152116	8.209317718285726	338.0	
9.835693293059759	2145.0	1.4264721631185735	1943.0	-1.34299314187932	1257.0	0.0	3325.347900390625	43429.0	0.08	553.0	0.7044534412955465	-62.0	-0.7995951417004049	202.0	-575.0	-2.9515216393944033	-204.0	3.0251922117126493	7.702493751179579	54.0	
9.51421221788564	2149.0	1.421221788564108	1944.0	-1.394505731206488	1284.0	0.0	3344.879150390625	44069.0	0.08	553.0	0.7044534412955465	-62.0	-0.7995951417004049	202.0	-513.0	-2.2480501605750116	-284.0	4.2370256598660525	6.763254098857369	8.0	
9.706851606072147	2155.0	1.6375415595955694	1926.0	-1.4605420985304995	1268.0	0.0	3364.410400390625	44709.0	0.08	553.0	0.7044534412955465	-62.0	-0.7995951417004049	202.0	-547.0	-5.688943263495948	-416.0	6.3996848464123515	7.306593135099079	233.0	
9.755441122137983	2159.0	1.7345884042743098	1918.0	-1.5063080375606037	1264.0	0.0	3383.941650390625	45349.0	0.085	555.0	0.6923076923076923	-68.0	-0.805668016194332	205.0	-665.0	-6.866493347606668	-440.0	6.797814519327788	9.121223503486972	310.0	
9.873855310522305	2159.0	1.6712453379449532	1923.0	-1.5063907570033477	1254.0	0.0	3403.472900390625	45989.0	0.085	555.0	0.6923076923076923	-68.0	-0.805668016194332	205.0	-757.0	-5.612478972319927	-354.0	5.410802316479449	10.51904587800598	228.0	
9.82562186677579	2147.0	1.6098057251981799	1928.0	-1.3635235704427362	1258.0	0.0	3423.004150390625	46629.0	0.085	555.0	0.6923076923076923	-68.0	-0.805668016194332	205.0	-841.0	-1.1163786511699039	-220.0	3.1570729597348466	11.785445211721028	-66.0	
9.671128839679438	2142.0	1.6366934917533902	1926.0	-1.304289781527174	1271.0	0.0	3442.535400390625	47269.0	0.09	557.0	0.6902834008097166	-69.0	-0.8036437246963563	204.0	-741.0	2.64566447469032	-102.0	1.2070253547142036	10.231496369858329	-312.0	
9.63590933900583	2142.0	1.6861719958209944	1922.0	-1.3036524064525579	1274.0	0.0	3462.066650390625	47909.0	0.09	557.0	0.6902834008097166	-69.0	-0.8036437246963563	204.0	-580.0	4.236121731151552	-110.0	1.2911612606330394	7.7618758599594075	-416.0	
9.541416975626365	2138.0	1.7607451816842226	1916.0	-1.2549130952847507	1282.0	0.0	3481.597900390625	48549.0	0.09	557.0	0.6902834008097166	-69.0	-0.8036437246963563	204.0	-484.0	5.016057501146965	-159.0	2.0283510105245943	6.296177326278332	-467.0	
9.518589862978903	2140.0	1.8589862978903733	1908.0	-1.2772729296292709	1284.0	0.0	3501.129150390625	49189.0	0.105	563.0	0.6842105263157895	-72.0	-0.7955465587044535	200.0	-422.0	3.4256002446857323	-204.0	2.7936075548120654	5.352471904917462	-363.0	
9.435636571268862	2138.0	1.896990460219516	1905.0	-1.25324599375762	1291.0	0.0	3520.660400390625	49829.0	0.105	563.0	0.6842105263157895	-72.0	-0.7955465587044535	200.0	-423.0	1.8351429882244994	-214.0	3.010873162521032	5.3699890446526775	-259.0	
9.363618861226557	2143.0	1.8380765988460979	1910.0	-1.315385411940933	1297.0	0.0	3540.191650390625	50469.0	0.105	563.0	0.6842105263157895	-72.0	-0.7955465587044535	200.0	-462.0	-0.1988071570576541	-218.0	3.1477621263484146	5.969792796957822	-126.0	
9.483495877650984	2143.0	1.921016336526967	1903.0	-1.3125278470230712	1287.0	0.0	3559.722900390625	51109.0	0.105	563.0	0.6842105263157895	-72.0	-0.7955465587044535	200.0	-431.0	-2.3245144517510323	-193.0	2.8530204601171176	5.491166386893638	13.0	
9.435397583940864	2142.0	1.873091727419773	1907.0	-1.301919129371232	1291.0	0.0	3579.254150390625	51749.0	0.1	561.0	0.6821862348178138	-73.0	-0.7894736842105263	197.0	-413.0	-2.0339501452821533	-141.0	2.044363818572058	5.206879114631938	-6.0	
9.507179919664187	2144.0	1.9084681568949196	1904.0	-1.3245901629666643	1285.0	0.0	3598.785400390625	52389.0	0.1	561.0	0.6821862348178138	-73.0	-0.7894736842105263	197.0	-336.0	-1.3763572411683744	-81.0	1.1070341547034324	4.015980576317634	-49.0	
9.543132038694187	2145.0	1.932251488466252	1902.0	-1.335803167916022	1282.0	0.0	3618.316650390625	53029.0	0.1	561.0	0.6821862348178138	-73.0	-0.7894736842105263	197.0	-238.0	-0.7187643370545955	-15.0	0.0806422453188431	2.501957258727548	-92.0	
9.495395838985077	2141.0	1.9205362794601433	1903.0	-1.2883220630088978	1286.0	0.0	3637.847900390625	53669.0	0.105	563.0	0.688259109311741	-70.0	-0.7995951417004049	202.0	-251.0	1.0857929346994954	54.0	-1.054796457606884	2.6900811592539147	-210.0	
9.482758441949242	2138.0	1.8472727663527357	1909.0	-1.2537691289281516	1287.0	0.0	3657.379150390625	54309.0	0.105	563.0	0.688259109311741	-70.0	-0.7995951417004049	202.0	-150.0	1.1928429423459246	107.0	-1.858759324025102	1.132248681119117	-217.0	
9.554660271336564	2138.0	1.8945985622277535	1905.0	-1.2521035947167782	1281.0	0.0	3676.910400390625	54949.0	0.105	563.0	0.688259109311741	-70.0	-0.7995951417004049	202.0	-108.0	0.0764642911760208	118.0	-1.9768524232646258	0.4865994364854757	-144.0	
9.518709356642901	2138.0	1.8709356642902446	1907.0	-1.252936361822465	1284.0	0.0	3696.441650390625	55589.0	0.105	563.0	0.688259109311741	-70.0	-0.7995951417004049	202.0	-19.0	-0.749350053525004	104.0	-1.7148379760785548	-0.8764394646157803	-90.0	
9.64866863837834	2145.0	1.771625742595921	1915.0	-1.3379603168365872	1273.0	0.0	3715.972900390625	56229.0	0.1075	564.0	0.688259109311741	-70.0	-0.7834008097165992	194.0	-7.0	-2.768007340571953	85.0	-1.3400250990344542	-1.0568251397428383	42.0	
9.612473919011329	2145.0	1.7235823773233743	1919.0	-1.339283131335708	1276.0	0.0	3735.504150390625	56869.0	0.1075	564.0	0.688259109311741	-70.0	-0.7834008097165992	194.0	15.0	-1.8351429882244994	66.0	-1.0817269877237439	-1.391820799108479	-19.0	
9.719968182100315	2151.0	1.7587229719362867	1916.0	-1.4097945334390662	1267.0	0.0	3755.035400390625	57509.0	0.1075	564.0	0.688259109311741	-70.0	-0.7834008097165992	194.0	6.0	-1.881021562930112	100.0	-1.6042170613401454	-1.2589453469215188	-16.0	
9.69665466444249	2154.0	1.8083235871061858	1912.0	-1.4451802346254996	1269.0	0.0	3774.566650390625	58149.0	0.105	563.0	0.7044534412955465	-62.0	-0.7732793522267206	189.0	-49.0	0.21410001529285827	185.0	-3.0038125861354446	-0.428994700972602	-153.0	
9.49381833462633	2147.0	1.7627858435853407	1916.0	-1.3637820033964876	1286.0	0.0	3794.097900390625	58789.0	0.105	563.0	0.7044534412955465	-62.0	-0.7732793522267206	189.0	-107.0	2.7833001988071575	211.0	-3.5153677094898543	0.4558697999650984	-321.0	
9.541431427662424	2150.0	1.7621903852901066	1916.0	-1.3994623599452845	1282.0	0.0	3813.629150390625	59429.0	0.105	563.0	0.7044534412955465	-62.0	-0.7732793522267206	189.0	-31.0	1.529285823520416	163.0	-2.715277389460439	-0.7023100548521002	-239.0	
9.69604756143179	2156.0	1.7476132860362388	1917.0	-1.470496897219174	1269.0	0.0	3833.160400390625	60069.0	0.11	565.0	0.6862348178137652	-71.0	-0.7834008097165992	194.0	95.0	-2.1257072946933784	113.0	-1.780724626359612	-2.62636946814483	0.0	
9.743286517103492	2152.0	1.7096040913016826	1920.0	-1.4225919204728108	1265.0	0.0	3852.691650390625	60709.0	0.11	565.0	0.6862348178137652	-71.0	-0.7834008097165992	194.0	89.0	-2.1410001529285827	107.0	-1.688749285275078	-2.533382812785235	1.0	
9.66008219470207	2144.0	1.7225051844928458	1919.0	-1.3267803996643273	1272.0	0.0	3872.222900390625	61349.0	0.11	565.0	0.6862348178137652	-71.0	-0.7834008097165992	194.0	65.0	-1.2234286588163328	123.0	-1.9752221559870382	-2.1679799336973575	-59.0	
9.611499904654265	2146.0	1.6261809416170474	1927.0	-1.3532890929644898	1276.0	0.0	3891.754150390625	61989.0	0.11	565.0	0.6862348178137652	-71.0	-0.7834008097165992	194.0	70.0	-1.2234286588163328	77.0	-1.2669423110884217	-2.237619553538996	-59.0	
9.82612392815855	2159.0	1.6600118634741394	1924.0	-1.5070927403164016	1258.0	0.0	3911.285400390625	62629.0	0.105	563.0	0.7024291497975709	-63.0	-0.7834008097165992	194.0	127.0	-4.496100321150023	23.0	-0.29674466889566675	-3.1025531456301874	155.0	
9.717903068394866	2157.0	1.5522116013914087	1933.0	-1.4862345686135243	1267.0	0.0	3930.816650390625	63269.0	0.105	563.0	0.7024291497975709	-63.0	-0.7834008097165992	194.0	150.0	-3.593821685272978	5.0	-0.05245053257684648	-3.453033328403872	96.0	
9.622685312677042	2158.0	1.5542455534186423	1933.0	-1.4991942599012422	1275.0	0.0	3950.347900390625	63909.0	0.105	563.0	0.7024291497975709	-63.0	-0.7834008097165992	194.0	120.0	-1.498700107050008	4.0	-0.1254691900526682	-2.9934290052348835	-41.0	
9.683049274731284	2157.0	1.6382608064615691	1926.0	-1.484862122448757	1270.0	0.0	3969.879150390625	64549.0	0.08750000000000001	556.0	0.6963562753036437	-66.0	-0.771255060728745	188.0	158.0	-2.355100168221441	-24.0	0.34527361067823825	-3.5718119562363206	15.0	
9.670779993378147	2156.0	1.6018088616243653	1929.0	-1.473665661387948	1271.0	0.0	3989.410400390625	65189.0	0.08750000000000001	556.0	0.6963562753036437	-66.0	-0.771255060728745	188.0	91.0	-3.1962073711576697	2.0	-0.0312637225263967	-2.5474969244739984	70.0	
9.574698082276555	2148.0	1.517427275274554	1936.0	-1.3799285700572854	1279.0	0.0	4008.941650390625	293.0	0.08750000000000001	556.0	0.6963562753036437	-66.0	-0.771255060728745	188.0	-42.0	-1.4834072488148036	-22.0	0.24896205997121973	-0.5038783401184098	-42.0	
9.681820616673825	2149.0	1.5153950007157913	1936.0	-1.3909461829755723	1270.0	0.0	4028.472900390625	933.0	0.08750000000000001	556.0	0.6963562753036437	-66.0	-0.771255060728745	188.0	-21.0	-2.8138859152775657	-28.0	0.39768216949570573	-0.8246252958437879	45.0	
9.658756925371042	2157.0	1.5899782513898464	1930.0	-1.486070697043794	1272.0	0.0	4048.004150390625	1573.0	0.0925	558.0	0.6963562753036437	-66.0	-0.771255060728745	188.0	31.0	-3.2726716623336904	-28.0	0.4240100980873165	-1.6222751667803668	75.0	
9.599247484009867	2159.0	1.591415067653375	1930.0	-1.5107334406743036	1277.0	0.0	4067.535400390625	2213.0	0.0925	558.0	0.6963562753036437	-66.0	-0.771255060728745	188.0	54.0	-1.437528674109191	-14.0	0.13881064535796078	-1.9780502854445332	-45.0	
9.599121968664175	2156.0	1.5788635330843852	1931.0	-1.4748411482058872	1277.0	0.0	4087.066650390625	2853.0	0.0925	558.0	0.6963562753036437	-66.0	-0.771255060728745	188.0	-20.0	-0.9940357852882705	33.0	-0.6131744871736221	-0.850078346068606	-74.0	
9.693360892679584	2152.0	1.4789464108155297	1939.0	-1.4277043303267731	1269.0	0.0	4106.597900390625	3493.0	0.09	557.0	0.6983805668016194	-65.0	-0.7834008097165992	194.0	-9.0	-1.0705000764642914	85.0	-1.4082254592359031	-1.0268181760286028	-69.0	
9.682071647365206	2155.0	1.5404980698537711	1934.0	-1.462730767912405	1270.0	0.0	4126.129150390625	4133.0	0.09	557.0	0.6983805668016194	-65.0	-0.7834008097165992	194.0	-25.0	-0.36702859764489987	112.0	-1.8540955686522849	-0.7857651385927682	-115.0	
9.693598675671243	2147.0	1.502724709981449	1937.0	-1.3669854226581164	1269.0	0.0	4145.660400390625	4773.0	0.09	557.0	0.6983805668016194	-65.0	-0.7834008097165992	194.0	-37.0	0.3211500229392874	70.0	-1.2374712607843619	-0.5954650916165901	-160.0	
9.670405856013755	2149.0	1.564395125185043	1932.0	-1.3900803280927878	1271.0	0.0	4165.191650390625	5413.0	0.0825	554.0	0.6963562753036437	-66.0	-0.7894736842105263	197.0	-1.0	-0.382321455880104	42.0	-0.7731518506816368	-1.1432233092080595	-114.0	
9.695194245075063	2156.0	1.662281650363607	1924.0	-1.472212063096194	1269.0	0.0	4184.722900390625	6053.0	0.0825	554.0	0.6963562753036437	-66.0	-0.7894736842105263	197.0	-39.0	0.12234286588163329	43.0	-0.8145474366683821	-0.5605468860591805	-147.0	
9.575793998970294	2147.0	1.6270189446483998	1927.0	-1.3656775847317868	1279.0	0.0	4204.254150390625	6693.0	0.0825	554.0	0.6963562753036437	-66.0	-0.7894736842105263	197.0	-60.0	0.41290717235051233	17.0	-0.4294923849960499	-0.23446217872183409	-166.0	
9.538870274255908	2149.0	1.5060750446383875	1937.0	-1.3925620855212995	1282.0	0.0	4223.785400390625	7333.0	0.0825	554.0	0.6963562753036437	-66.0	-0.7894736842105263	197.0	25.0	-2.293928735280624	-32.0	0.44546656187847505	-1.5299937001937058	11.0	
9.657651373986598	2150.0	1.4794231129454112	1939.0	-1.4039555059289368	1272.0	0.0	4243.316650390625	7973.0	0.08	553.0	0.7004048582995952	-64.0	-0.8097165991902834	207.0	100.0	-1.1622572258755162	0.0	-0.08047130628050225	-2.6860893532346632	-63.0	
9.599369386346542	2159.0	1.6036053013208937	1929.0	-1.5104884169775865	1277.0	0.0	4262.847900390625	8613.0	0.08	553.0	0.7004048582995952	-64.0	-0.8097165991902834	207.0	91.0	-0.24468573176326658	76.0	-1.287485383410319	-2.5600591410828373	-123.0	
9.468682303600067	2155.0	1.6301351219115754	1927.0	-1.4630719203089002	1288.0	0.0	4282.379150390625	9253.0	0.08	553.0	0.7004048582995952	-64.0	-0.8097165991902834	207.0	-3.0	-0.29056430646887904	93.0	-1.5615448801524359	-1.1204182721865177	-120.0	
9.562681035951138	2154.0	1.5061988332091534	1937.0	-1.4525624659883536	1280.0	0.0	4301.910400390625	9893.0	0.0825	554.0	0.7044534412955465	-62.0	-0.8076923076923077	206.0	43.0	-2.844471631747974	123.0	-1.9137623694532135	-1.8297866953532709	47.0	
9.68146815736352	2160.0	1.4801490696852955	1939.0	-1.524184746671213	1270.0	0.0	4321.441650390625	10533.0	0.0825	554.0	0.7044534412955465	-62.0	-0.8076923076923077	206.0	36.0	-1.422235815873987	142.0	-2.263953625629576	-1.7258772223081602	-46.0	
9.81409604280609	2156.0	1.6476995187043255	1925.0	-1.4713146877520693	1259.0	0.0	4340.972900390625	11173.0	0.0825	554.0	0.7044534412955465	-62.0	-0.8076923076923077	206.0	31.0	2.3398073099862366	232.0	-3.79945142469781	-1.6645097820082182	-292.0	
9.623407092006387	2150.0	1.6264234863531657	1927.0	-1.4013579412805837	1275.0	0.0	4360.504150390625	11813.0	0.0825	554.0	0.7044534412955465	-62.0	-0.8076923076923077	206.0	29.0	3.440893102920936	254.0	-4.182172949401203	-1.6376480299390022	-364.0	
9.527583437614204	2154.0	1.5678675709442764	1932.0	-1.4516800672170205	1283.0	0.0	4380.035400390625	12453.0	0.0775	552.0	0.6963562753036437	-66.0	-0.8157894736842105	210.0	23.0	2.5386144670438906	117.0	-2.0398486082039162	-1.52415788457828	-305.0	
9.705265671359031	2154.0	1.478948088284001	1939.0	-1.4516816345327779	1268.0	0.0	4399.566650390625	13093.0	0.0775	552.0	0.6963562753036437	-66.0	-0.8157894736842105	210.0	115.0	0.41290717235051233	108.0	-1.8022869076576782	-2.9334747641203087	-166.0	
9.741212973043677	2151.0	1.5022496853200387	1937.0	-1.4147115512619575	1265.0	0.0	4419.097900390625	13733.0	0.0775	552.0	0.6963562753036437	-66.0	-0.8157894736842105	210.0	149.0	-2.477443034103074	112.0	-1.7429907001156741	-3.4545942464211357	23.0	
9.741706604072068	2156.0	1.5516127881592325	1933.0	-1.4739603167503113	1265.0	0.0	4438.629150390625	14373.0	0.0775	552.0	0.6943319838056681	-67.0	-0.8259109311740891	215.0	32.0	0.6423000458785748	65.0	-1.1628257881011608	-1.6534880093003763	-181.0	
9.693241399015584	2154.0	1.4669970444156584	1940.0	-1.4520408981335793	1269.0	0.0	4458.160400390625	15013.0	0.0775	552.0	0.6943319838056681	-67.0	-0.8259109311740891	215.0	11.0	-0.1988071570576541	74.0	-1.270833280765734	-1.3323339274063992	-126.0	
9.609192190611806	2153.0	1.3954095373709552	1946.0	-1.4422649475874267	1276.0	0.0	4477.691650390625	15653.0	0.0775	552.0	0.6943319838056681	-67.0	-0.8259109311740891	215.0	16.0	-0.8869857776418414	30.0	-0.5657904651103998	-1.4020059175404702	-81.0	
9.717050956374477	2158.0	1.4670003993526004	1940.0	-1.4999955065455888	1267.0	0.0	4497.222900390625	16293.0	0.075	551.0	0.6902834008097166	-69.0	-0.8097165991902834	207.0	12.0	-0.9787429270530663	41.0	-0.7319220830511383	-1.342289299087378	-75.0	
9.729679923055947	2154.0	1.5394208770232425	1934.0	-1.450228036241024	1266.0	0.0	4516.754150390625	16933.0	0.075	551.0	0.6902834008097166	-69.0	-0.8097165991902834	207.0	-78.0	1.3151858082275578	62.0	-1.160473639179589	0.03442871458257883	-225.0	
9.562802938287813	2154.0	1.5183890668766722	1936.0	-1.4523174422916365	1280.0	0.0	4536.285400390625	17573.0	0.075	551.0	0.6902834008097166	-69.0	-0.8097165991902834	207.0	-93.0	0.3976143141153082	27.0	-0.5877510132588663	0.27032319571365965	-165.0	
9.645630714652166	2153.0	1.4678333699785395	1940.0	-1.4404520856948715	1273.0	0.0	4555.816650390625	18213.0	0.075	551.0	0.6902834008097166	-69.0	-0.8097165991902834	207.0	-49.0	-1.7433858388132744	-4.0	-0.018566637341344158	-0.399142241484661	-25.0	
9.717538565721178	2158.0	1.5157613340226757	1936.0	-1.4990154117587202	1267.0	0.0	4575.347900390625	18853.0	0.0825	554.0	0.6983805668016194	-65.0	-0.819838056680162	212.0	-31.0	-1.0246215017586788	-8.0	0.016970238086539552	-0.6749875785766305	-72.0	
9.634336651992433	2152.0	1.5289032944814862	1935.0	-1.4272954350603253	1274.0	0.0	4594.879150390625	19493.0	0.0825	554.0	0.6983805668016194	-65.0	-0.819838056680162	212.0	-102.0	1.0705000764642914	10.0	-0.3545725340885956	0.4107553334284865	-209.0	
9.587220802993745	2157.0	1.579223156517385	1931.0	-1.4870011601650162	1278.0	0.0	4614.410400390625	20133.0	0.0825	554.0	0.6983805668016194	-65.0	-0.819838056680162	212.0	-77.0	-0.12234286588163329	45.0	-0.8413527284283369	0.022275440031966444	-131.0	
9.526728916921142	2153.0	1.4824155016378209	1939.0	-1.441349461038996	1283.0	0.0	4633.941650390625	20773.0	0.0725	550.0	0.680161943319838	-74.0	-0.8259109311740891	215.0	-78.0	-1.3457715246979662	-8.0	0.02260376833176781	0.046259488657692395	-51.0	
9.633973353655085	2154.0	1.492573460746577	1938.0	-1.4521220502605656	1274.0	0.0	4653.472900390625	21413.0	0.0725	550.0	0.680161943319838	-74.0	-0.8259109311740891	215.0	-20.0	-2.171585869398991	2.0	-0.08927515831368375	-0.8448393527800067	3.0	
9.70562896969638	2152.0	1.5152779220189099	1936.0	-1.4268550193325373	1268.0	0.0	4673.004150390625	22053.0	0.0725	550.0	0.680161943319838	-74.0	-0.8259109311740891	215.0	-72.0	-0.21410001529285827	64.0	-1.129149167436033	-0.05732494264873504	-125.0	
9.646725427009565	2151.0	1.5773046057185618	1931.0	-1.4141553283143282	1273.0	0.0	4692.535400390625	22693.0	0.0725	550.0	0.680161943319838	-74.0	-0.8259109311740891	215.0	-71.0	1.0705000764642914	131.0	-2.2108822282443827	-0.08348675691494345	-209.0	
9.598746626963445	2148.0	1.541329363011239	1934.0	-1.3792100428556828	1277.0	0.0	4712.066650390625	23333.0	0.0825	554.0	0.6842105263157895	-72.0	-0.8097165991902834	207.0	-100.0	0.6117143294081664	92.0	-1.597134366902437	0.3676407477840983	-179.0	
9.670404651677416	2148.0	1.5642746915512193	1932.0	-1.3780345560377434	1271.0	0.0	4731.597900390625	23973.0	0.0825	554.0	0.6842105263157895	-72.0	-0.8097165991902834	207.0	-59.0	-0.8411072029362289	66.0	-1.1328382259184675	-0.25684012078918317	-84.0	
9.729794599374593	2148.0	1.5508885088878195	1933.0	-1.3777083802140397	1266.0	0.0	4751.129150390625	24613.0	0.0825	554.0	0.6842105263157895	-72.0	-0.8097165991902834	207.0	-54.0	-0.7187643370545955	36.0	-0.6755429793518747	-0.3289895866141418	-92.0	
9.63445132831108	2146.0	1.540370926346063	1934.0	-1.3547757790333415	1274.0	0.0	4770.660400390625	25253.0	0.08750000000000001	556.0	0.6963562753036437	-66.0	-0.7813765182186235	193.0	-39.0	0.18351429882244993	6.0	-0.24790774921764255	-0.554880489184673	-151.0	
9.586962546284337	2145.0	1.5533974855764634	1933.0	-1.3429419428979164	1278.0	0.0	4790.191650390625	25893.0	0.08750000000000001	556.0	0.6963562753036437	-66.0	-0.7813765182186235	193.0	-15.0	-1.3151858082275578	-25.0	0.29251860393538803	-0.9177438334481405	-53.0	
9.658258476997297	2148.0	1.5401334140153577	1934.0	-1.378638843335262	1272.0	0.0	4809.722900390625	26533.0	0.08750000000000001	556.0	0.6963562753036437	-66.0	-0.7813765182186235	193.0	-2.0	-1.8351429882244994	-13.0	0.1307408651672553	-1.1188398983914456	-19.0	
9.67015843833139	2146.0	1.5396533569485342	1934.0	-1.354433059321089	1271.0	0.0	4829.254150390625	27173.0	0.0775	552.0	0.680161943319838	-74.0	-0.8117408906882592	208.0	5.0	-1.330478666462762	18.0	-0.3651717180172226	-1.2312104098301646	-52.0	
9.645862475962135	2143.0	1.4910095009753404	1938.0	-1.3195043177509922	1273.0	0.0	4848.785400390625	27813.0	0.0775	552.0	0.680161943319838	-74.0	-0.8117408906882592	208.0	36.0	-0.8411072029362289	33.0	-0.6106989671711541	-1.709344675723576	-84.0	
9.68157319899146	2146.0	1.4906532324792827	1938.0	-1.3552989142038732	1270.0	0.0	4868.316650390625	28453.0	0.0775	552.0	0.680161943319838	-74.0	-0.8117408906882592	208.0	68.0	-0.48937146352653316	77.0	-1.29660852195209	-2.2072272483313826	-107.0	
9.693971608699298	2153.0	1.5400180127869474	1934.0	-1.4385249838982321	1269.0	0.0	4887.847900390625	29093.0	0.0775	552.0	0.680161943319838	-74.0	-0.8117408906882592	208.0	74.0	0.25997858999847073	122.0	-2.0177909366475464	-2.3065059744270866	-156.0	
