Device	Device	Device	Device	Device	Device	Device	Device	Device	Device	Device	Device	Device	Device	Device	Device	Device	Device	Device	Device	Device	
Low Noise Accelerometer X	Low Noise Accelerometer X	Low Noise Accelerometer Z	Low Noise Accelerometer Z	Low Noise Accelerometer Y	Low Noise Accelerometer Y	Event_Marker	Timestamp	Timestamp	Magnetometer Z	Magnetometer Z	Magnetometer X	Magnetometer X	Magnetometer Y	Magnetometer Y	Gyroscope Y	Gyroscope Y	Gyroscope Z	Gyroscope Z	Gyroscope X	Gyroscope X	
UNCAL	CAL	UNCAL	CAL	CAL	UNCAL	CAL	CAL	UNCAL	UNCAL	CAL	CAL	UNCAL	CAL	UNCAL	CAL	UNCAL	CAL	UNCAL	CAL	UNCAL	
no units	m/(s^2)	no units	m/(s^2)	m/(s^2)	no units	no units	ms	no units	no units	local_flux	local_flux	no units	local_flux	no units	deg/s	no units	deg/s	no units	deg/s	no units	
1817.0	-4.021729033435646	2746.0	-8.125284295945482	2.2792047345901074	2413.0	0.0	401.580810546875	13159.0	226.0	-0.7375	-0.7631578947368421	-787.0	-0.26720647773279355	-61.0	-1.896314421165316	-58.0	-0.013830971143113546	-4.0	-0.2609945318995545	-15.0	
1814.0	-3.9861474387610247	2747.0	-8.138553399911999	2.315439746770776	2410.0	0.0	421.112060546875	13799.0	226.0	-0.7375	-0.7631578947368421	-787.0	-0.26720647773279355	-61.0	-1.1163786511699039	-137.0	-0.5647096693609965	29.0	0.9457108901101342	-66.0	
1813.0	-3.986880057117414	2753.0	-8.211815235550937	2.326015376645518	2410.0	0.0	440.643310546875	14439.0	225.0	-0.74	-0.7611336032388664	-786.0	-0.24493927125506074	-72.0	-0.1529285823520416	-194.0	-1.3656441297073683	78.0	1.81233711401979	-129.0	
1817.0	-4.047362308499314	2761.0	-8.30765942135991	2.2753008993311825	2415.0	0.0	460.174560546875	15079.0	225.0	-0.74	-0.7611336032388664	-786.0	-0.24493927125506074	-72.0	-0.25997858999847073	-241.0	-1.1840052139949575	66.0	2.5353442351087847	-122.0	
1814.0	-4.0365606725316345	2770.0	-8.417972015068228	2.3093472421299457	2414.0	0.0	479.705810546875	15719.0	225.0	-0.74	-0.7611336032388664	-786.0	-0.24493927125506074	-72.0	-1.0093286435234747	-274.0	-0.9437674308524355	52.0	3.0441145736583324	-73.0	
1812.0	-4.060855430564552	2774.0	-8.466495437407596	2.332230211644997	2416.0	0.0	499.237060546875	16359.0	225.0	-0.74	-0.757085020242915	-784.0	-0.22064777327935223	-84.0	-0.22939287352806242	-300.0	-0.7943823792910772	40.0	3.444564999285193	-124.0	
1811.0	-4.049441874240821	2778.0	-8.515615995510673	2.3434101288172577	2415.0	0.0	518.768310546875	16999.0	225.0	-0.74	-0.757085020242915	-784.0	-0.22064777327935223	-84.0	0.5811286129377581	-268.0	-0.4681339044764915	17.0	2.956804006973342	-177.0	
1809.0	-4.061834262266968	2782.0	-8.564378607649221	2.366407338236394	2416.0	0.0	538.299560546875	17639.0	225.0	-0.74	-0.757085020242915	-784.0	-0.22064777327935223	-84.0	0.5811286129377581	-227.0	-0.061944814081239016	-9.0	2.3317420678941736	-177.0	
1813.0	-4.014219964894535	2782.0	-8.56485363231063	2.318681209632553	2412.0	0.0	557.830810546875	18279.0	225.0	-0.74	-0.757085020242915	-784.0	-0.22064777327935223	-84.0	-0.6575929041137789	-204.0	0.31412289765154394	-30.0	1.9825796208746285	-96.0	
1815.0	-3.954949510861358	2784.0	-8.590189181373901	2.2946708176494504	2407.0	0.0	577.362060546875	18919.0	228.0	-0.7325	-0.7631578947368421	-787.0	-0.23279352226720648	-78.0	-1.2693072335219453	-177.0	-0.10330899305418678	-1.0	1.5641042431981984	-56.0	
1815.0	-3.918510986820997	2778.0	-8.517765348766318	2.2964836795420056	2404.0	0.0	596.893310546875	19559.0	228.0	-0.7325	-0.7631578947368421	-787.0	-0.23279352226720648	-78.0	-1.0857929346994954	-170.0	-1.017036762576494	58.0	1.4475555798961008	-68.0	
1810.0	-3.965882683856418	2776.0	-8.493030290403693	2.3567456275943255	2408.0	0.0	616.424560546875	20199.0	228.0	-0.7325	-0.7631578947368421	-787.0	-0.23279352226720648	-78.0	-0.948157210582658	-137.0	-1.371234816478696	81.0	0.9376456386389572	-77.0	
1809.0	-3.977664355862851	2775.0	-8.48072130057082	2.3689221834420033	2409.0	0.0	635.955810546875	20839.0	225.0	-0.74	-0.7489878542510121	-780.0	-0.23279352226720648	-78.0	-0.8716929194066372	-125.0	-1.4185940608166892	84.0	0.7530382422980784	-82.0	
1810.0	-4.025394533890268	2776.0	-8.491834341407813	2.3561744280739045	2413.0	0.0	655.487060546875	21479.0	225.0	-0.74	-0.7489878542510121	-780.0	-0.23279352226720648	-78.0	-0.33644288117449156	-142.0	-1.6271787527161097	96.0	1.0118086175672074	-117.0	
1809.0	-4.025761445236633	2779.0	-8.528525476044193	2.367485129038798	2413.0	0.0	675.018310546875	22119.0	225.0	-0.74	-0.7489878542510121	-780.0	-0.23279352226720648	-78.0	-0.3058571647040832	-172.0	-1.433055703275077	83.0	1.474084357805365	-119.0	
1813.0	-4.0147075742412355	2786.0	-8.613614566980704	2.317701114845684	2412.0	0.0	694.549560546875	22759.0	225.0	-0.74	-0.7489878542510121	-780.0	-0.23279352226720648	-78.0	0.3517357394096957	-175.0	-1.3367713913022736	75.0	1.521080651899468	-162.0	
1813.0	-4.0270975535947064	2790.0	-8.662136311851604	2.3166067801547316	2413.0	0.0	714.080810546875	23399.0	225.0	-0.74	-0.7651821862348178	-788.0	-0.24898785425101214	-70.0	1.8504358464597035	-145.0	-1.4843947814565428	81.0	1.059269908254178	-260.0	
1815.0	-4.098753169636002	2792.0	-8.684840773123938	2.2913397492267036	2419.0	0.0	733.612060546875	24039.0	225.0	-0.74	-0.7651821862348178	-788.0	-0.24898785425101214	-70.0	2.3092215935158285	-90.0	-1.3251179352787803	70.0	0.2169160755190858	-290.0	
1817.0	-4.074824118613109	2791.0	-8.672888051787123	2.2677217086215	2417.0	0.0	753.143310546875	24679.0	225.0	-0.74	-0.7651821862348178	-788.0	-0.24898785425101214	-70.0	0.41290717235051233	-33.0	-0.8406289806380397	44.0	-0.6528746034476265	-166.0	
1818.0	-4.08623767493684	2787.0	-8.62376749368405	2.2565417914492394	2418.0	0.0	772.674560546875	25319.0	224.0	-0.7425	-0.7469635627530364	-779.0	-0.2550607287449393	-67.0	-0.1988071570576541	17.0	-0.8700142226475975	48.0	-1.4203926387739674	-126.0	
1814.0	-4.026243032901642	2783.0	-8.576684242545149	2.3062761739767073	2413.0	0.0	792.205810546875	25959.0	224.0	-0.7425	-0.7469635627530364	-779.0	-0.2550607287449393	-67.0	0.9022786358770455	34.0	-1.0037292139526954	54.0	-1.6825860108751416	-198.0	
1812.0	-4.121098694618453	2780.0	-8.53844089041683	2.330188869944274	2421.0	0.0	811.737060546875	26599.0	224.0	-0.7425	-0.7469635627530364	-779.0	-0.2550607287449393	-67.0	1.6822144058724577	25.0	-1.0978272340188844	58.0	-1.5454266381526796	-249.0	
1819.0	-4.168212134944466	2776.0	-8.487880161113283	2.246391600729494	2425.0	0.0	831.268310546875	27239.0	224.0	-0.7425	-0.7611336032388664	-786.0	-0.2813765182186235	-54.0	0.7799357699954123	31.0	-0.5686363743371008	26.0	-1.632201631504611	-190.0	
1820.0	-4.108577178237603	2775.0	-8.476765442807823	2.235162051891588	2420.0	0.0	850.799560546875	27879.0	224.0	-0.7425	-0.7611336032388664	-786.0	-0.2813765182186235	-54.0	0.13763572411683744	38.0	-0.04969018895124505	-6.0	-1.7344235552576268	-148.0	
1816.0	-4.108338190909605	2773.0	-8.45286671000808	2.2838351875052005	2420.0	0.0	870.330810546875	28519.0	224.0	-0.7425	-0.7611336032388664	-786.0	-0.2813765182186235	-54.0	0.061171432940816645	66.0	-0.2884272703283828	10.0	-2.166456468498896	-143.0	
1817.0	-4.084288441886375	2771.0	-8.428844188637571	2.2725079426517585	2418.0	0.0	889.862060546875	29159.0	224.0	-0.7425	-0.7611336032388664	-786.0	-0.2813765182186235	-54.0	0.3976143141153082	61.0	-0.24112794415173855	6.0	-2.089261056946505	-165.0	
1816.0	-4.107606776889554	2767.0	-8.379725308002966	2.285305329685503	2420.0	0.0	909.393310546875	29799.0	226.0	-0.7375	-0.7611336032388664	-786.0	-0.27530364372469635	-57.0	0.3211500229392874	32.0	-0.05795060388213745	-6.0	-1.6424392574581863	-160.0	
1817.0	-4.095703202546446	2767.0	-8.379844064168319	2.2733737975345427	2419.0	0.0	928.924560546875	30439.0	226.0	-0.7375	-0.7611336032388664	-786.0	-0.27530364372469635	-57.0	0.749350053525004	21.0	0.12318462367151521	-19.0	-1.4718385849432758	-188.0	
1812.0	-4.084050658894716	2769.0	-8.40506588947165	2.3332268503204148	2418.0	0.0	948.455810546875	31079.0	226.0	-0.7375	-0.7611336032388664	-786.0	-0.27530364372469635	-57.0	0.6575929041137789	-18.0	0.536149984374473	-46.0	-0.869274068669375	-182.0	
1816.0	-4.060484906209173	2771.0	-8.429443001869748	2.284782194514971	2416.0	0.0	967.987060546875	31719.0	225.0	-0.74	-0.7651821862348178	-788.0	-0.27530364372469635	-57.0	0.7187643370545955	-31.0	0.6855158964379473	-56.0	-0.6683021219931164	-186.0	
1819.0	-4.036920357859969	2773.0	-8.453940547901666	2.248383310764572	2414.0	0.0	987.518310546875	32359.0	225.0	-0.74	-0.7651821862348178	-788.0	-0.27530364372469635	-57.0	1.146964367640312	-31.0	0.5914860537748502	-51.0	-0.6692424204197474	-214.0	
1813.0	-3.9777814408541734	2776.0	-8.492429799703046	2.320494071525108	2409.0	0.0	1007.049560546875	32999.0	225.0	-0.74	-0.7651821862348178	-788.0	-0.27530364372469635	-57.0	0.948157210582658	-23.0	0.5699035592296869	-49.0	-0.7922141146301983	-201.0	
1808.0	-4.03717741023304	2775.0	-8.479645785208763	2.380396755976627	2414.0	0.0	1026.580810546875	33639.0	225.0	-0.74	-0.7651821862348178	-788.0	-0.27530364372469635	-57.0	1.2540143752867412	-40.0	0.4473972188601706	-42.0	-0.53258295584577	-221.0	
1808.0	-4.132396370287201	2775.0	-8.477732266815353	2.379482836743953	2422.0	0.0	1046.112060546875	34279.0	228.0	-0.7325	-0.7631578947368421	-787.0	-0.23279352226720648	-78.0	1.6210429729316411	-50.0	0.3081375614760049	-34.0	-0.3805307158383626	-245.0	
1806.0	-4.155715909626717	2771.0	-8.428733819814575	2.4043259958327425	2424.0	0.0	1065.643310546875	34919.0	228.0	-0.7325	-0.7631578947368421	-787.0	-0.23279352226720648	-78.0	1.2081358005811287	-7.0	0.5619603273382372	-49.0	-1.0378052854791113	-218.0	
1810.0	-4.143443015264568	2768.0	-8.391920574075899	2.3569922186067997	2423.0	0.0	1085.174560546875	35559.0	228.0	-0.7325	-0.7631578947368421	-787.0	-0.23279352226720648	-78.0	0.8716929194066372	-4.0	1.268008972045903	-94.0	-1.0767782500064094	-196.0	
1810.0	-4.155954896954714	2773.0	-8.452632552614316	2.3556528602191302	2424.0	0.0	1104.705810546875	36199.0	225.0	-0.74	-0.7651821862348178	-788.0	-0.2611336032388664	-64.0	0.5199571799969415	-64.0	1.3651554900843337	-100.0	-0.15513776533853063	-173.0	
1808.0	-4.143933033283945	2772.0	-8.44092237601362	2.3801036679300207	2423.0	0.0	1124.237060546875	36839.0	225.0	-0.74	-0.7651821862348178	-788.0	-0.2611336032388664	-64.0	0.7799357699954123	-101.0	1.379841916657805	-102.0	0.4127549942778256	-190.0	
1807.0	-4.215104652987554	2770.0	-8.41522720351735	2.3919540479539942	2429.0	0.0	1143.768310546875	37479.0	225.0	-0.74	-0.7651821862348178	-788.0	-0.2611336032388664	-64.0	0.5964214711729623	-84.0	1.4820743209008818	-108.0	0.15292109613213298	-178.0	
1806.0	-4.226764422657312	2768.0	-8.39072798001696	2.4043756274983887	2430.0	0.0	1163.299560546875	38119.0	226.0	-0.7375	-0.7489878542510121	-780.0	-0.22672064777327935	-81.0	-0.030585716470408322	-56.0	1.680635945401098	-119.0	-0.27473883005036226	-137.0	
1813.0	-4.274121667656676	2766.0	-8.36454771804845	2.3200883108901746	2434.0	0.0	1182.830810546875	38759.0	226.0	-0.7375	-0.7489878542510121	-780.0	-0.22672064777327935	-81.0	-0.3058571647040832	-79.0	2.1956802808535008	-152.0	0.08333473744103463	-119.0	
1814.0	-4.262096190976892	2765.0	-8.352476240546286	2.308401802435932	2433.0	0.0	1202.362060546875	39399.0	226.0	-0.7375	-0.7489878542510121	-780.0	-0.22672064777327935	-81.0	-0.6117143294081664	-145.0	2.582304767898271	-177.0	1.099936903747726	-99.0	
1809.0	-4.333150725689178	2762.0	-8.31507256891779	2.368680294376801	2439.0	0.0	1221.893310546875	40039.0	226.0	-0.7375	-0.7489878542510121	-780.0	-0.22672064777327935	-81.0	0.5199571799969415	-189.0	3.345469209162074	-230.0	1.78272582911786	-173.0	
1809.0	-4.380150694032882	2757.0	-8.25316464138349	2.3694484532440496	2443.0	0.0	1241.424560546875	40679.0	229.0	-0.73	-0.7651821862348178	-788.0	-0.2368421052631579	-76.0	-0.3517357394096957	-187.0	3.595970249894446	-244.0	1.7545418722089339	-116.0	
1810.0	-4.439661339730395	2757.0	-8.251848258753785	2.356831481668584	2448.0	0.0	1260.955810546875	41319.0	229.0	-0.73	-0.7651821862348178	-788.0	-0.2368421052631579	-76.0	-1.6516286894020493	-206.0	4.183370486942935	-279.0	2.051961064083792	-31.0	
1805.0	-4.47427735040232	2748.0	-8.142020754517706	2.4189228355020083	2451.0	0.0	1280.487060546875	41959.0	229.0	-0.73	-0.7651821862348178	-788.0	-0.2368421052631579	-76.0	-2.82917877351277	-277.0	4.650234189313893	-307.0	3.1460880408343694	46.0	
1810.0	-4.509612731730914	2745.0	-8.104130315948503	2.359086326604684	2454.0	0.0	1300.018310546875	42599.0	230.0	-0.7275	-0.757085020242915	-784.0	-0.22672064777327935	-81.0	-2.768007340571953	-356.0	5.158610814326597	-341.0	4.3633860160763644	42.0	
1810.0	-4.5688807770914135	2743.0	-8.078553899617583	2.359005174477698	2459.0	0.0	1319.549560546875	43239.0	230.0	-0.7275	-0.757085020242915	-784.0	-0.22672064777327935	-81.0	-2.263343018810216	-464.0	5.890891415284604	-391.0	6.027913057163434	9.0	
1812.0	-4.664341133146249	2745.0	-8.100779981291563	2.333509663741501	2467.0	0.0	1339.080810546875	43879.0	230.0	-0.7275	-0.757085020242915	-784.0	-0.22672064777327935	-81.0	-2.3398073099862366	-567.0	6.862511935338135	-455.0	7.618111079150834	14.0	
1814.0	-4.771338152197829	2744.0	-8.08619617216381	2.3086349841913716	2476.0	0.0	1358.612060546875	44519.0	230.0	-0.7275	-0.757085020242915	-784.0	-0.22672064777327935	-81.0	-2.263343018810216	-624.0	7.665885861507056	-508.0	8.500780386925642	9.0	
1824.0	-4.7948870441746365	2742.0	-8.060132988892184	2.1884388312261933	2478.0	0.0	1378.143310546875	45159.0	227.0	-0.735	-0.7591093117408907	-785.0	-0.22267206477732793	-83.0	-2.584493041749503	-654.0	9.012249533936412	-595.0	8.974578533393684	30.0	
1828.0	-4.890588796230145	2746.0	-8.106498670633556	2.138361728986473	2486.0	0.0	1397.674560546875	45799.0	227.0	-0.735	-0.7591093117408907	-785.0	-0.22267206477732793	-83.0	-2.46215017586787	-729.0	11.041483634824129	-728.0	10.14570714876193	22.0	
1830.0	-4.8662940381972275	2742.0	-8.057975248294184	2.1154787594714213	2484.0	0.0	1417.205810546875	46439.0	227.0	-0.735	-0.7591093117408907	-785.0	-0.22267206477732793	-83.0	-3.991435999388286	-809.0	13.074486286710775	-857.0	11.39359586793079	122.0	
1840.0	-4.842964864167006	2746.0	-8.106010226224376	1.994269423942276	2482.0	0.0	1436.737060546875	47079.0	231.0	-0.725	-0.7753036437246964	-793.0	-0.2692307692307692	-60.0	-5.0466432176173734	-881.0	14.98209015076369	-979.0	12.51747472995631	191.0	
1844.0	-4.784179610807853	2752.0	-8.179865842690074	1.945187393062216	2477.0	0.0	1456.268310546875	47719.0	231.0	-0.725	-0.7753036437246964	-793.0	-0.2692307692307692	-60.0	-5.337207524086252	-981.0	16.685627511839563	-1090.0	14.068958469379561	210.0	
1845.0	-4.761226982814701	2759.0	-8.265555424327236	1.93165493493832	2475.0	0.0	1475.799560546875	48359.0	231.0	-0.725	-0.7753036437246964	-793.0	-0.2692307692307692	-60.0	-4.847836060559719	-1098.0	18.201555152017963	-1191.0	15.879422333781957	178.0	
1848.0	-4.761345272142362	2760.0	-8.277384357093283	1.8952725950764697	2475.0	0.0	1495.330810546875	48999.0	232.0	-0.7225	-0.7692307692307693	-790.0	-0.23076923076923078	-79.0	-4.801957485854107	-1163.0	19.58939195948682	-1282.0	16.89069213963477	175.0	
1851.0	-4.821463020850573	2765.0	-8.336778275533526	1.8573389609073299	2480.0	0.0	1514.862060546875	49639.0	232.0	-0.7225	-0.7692307692307693	-790.0	-0.23076923076923078	-79.0	-4.710200336442882	-1183.0	21.27453164013725	-1392.0	17.21443320960377	169.0	
1854.0	-4.7748251465078795	2773.0	-8.43489560316891	1.819698414784796	2476.0	0.0	1534.393310546875	50279.0	232.0	-0.7225	-0.7692307692307693	-790.0	-0.23076923076923078	-79.0	-5.6736504052607435	-1163.0	22.80806332827711	-1489.0	16.922878853322672	232.0	
1848.0	-4.798637112539449	2773.0	-8.4351398253735	1.8917445673068947	2478.0	0.0	1553.924560546875	50919.0	232.0	-0.7225	-0.7692307692307693	-790.0	-0.23076923076923078	-79.0	-5.597186114084723	-1155.0	24.590394952795553	-1605.0	16.817946300302854	227.0	
1845.0	-4.822201660888654	2771.0	-8.41064227934158	1.9281434510572941	2480.0	0.0	1573.455810546875	51559.0	234.0	-0.7175	-0.7874493927125507	-799.0	-0.23481781376518218	-77.0	-5.153693225263802	-1109.0	26.64073001678051	-1739.0	16.132603402668956	198.0	
1853.0	-4.881581973895123	2770.0	-8.396292627607592	1.8314510987932344	2485.0	0.0	1592.987060546875	52199.0	234.0	-0.7175	-0.7874493927125507	-799.0	-0.23481781376518218	-77.0	-3.976143141153082	-1089.0	28.934569356701328	-1891.0	15.848652122905667	121.0	
1852.0	-4.857168926534546	2765.0	-8.335940272502173	1.8449504691400327	2483.0	0.0	1612.518310546875	52839.0	234.0	-0.7175	-0.7874493927125507	-799.0	-0.23481781376518218	-77.0	-2.9209359229239946	-1049.0	31.636268992963867	-2069.0	15.261889772943297	52.0	
1852.0	-4.679364790453045	2771.0	-8.41266952149493	1.8451939255209928	2468.0	0.0	1632.049560546875	53479.0	239.0	-0.705	-0.7995951417004049	-805.0	-0.22874493927125505	-80.0	-1.6363358311668452	-1074.0	34.734100106649	-2274.0	15.676480175533271	-32.0	
1850.0	-4.597513437118432	2783.0	-8.560867521367037	1.8671448645990651	2461.0	0.0	1651.580810546875	54119.0	239.0	-0.705	-0.7995951417004049	-805.0	-0.22874493927125505	-80.0	-0.3976143141153082	-1199.0	37.23395621954242	-2441.0	17.61953919392782	-113.0	
1830.0	-4.6806103092192375	2781.0	-8.537221398114239	2.1077506737648	2468.0	0.0	1671.112060546875	54759.0	239.0	-0.705	-0.7995951417004049	-805.0	-0.22874493927125505	-80.0	-0.5199571799969415	-1273.0	38.39642968416802	-2517.0	18.76665571927532	-105.0	
1833.0	-4.739874741570723	2779.0	-8.51128368088185	2.0715322054726797	2473.0	0.0	1690.643310546875	55399.0	239.0	-0.705	-0.7995951417004049	-805.0	-0.22874493927125505	-80.0	-2.660957332925524	-1212.0	38.53756245869353	-2520.0	17.832053543874952	35.0	
1839.0	-4.858891215620395	2779.0	-8.508169181087146	1.9981151741015712	2483.0	0.0	1710.174560546875	56039.0	240.0	-0.7025	-0.8036437246963563	-807.0	-0.20647773279352227	-91.0	-5.47484324820309	-1088.0	39.084411090066816	-2547.0	15.934806056581198	219.0	
1853.0	-4.822679635544649	2775.0	-8.458439744941066	1.8307971798300697	2480.0	0.0	1729.705810546875	56679.0	240.0	-0.7025	-0.8036437246963563	-807.0	-0.20647773279352227	-91.0	-9.573329255237805	-1041.0	40.39371792445832	-2621.0	15.226708392993242	487.0	
1857.0	-4.739845837498606	2779.0	-8.508393273670082	1.7824336761516124	2473.0	0.0	1749.237060546875	57319.0	240.0	-0.7025	-0.8036437246963563	-807.0	-0.20647773279352227	-91.0	-9.083957791711272	-1078.0	42.060346321450616	-2731.0	15.811120572313786	455.0	
1854.0	-4.883165499935563	2783.0	-8.554645231651511	1.8162200186808672	2485.0	0.0	1768.768310546875	57959.0	244.0	-0.6925	-0.8259109311740891	-818.0	-0.16194331983805668	-113.0	-8.258143447010246	-1154.0	43.953625971600545	-2857.0	16.99623412683278	401.0	
1852.0	-4.940973125928638	2769.0	-8.383026878578015	1.843170695024575	2490.0	0.0	1788.299560546875	58599.0	244.0	-0.6925	-0.8259109311740891	-818.0	-0.16194331983805668	-113.0	-10.58265789876128	-1179.0	44.93484274239661	-2915.0	17.38965838599386	553.0	
1854.0	-4.89311743255553	2767.0	-8.359362303172034	1.820026157924257	2486.0	0.0	1807.830810546875	59239.0	244.0	-0.6925	-0.8259109311740891	-818.0	-0.16194331983805668	-113.0	-11.546107967579141	-1051.0	46.34651841852536	-3003.0	15.439681234515163	616.0	
1853.0	-5.04784944697988	2767.0	-8.356373269416567	1.830586811226207	2499.0	0.0	1827.362060546875	59879.0	249.0	-0.68	-0.8380566801619433	-824.0	-0.10526315789473684	-141.0	-13.625936687566908	-1008.0	48.358889568781215	-3128.0	14.79999214871835	752.0	
1854.0	-5.022214967579874	2752.0	-8.173877710368313	1.8224448744300878	2497.0	0.0	1846.893310546875	60519.0	249.0	-0.68	-0.8380566801619433	-824.0	-0.10526315789473684	-141.0	-16.02691543049396	-1038.0	49.957625890477814	-3226.0	15.276314021679063	909.0	
1863.0	-5.032643670519497	2740.0	-8.026271813854498	1.716858970391209	2498.0	0.0	1866.424560546875	61159.0	249.0	-0.68	-0.8380566801619433	-824.0	-0.10526315789473684	-141.0	-17.75500841107203	-1056.0	51.638955602573894	-3331.0	15.569328024646273	1022.0	
1872.0	-5.008462384468887	2737.0	-7.989095589745881	1.6094105727941284	2496.0	0.0	1885.955810546875	61799.0	249.0	-0.68	-0.8380566801619433	-824.0	-0.10526315789473684	-141.0	-18.90197277871234	-1070.0	53.71293540437907	-3463.0	15.804890593878072	1097.0	
1875.0	-4.94797170273262	2729.0	-7.892408368500139	1.5758046457231527	2491.0	0.0	1905.487060546875	62439.0	256.0	-0.6625	-0.8481781376518218	-829.0	-0.048582995951417005	-169.0	-20.048937146352657	-1155.0	55.545311049930795	-3580.0	17.127495461274204	1172.0	
1882.0	-4.8155743742636785	2717.0	-7.7479136168440865	1.4956811646433728	2480.0	0.0	1925.018310546875	63079.0	256.0	-0.6625	-0.8481781376518218	-829.0	-0.048582995951417005	-169.0	-20.935922923994497	-1274.0	57.39283341053688	-3699.0	18.97196424019713	1230.0	
1881.0	-4.755088509872765	2709.0	-7.651708130133641	1.5102583257925755	2475.0	0.0	1944.549560546875	63719.0	256.0	-0.6625	-0.8481781376518218	-829.0	-0.048582995951417005	-169.0	-20.461844318703168	-1416.0	58.87477554491117	-3798.0	21.16570034099461	1199.0	
1870.0	-4.777199864872573	2695.0	-7.481891249162086	1.645963670343936	2477.0	0.0	1964.080810546875	64359.0	263.0	-0.645	-0.8502024291497976	-830.0	-0.012145748987854251	-187.0	-22.847530203395017	-1579.0	59.94493063393835	-3863.0	23.67755272815924	1355.0	
1858.0	-4.729239129871527	2692.0	-7.447722510962118	1.791704965710958	2473.0	0.0	1983.612060546875	64999.0	263.0	-0.645	-0.8502024291497976	-830.0	-0.012145748987854251	-187.0	-24.30035173573941	-1786.0	61.06330824711836	-3934.0	26.865044621522898	1450.0	
1872.0	-4.717807508502721	2696.0	-7.495036564557838	1.622198302057551	2472.0	0.0	2003.143310546875	103.0	263.0	-0.645	-0.8502024291497976	-830.0	-0.012145748987854251	-187.0	-22.4193301728093	-2118.0	61.767694699989384	-3988.0	31.96645706054908	1327.0	
1882.0	-4.828086255953825	2722.0	-7.808625595382504	1.494341806255703	2481.0	0.0	2022.674560546875	743.0	263.0	-0.645	-0.8502024291497976	-830.0	-0.012145748987854251	-187.0	-11.332007952286283	-2450.0	62.25767305621424	-4052.0	37.06572541860879	602.0	
1894.0	-4.974801118772615	2754.0	-8.194397591547109	1.3405809044512111	2493.0	0.0	2042.205810546875	1383.0	273.0	-0.62	-0.8623481781376519	-836.0	0.032388663967611336	-209.0	-4.144364581740327	-2785.0	64.81037082170107	-4240.0	42.23165442173551	132.0	
1894.0	-4.822752160091456	2776.0	-8.465692199621815	1.3366755018765284	2480.0	0.0	2061.737060546875	2023.0	273.0	-0.62	-0.8623481781376519	-836.0	0.032388663967611336	-209.0	-5.260743232910231	-3013.0	68.00384671656876	-4447.0	45.76213145473666	205.0	
1900.0	-4.694013106059108	2794.0	-8.68702489162515	1.2612470819502795	2469.0	0.0	2081.268310546875	2663.0	273.0	-0.62	-0.8623481781376519	-836.0	0.032388663967611336	-209.0	-8.288729163480655	-3011.0	69.94018477806345	-4565.0	45.75080586803536	403.0	
1918.0	-4.564771990644001	2808.0	-8.858151445352526	1.0422494921503649	2458.0	0.0	2100.799560546875	3303.0	268.0	-0.6325000000000001	-0.8502024291497976	-830.0	0.10526315789473684	-245.0	-9.863893561706684	-2861.0	70.39533653753863	-4589.0	43.45368483691137	506.0	
1925.0	-4.542177843642846	2818.0	-8.979689126189301	0.9557073306060504	2456.0	0.0	2120.330810546875	3943.0	268.0	-0.6325000000000001	-0.8502024291497976	-830.0	0.10526315789473684	-245.0	-10.062700718764338	-2692.0	70.82911609425194	-4615.0	40.8648048942554	519.0	
1926.0	-4.447079581589022	2819.0	-8.993672444616406	0.9443304540869624	2448.0	0.0	2139.862060546875	4583.0	268.0	-0.6325000000000001	-0.8502024291497976	-830.0	0.10526315789473684	-245.0	-11.13320079522863	-2594.0	72.04052121714221	-4690.0	39.37315954698806	589.0	
1936.0	-4.209629649773611	2824.0	-9.058203072599287	0.8249324131346154	2428.0	0.0	2159.393310546875	5223.0	275.0	-0.615	-0.8481781376518218	-829.0	0.16194331983805668	-273.0	-11.439057959932713	-2530.0	73.93902048728857	-4812.0	38.41009758556953	609.0	
1928.0	-4.019323266692671	2825.0	-9.075183812124216	0.9228814043436008	2412.0	0.0	2178.924560546875	5863.0	275.0	-0.615	-0.8481781376518218	-829.0	0.16194331983805668	-273.0	-12.433093745220983	-2421.0	75.54895354994468	-4913.0	36.75364819746048	674.0	
1934.0	-3.579659764444197	2831.0	-9.156452634895908	0.8533635062841459	2375.0	0.0	2198.455810546875	6503.0	275.0	-0.615	-0.8481781376518218	-829.0	0.16194331983805668	-273.0	-11.867257990518429	-2294.0	76.29946275843609	-4962.0	34.81240386496353	637.0	
1937.0	-3.3544863399999514	2839.0	-9.258157809518938	0.8174365587228747	2356.0	0.0	2217.987060546875	7143.0	275.0	-0.615	-0.8481781376518218	-829.0	0.16194331983805668	-273.0	-10.796757914054139	-2187.0	76.51915536578758	-4978.0	33.172741039617684	567.0	
1935.0	-2.8326130034248695	2854.0	-9.451776532963123	0.8428793031619106	2312.0	0.0	2237.518310546875	7783.0	269.0	-0.63	-0.8299595141700405	-820.0	0.2145748987854251	-299.0	-9.833307845236275	-2120.0	75.87567255997492	-4938.0	32.13822580646518	504.0	
1946.0	-2.7123570322906954	2844.0	-9.330941324307634	0.7139684465644343	2302.0	0.0	2257.049560546875	8423.0	269.0	-0.63	-0.8299595141700405	-820.0	0.2145748987854251	-299.0	-7.432329102309223	-2070.0	74.77218757418953	-4872.0	31.359966773701082	347.0	
1934.0	-2.3810555615239934	2860.0	-9.534127580970756	0.857796049391851	2274.0	0.0	2276.580810546875	9063.0	269.0	-0.63	-0.8299595141700405	-820.0	0.2145748987854251	-299.0	-2.660957332925524	-1897.0	72.42383415384504	-4730.0	28.68188756664203	35.0	
1929.0	-2.250257415467888	2861.0	-9.549551070598332	0.9190365249152821	2263.0	0.0	2296.112060546875	9703.0	272.0	-0.6225	-0.8016194331983806	-806.0	0.2692307692307692	-326.0	1.4528215323443954	-1774.0	70.43248598277638	-4610.0	26.774602594981978	-234.0	
1923.0	-2.058973405020869	2854.0	-9.468769073515462	0.9948541615879158	2247.0	0.0	2315.643310546875	10343.0	272.0	-0.6225	-0.8016194331983806	-806.0	0.2692307692307692	-326.0	3.1656216546872615	-1678.0	68.8252582676025	-4509.0	25.285459886650248	-346.0	
1908.0	-1.855797863594124	2847.0	-9.38931016893618	1.179197986660034	2230.0	0.0	2335.174560546875	10983.0	272.0	-0.6225	-0.8016194331983806	-806.0	0.2692307692307692	-326.0	3.5326502523321612	-1531.0	66.6029296592409	-4364.0	23.00759750282227	-370.0	
1898.0	-1.629908681502224	2849.0	-9.419439578793805	1.3013362179946437	2211.0	0.0	2354.705810546875	11623.0	272.0	-0.6225	-0.8016194331983806	-806.0	0.2692307692307692	-326.0	6.65239333231381	-1384.0	63.68603647042194	-4181.0	20.72278947318972	-574.0	
1897.0	-1.4278134003968201	2851.0	-9.448006706348663	1.3148340210256848	2194.0	0.0	2374.237060546875	12263.0	260.0	-0.6525	-0.7732793522267206	-792.0	0.31376518218623484	-348.0	12.524850894632207	-1292.0	60.48141927096596	-3987.0	19.27905080464767	-958.0	
1887.0	-1.1086556956375617	2869.0	-9.675093373279996	1.4339657924454943	2167.0	0.0	2393.768310546875	12903.0	260.0	-0.6525	-0.7732793522267206	-792.0	0.31376518218623484	-348.0	15.354029668144978	-1224.0	58.33306210295311	-3854.0	18.21414234421505	-1143.0	
1866.0	-1.1927289907681071	2875.0	-9.749089553001173	1.6846571840925364	2174.0	0.0	2413.299560546875	13543.0	260.0	-0.6525	-0.7732793522267206	-792.0	0.31376518218623484	-348.0	13.473008105214866	-1169.0	55.740490382701374	-3680.0	17.34427002581566	-1020.0	
1851.0	-1.0965528770656179	2867.0	-9.655287706561788	1.868217873724614	2166.0	0.0	2432.830810546875	14183.0	254.0	-0.6675	-0.7469635627530364	-779.0	0.3522267206477733	-367.0	11.484936534638326	-1038.0	50.333810086392475	-3322.0	15.28007586363821	-890.0	
1852.0	-1.1085759450727248	2868.0	-9.667118316796305	1.8558128380687684	2167.0	0.0	2452.362060546875	14823.0	254.0	-0.6675	-0.7469635627530364	-779.0	0.3522267206477733	-367.0	11.851965132283224	-739.0	43.459066673696405	-2873.0	10.623327815731901	-914.0	
1852.0	-1.2527453108573938	2879.0	-9.798340609548898	1.85174669855587	2179.0	0.0	2471.893310546875	15463.0	254.0	-0.6675	-0.7469635627530364	-779.0	0.3522267206477733	-367.0	14.788193913442424	-450.0	37.925818050984915	-2518.0	6.1334395523066885	-1106.0	
1847.0	-1.3597507602633412	2878.0	-9.784599835857913	1.9111924233910518	2188.0	0.0	2491.424560546875	16103.0	250.0	-0.6775	-0.7186234817813765	-765.0	0.3866396761133603	-384.0	7.7381862670133055	-228.0	30.413069703041355	-2009.0	2.651836696723524	-645.0	
1841.0	-1.287368547547348	2870.0	-9.689235707115762	1.9861126847195605	2182.0	0.0	2510.955810546875	16743.0	250.0	-0.6775	-0.7186234817813765	-765.0	0.3866396761133603	-384.0	1.1010857929346995	-30.0	26.094692971884616	-1709.0	-0.4295548348967746	-211.0	
1824.0	-1.4648274503365735	2861.0	-9.57798312889545	2.191382424364509	2197.0	0.0	2530.487060546875	17383.0	250.0	-0.6775	-0.7186234817813765	-765.0	0.3866396761133603	-384.0	-0.13763572411683744	217.0	20.814265889119874	-1360.0	-4.272446569281274	-130.0	
1830.0	-1.5121858996722743	2859.0	-9.551923300560766	2.119140879811339	2201.0	0.0	2550.018310546875	18023.0	250.0	-0.6775	-0.7186234817813765	-765.0	0.3866396761133603	-384.0	-0.3211500229392874	364.0	16.67598723213865	-1089.0	-6.569468453595447	-118.0	
1826.0	-1.6896291460891029	2850.0	-9.439105085100747	2.167815582740708	2216.0	0.0	2569.549560546875	18663.0	250.0	-0.6775	-0.7064777327935223	-759.0	0.4311740890688259	-406.0	-1.529285823520416	410.0	14.147406172106427	-921.0	-7.300600512469515	-39.0	
1821.0	-1.771001320431382	2834.0	-9.24298918599533	2.2311651428348154	2223.0	0.0	2589.080810546875	19303.0	250.0	-0.6775	-0.7064777327935223	-759.0	0.4311740890688259	-406.0	0.4434928888209207	455.0	12.660381846291111	-829.0	-8.005972520343288	-168.0	
1819.0	-1.7944427621075731	2831.0	-9.206180972662068	2.2557632782268877	2225.0	0.0	2608.612060546875	19943.0	250.0	-0.6775	-0.7064777327935223	-759.0	0.4311740890688259	-406.0	1.6669215476372536	427.0	11.653549496892333	-767.0	-7.586395301409779	-248.0	
1817.0	-1.8771522491442645	2826.0	-9.143796342997888	2.2802802614919733	2232.0	0.0	2628.143310546875	20583.0	255.0	-0.665	-0.7044534412955465	-758.0	0.4433198380566802	-412.0	0.9940357852882705	380.0	9.812185041453295	-646.0	-6.883618214032299	-204.0	
1810.0	-1.8651364071551868	2825.0	-9.13268833456631	2.3649599294780854	2231.0	0.0	2647.674560546875	21223.0	255.0	-0.665	-0.7044534412955465	-758.0	0.4433198380566802	-412.0	2.5233216088086867	348.0	7.146769853731655	-477.0	-6.419248888849519	-304.0	
1801.0	-1.947610519872896	2818.0	-9.04676627300386	2.474287364521917	2238.0	0.0	2667.205810546875	21863.0	255.0	-0.665	-0.7044534412955465	-758.0	0.4433198380566802	-412.0	5.750114696436764	342.0	5.032678764178483	-348.0	-6.348322897796301	-515.0	
1800.0	-2.1141230019673403	2817.0	-9.031347815781697	2.4849788016164998	2252.0	0.0	2686.737060546875	22503.0	255.0	-0.665	-0.7044534412955465	-758.0	0.4433198380566802	-412.0	7.050007646429118	323.0	3.347417738598886	-242.0	-6.073630318547724	-600.0	
1800.0	-2.1974395920147316	2817.0	-9.029673487187463	2.4841791222879106	2259.0	0.0	2706.268310546875	23143.0	254.0	-0.6675	-0.6821862348178138	-747.0	0.4716599190283401	-426.0	8.59458632818474	293.0	2.388956657021738	-184.0	-5.622880419619747	-701.0	
1794.0	-2.268739135736707	2816.0	-9.016770716527828	2.5560133388903896	2265.0	0.0	2725.799560546875	23783.0	254.0	-0.6675	-0.6821862348178138	-747.0	0.4716599190283401	-426.0	9.083957791711272	243.0	1.7003417160998675	-141.0	-4.862542386122721	-733.0	
1796.0	-2.2569562593939354	2817.0	-9.028959272726876	2.5317910109876673	2264.0	0.0	2745.330810546875	24423.0	254.0	-0.6675	-0.6821862348178138	-747.0	0.4716599190283401	-426.0	7.554671968190855	239.0	0.8841927981532973	-84.0	-4.809325940669687	-633.0	
1790.0	-2.3277681937692094	2812.0	-8.967295567397167	2.604605322377015	2270.0	0.0	2764.862060546875	25063.0	253.0	-0.67	-0.680161943319838	-746.0	0.48380566801619435	-432.0	4.052607432329102	293.0	-0.9669458403952944	46.0	-5.656439444593919	-404.0	
1786.0	-2.3040901734376975	2813.0	-8.980445915198333	2.652771866708645	2268.0	0.0	2784.393310546875	25703.0	253.0	-0.67	-0.680161943319838	-746.0	0.48380566801619435	-432.0	2.660957332925524	344.0	-3.5950848906861954	221.0	-6.465289501661196	-313.0	
1787.0	-2.48189310518286	2807.0	-8.903596232571752	2.6404826382726396	2283.0	0.0	2803.924560546875	26343.0	253.0	-0.67	-0.680161943319838	-746.0	0.48380566801619435	-432.0	3.3338430952745073	395.0	-5.336812336866032	333.0	-7.265275442687367	-357.0	
1788.0	-2.6241108292443878	2802.0	-8.839654353010218	2.628291105852171	2295.0	0.0	2823.455810546875	26983.0	253.0	-0.67	-0.6720647773279352	-742.0	0.4939271255060729	-437.0	3.440893102920936	408.0	-5.754378517567511	360.0	-7.468929392050004	-364.0	
1786.0	-2.683868892624265	2804.0	-8.863079738617024	2.6513214030484047	2300.0	0.0	2842.987060546875	27623.0	253.0	-0.67	-0.6720647773279352	-742.0	0.4939271255060729	-437.0	2.09512157822297	374.0	-5.56734324458757	351.0	-6.945346594943958	-276.0	
1786.0	-2.742405523964715	2796.0	-8.76436192028099	2.652710393101721	2305.0	0.0	2862.518310546875	28263.0	253.0	-0.67	-0.6720647773279352	-742.0	0.4939271255060729	-437.0	0.9787429270530663	338.0	-5.189840387478097	329.0	-6.389170154680366	-203.0	
1785.0	-2.7068215206174178	2797.0	-8.777390156979862	2.664853861172301	2302.0	0.0	2882.049560546875	28903.0	253.0	-0.67	-0.6720647773279352	-742.0	0.4939271255060729	-437.0	1.3763572411683744	327.0	-5.315096069870372	336.0	-6.221633391264916	-229.0	
1789.0	-2.813694228659646	2795.0	-8.750375246916944	2.616132661208799	2311.0	0.0	2901.580810546875	29543.0	251.0	-0.675	-0.6720647773279352	-742.0	0.4898785425101215	-435.0	1.8504358464597035	279.0	-5.249137668769313	330.0	-5.48443859166391	-260.0	
1790.0	-2.766083544296227	2795.0	-8.751211572479825	2.6045438487700916	2307.0	0.0	2921.112060546875	30183.0	251.0	-0.675	-0.6720647773279352	-742.0	0.4898785425101215	-435.0	0.8869857776418414	244.0	-5.3390192382182935	338.0	-4.948280479324027	-197.0	
1787.0	-2.765721450295216	2792.0	-8.715002172378739	2.6414162360253766	2307.0	0.0	2940.643310546875	30823.0	251.0	-0.675	-0.6720647773279352	-742.0	0.4898785425101215	-435.0	-0.5046643217617374	187.0	-5.353627124677784	342.0	-4.073790989675503	-106.0	
1782.0	-2.730264166629947	2794.0	-8.740702377280424	2.701497768619417	2304.0	0.0	2960.174560546875	31463.0	252.0	-0.6725	-0.6720647773279352	-742.0	0.48380566801619435	-432.0	-2.936228781159199	132.0	-5.98770630198111	389.0	-3.236185180251667	53.0	
1777.0	-2.7775139613286934	2791.0	-8.70377708525028	2.7620047403684547	2308.0	0.0	2979.705810546875	32103.0	252.0	-0.6725	-0.6720647773279352	-742.0	0.48380566801619435	-432.0	-3.593821685272978	101.0	-6.9197656006775	451.0	-2.769826779836759	96.0	
1781.0	-2.8133381563403264	2792.0	-8.714768014984976	2.7132339087393067	2311.0	0.0	2999.237060546875	32743.0	252.0	-0.6725	-0.6720647773279352	-742.0	0.48380566801619435	-432.0	-4.480807462914819	74.0	-6.91919373511565	453.0	-2.355520002411767	154.0	
1787.0	-2.8249894956557164	2790.0	-8.689425756047822	2.64133508389839	2312.0	0.0	3018.768310546875	33383.0	252.0	-0.6725	-0.6720647773279352	-742.0	0.48380566801619435	-432.0	-4.74078605291329	54.0	-6.388920053532738	419.0	-2.04332759243344	171.0	
1789.0	-2.766084748632565	2795.0	-8.75133200611365	2.616589620825136	2307.0	0.0	3038.299560546875	34023.0	255.0	-0.665	-0.6943319838056681	-753.0	0.4048582995951417	-393.0	-4.282000305857165	25.0	-5.996439911800764	392.0	-1.5944127649304982	141.0	
